"TOA5","35279","CR800","35279","CR800.Std.27.04","CPU:AWI_V2.1_Anja.CR8","15615","OperatorView"
"TIMESTAMP","RECORD","Counter","DepthCm","BattVolts","latitude_a","latitude_b","Longitude_a","Longitude_b","fix_quality","nmbr_satellites","HDOP","altitudeB","DepthVolts","LatitudeDDDDD","LongitudeDDDDD","month","dayofmonth","hourofday","minutes","seconds","microseconds"
"TS","RN","","","","degrees","minutes","degrees","minutes","unitless","","","","","","","","","","","",""
"","","Smp","Smp","Smp","Smp","Smp","Smp","Smp","Smp","Smp","Smp","Smp","Smp","Smp","Smp","Smp","Smp","Smp","Smp","Smp","Smp"
"2020-01-19 11:35:48.9",16571,100361,9.54,13.25,87,24.085,98,27.2976,1,12,0.7,-6.9,0.66,0.4014166,0.45496,1,19,11,35,48,220000
"2020-01-19 11:35:53.06",16572,100362,6.85,13.27,87,24.085,98,27.294,1,12,0.7,-6.9,0.48,0.4014166,0.4549,1,19,11,35,52,380000
"2020-01-19 11:35:55.54",16573,100363,4.159,13.25,87,24.0844,98,27.2873,1,12,0.7,-7.1,0.31,0.4014067,0.4547883,1,19,11,35,54,860000
"2020-01-19 11:35:57.37",16574,100364,5.168,13.25,87,24.0842,98,27.2848,1,12,0.7,-7.1,0.37,0.4014033,0.4547467,1,19,11,35,56,690000
"2020-01-19 11:35:59.18",16575,100365,4.944,13.26,87,24.0837,98,27.2799,1,12,0.7,-7,0.36,0.401395,0.454665,1,19,11,35,58,500000
"2020-01-19 11:36:01.05",16576,100366,4.832,13.25,87,24.0831,98,27.2714,1,12,0.7,-6.8,0.35,0.401385,0.4545234,1,19,11,36,0,370000
"2020-01-19 11:36:02.77",16577,100367,5.056,13.24,87,24.0824,98,27.263,1,12,0.7,-6.6,0.37,0.4013733,0.4543834,1,19,11,36,2,90000
"2020-01-19 11:36:04.47",16578,100368,4.496,13.25,87,24.082,98,27.2584,1,12,0.7,-6.4,0.33,0.4013667,0.4543067,1,19,11,36,3,790000
"2020-01-19 11:36:06.12",16579,100369,4.496,13.24,87,24.0812,98,27.2478,1,12,0.7,-6.1,0.33,0.4013533,0.45413,1,19,11,36,5,440000
"2020-01-19 11:36:07.82",16580,100370,5.168,13.24,87,24.0806,98,27.2394,1,12,0.7,-5.8,0.37,0.4013434,0.45399,1,19,11,36,7.000,140000
"2020-01-19 11:36:09.56",16581,100371,4.159,13.24,87,24.08,98,27.2325,1,12,0.7,-5.8,0.31,0.4013333,0.453875,1,19,11,36,8,880000
"2020-01-19 11:36:11.26",16582,100372,3.935,13.24,87,24.0797,98,27.2304,1,12,0.7,-5.8,0.29,0.4013284,0.45384,1,19,11,36,10,580000
"2020-01-19 11:36:12.96",16583,100373,4.215,13.24,87,24.0792,98,27.2265,1,12,0.7,-5.8,0.31,0.40132,0.453775,1,19,11,36,12,280000
"2020-01-19 11:36:14.58",16584,100374,4.271,13.24,87,24.0786,98,27.2202,1,12,0.7,-5.7,0.32,0.40131,0.45367,1,19,11,36,13,890000
"2020-01-19 11:36:18.42",16585,100375,4.496,13.24,87,24.0776,98,27.211,1,12,0.7,-5.4,0.33,0.4012933,0.4535167,1,19,11,36,17,740000
"2020-01-19 11:36:20.79",16586,100376,4.944,13.24,87,24.0775,98,27.2063,1,12,0.7,-5.3,0.36,0.4012917,0.4534384,1,19,11,36,20,110000
"2020-01-19 11:36:22.78",16587,100377,4.271,13.24,87,24.0771,98,27.2042,1,12,0.7,-5.4,0.32,0.401285,0.4534034,1,19,11,36,22,100000
"2020-01-19 11:36:24.54",16588,100378,5.168,13.24,87,24.0768,98,27.2023,1,12,0.7,-5.4,0.37,0.40128,0.4533716,1,19,11,36,23,850000
"2020-01-19 11:36:26.16",16589,100379,4.159,13.24,87,24.0762,98,27.1953,1,12,0.7,-5.2,0.31,0.40127,0.453255,1,19,11,36,25,480000
"2020-01-19 11:36:27.85",16590,100380,4.608,13.25,87,24.0755,98,27.1885,1,12,0.7,-5.1,0.34,0.4012584,0.4531416,1,19,11,36,27,170000
"2020-01-19 11:36:29.45",16591,100381,4.496,13.23,87,24.0752,98,27.1857,1,12,0.7,-5.2,0.33,0.4012533,0.453095,1,19,11,36,28,770000
"2020-01-19 11:36:31.17",16592,100382,4.384,13.24,87,24.0746,98,27.1812,1,12,0.7,-5.3,0.32,0.4012433,0.45302,1,19,11,36,30,490000
"2020-01-19 11:36:32.87",16593,100383,4.103,13.23,87,24.074,98,27.1741,1,12,0.7,-5.2,0.30,0.4012333,0.4529017,1,19,11,36,32,190000
"2020-01-19 11:36:34.58",16594,100384,4.72,13.23,87,24.0732,98,27.1649,1,12,0.7,-5.2,0.35,0.40122,0.4527483,1,19,11,36,33,900000
"2020-01-19 11:36:36.33",16595,100385,4.776,13.23,87,24.0728,98,27.1617,1,12,0.7,-5.1,0.35,0.4012133,0.452695,1,19,11,36,35,650000
"2020-01-19 11:36:37.9",16596,100386,5.281,13.23,87,24.0722,98,27.1599,1,12,0.7,-5.2,0.38,0.4012033,0.452665,1,19,11,36,37,220000
"2020-01-19 11:36:39.63",16597,100387,4.271,13.24,87,24.0715,98,27.1515,1,12,0.7,-5.3,0.32,0.4011917,0.452525,1,19,11,36,38,950000
"2020-01-19 11:36:41.22",16598,100388,4.72,13.23,87,24.0712,98,27.1484,1,12,0.7,-5.3,0.35,0.4011866,0.4524733,1,19,11,36,40,540000
"2020-01-19 11:36:42.84",16599,100389,5,13.24,87,24.0705,98,27.1423,1,12,0.7,-5.3,0.36,0.401175,0.4523716,1,19,11,36,42,160000
"2020-01-19 11:36:44.41",16600,100390,4.271,13.23,87,24.0702,98,27.141,1,12,0.7,-5.4,0.32,0.40117,0.45235,1,19,11,36,43,730000
"2020-01-19 11:36:45.99",16601,100391,4.271,13.23,87,24.0694,98,27.1345,1,12,0.7,-5.3,0.32,0.4011567,0.4522417,1,19,11,36,45,310000
"2020-01-19 11:36:47.57",16602,100392,4.271,13.23,87,24.0686,98,27.128,1,12,0.7,-5.3,0.32,0.4011434,0.4521333,1,19,11,36,46,890000
"2020-01-19 11:36:49.18",16603,100393,3.935,13.23,87,24.0682,98,27.1264,1,12,0.7,-5.4,0.29,0.4011367,0.4521066,1,19,11,36,48,500000
"2020-01-19 11:36:52.33",16604,100394,4.103,13.23,87,24.0671,98,27.118,1,12,0.7,-5.4,0.30,0.4011183,0.4519667,1,19,11,36,51,650000
"2020-01-19 11:36:54.5",16605,100395,4.047,13.23,87,24.0668,98,27.1164,1,12,0.7,-5.4,0.30,0.4011133,0.45194,1,19,11,36,53,820000
"2020-01-19 11:36:56.22",16606,100396,4.272,13.23,87,24.0666,98,27.1102,1,12,0.7,-5.5,0.32,0.40111,0.4518367,1,19,11,36,55,540000
"2020-01-19 11:36:57.87",16607,100397,5.393,13.22,87,24.0661,98,27.105,1,12,0.7,-5.4,0.39,0.4011016,0.45175,1,19,11,36,57,190000
"2020-01-19 11:36:59.56",16608,100398,5.617,13.23,87,24.0654,98,27.0993,1,12,0.7,-5.5,0.40,0.40109,0.451655,1,19,11,36,58,880000
"2020-01-19 11:37:01.23",16609,100399,4.216,13.22,87,24.065,98,27.097,1,12,0.7,-5.5,0.31,0.4010834,0.4516167,1,19,11,37,0,550000
"2020-01-19 11:37:02.79",16610,100400,7.860,13.23,87,24.0644,98,27.0913,1,12,0.7,-5.5,0.55,0.4010733,0.4515217,1,19,11,37,2,110000
"2020-01-19 11:37:04.43",16611,100401,4.944,13.23,87,24.0639,98,27.0887,1,12,0.7,-5.6,0.36,0.401065,0.4514783,1,19,11,37,3,750000
"2020-01-19 11:37:06.37",16612,100402,4.159,13.23,87,24.063,98,27.0786,1,12,0.7,-5.3,0.31,0.40105,0.45131,1,19,11,37,5,690000
"2020-01-19 11:37:07.93",16613,100403,4.44,13.22,87,24.0626,98,27.0713,1,12,0.7,-5.2,0.33,0.4010433,0.4511884,1,19,11,37,7.000,250000
"2020-01-19 11:37:09.52",16614,100404,4.047,13.23,87,24.0625,98,27.0704,1,12,0.7,-5.2,0.30,0.4010416,0.4511733,1,19,11,37,8,840000
"2020-01-19 11:37:11.12",16615,100405,3.935,13.22,87,24.0617,98,27.0609,1,12,0.7,-4.9,0.29,0.4010283,0.451015,1,19,11,37,10,440000
"2020-01-19 11:37:12.74",16616,100406,4.159,13.23,87,24.0609,98,27.0557,1,12,0.7,-4.7,0.31,0.401015,0.4509283,1,19,11,37,12,60000
"2020-01-19 11:37:14.36",16617,100407,3.823,13.22,87,24.0603,98,27.0507,1,12,0.7,-4.7,0.29,0.401005,0.450845,1,19,11,37,13,680000
"2020-01-19 11:37:16.05",16618,100408,3.879,13.22,87,24.0596,98,27.043,1,12,0.7,-4.7,0.29,0.4009934,0.4507166,1,19,11,37,15,370000
"2020-01-19 11:37:17.7",16619,100409,4.272,13.23,87,24.059,98,27.0369,1,12,0.7,-4.6,0.32,0.4009833,0.450615,1,19,11,37,17,20000
"2020-01-19 11:37:19.33",16620,100410,4.832,13.22,87,24.0586,98,27.0334,1,12,0.7,-4.7,0.35,0.4009766,0.4505567,1,19,11,37,18,650000
"2020-01-19 11:37:20.9",16621,100411,4.16,13.22,87,24.058,98,27.0262,1,12,0.7,-4.7,0.31,0.4009667,0.4504366,1,19,11,37,20,220000
"2020-01-19 11:37:22.47",16622,100412,4.608,13.22,87,24.0577,98,27.0229,1,12,0.7,-4.7,0.34,0.4009617,0.4503817,1,19,11,37,21,790000
"2020-01-19 11:37:24.18",16623,100413,4.944,13.22,87,24.057,98,27.0169,1,12,0.7,-4.8,0.36,0.40095,0.4502816,1,19,11,37,23,500000
"2020-01-19 11:37:25.81",16624,100414,4.72,13.22,87,24.0563,98,27.0093,1,12,0.7,-4.8,0.35,0.4009383,0.450155,1,19,11,37,25,130000
"2020-01-19 11:37:27.4",16625,100415,4.272,13.22,87,24.0559,98,27.0059,1,12,0.7,-4.9,0.32,0.4009317,0.4500983,1,19,11,37,26,720000
"2020-01-19 11:37:29.27",16626,100416,5.057,13.22,87,24.0552,98,26.998,1,12,0.7,-5,0.37,0.40092,0.4499666,1,19,11,37,28,590000
"2020-01-19 11:37:30.72",16627,100417,5.842,13.21,87,24.0546,98,26.9907,1,12,0.7,-5,0.42,0.40091,0.449845,1,19,11,37,30,40000
"2020-01-19 11:37:33.14",16628,100418,14.81,13.22,87,24.054,98,26.9834,1,12,0.7,-5.1,1.005,0.4009,0.4497233,1,19,11,37,32,460000
"2020-01-19 11:37:35.26",16629,100419,18.51,13.22,87,24.0538,98,26.9828,1,12,0.7,-5.1,1.247,0.4008967,0.4497133,1,19,11,37,34,580000
"2020-01-19 11:37:37.57",16630,100420,24.9,13.33,87,24.0531,98,26.9736,1,12,0.7,-4.8,1.665,0.400885,0.44956,1,19,11,37,36,890000
"2020-01-19 11:37:40.38",16631,100421,18.29,13.27,87,24.0527,98,26.9672,1,12,0.7,-4.8,1.232,0.4008784,0.4494533,1,19,11,37,39,700000
"2020-01-19 11:37:43.17",16632,100422,36.79,13.24,87,24.0522,98,26.9589,1,12,0.7,-4.8,2.442,0.40087,0.449315,1,19,11,37,42,490000
"2020-01-19 11:37:46.32",16633,100423,44.53,13.29,87,24.0517,98,26.9512,1,12,0.7,-4.7,2.948,0.4008617,0.4491867,1,19,11,37,45,640000
"2020-01-19 11:37:50.76",16634,100424,41,13.27,87,24.0511,98,26.9386,1,12,0.7,-4.9,2.717,0.4008517,0.4489767,1,19,11,37,50,80000
"2020-01-19 11:37:57.52",16635,100425,23.95,13.26,87,24.0513,98,26.9349,1,12,0.7,-5,1.602,0.400855,0.448915,1,19,11,37,56,840000
"2020-01-19 11:37:59.95",16636,100426,14.81,13.27,87,24.0504,98,26.9316,1,12,0.7,-5.2,1.005,0.40084,0.44886,1,19,11,37,59,270000
"2020-01-19 11:38:02.17",16637,100427,15.37,13.24,87,24.05,98,26.9256,1,12,0.7,-5.3,1.041,0.4008333,0.44876,1,19,11,38,1,490000
"2020-01-19 11:38:04.26",16638,100428,11.67,13.24,87,24.0495,98,26.9211,1,12,0.7,-5.3,0.80,0.400825,0.448685,1,19,11,38,3,580000
"2020-01-19 11:38:06.17",16639,100429,9.26,13.26,87,24.0489,98,26.9175,1,12,0.7,-5.3,0.64,0.400815,0.448625,1,19,11,38,5,490000
"2020-01-19 11:38:08.01",16640,100430,11.9,13.3,87,24.0484,98,26.9128,1,12,0.7,-5.4,0.81,0.4008067,0.4485467,1,19,11,38,7.000,330000
"2020-01-19 11:38:09.88",16641,100431,10.21,13.29,87,24.0478,98,26.9079,1,12,0.7,-5.5,0.70,0.4007967,0.448465,1,19,11,38,9,200000
"2020-01-19 11:38:11.83",16642,100432,9.65,13.3,87,24.0473,98,26.9019,1,12,0.7,-5.6,0.67,0.4007883,0.448365,1,19,11,38,11,150000
"2020-01-19 11:38:13.66",16643,100433,9.43,13.26,87,24.0467,98,26.8963,1,12,0.7,-5.7,0.65,0.4007783,0.4482717,1,19,11,38,12,980000
"2020-01-19 11:38:15.49",16644,100434,9.54,13.3,87,24.0464,98,26.8939,1,12,0.7,-5.7,0.66,0.4007734,0.4482317,1,19,11,38,14,810000
"2020-01-19 11:38:17.12",16645,100435,10.44,13.29,87,24.0458,98,26.8882,1,12,0.7,-5.8,0.72,0.4007633,0.4481367,1,19,11,38,16,440000
"2020-01-19 11:38:18.91",16646,100436,9.09,13.26,87,24.0453,98,26.8815,1,12,0.7,-5.9,0.63,0.400755,0.448025,1,19,11,38,18,230000
"2020-01-19 11:38:20.79",16647,100437,15.37,13.27,87,24.0446,98,26.8761,1,12,0.7,-5.9,1.041,0.4007433,0.447935,1,19,11,38,20,110000
"2020-01-19 11:38:22.83",16648,100438,13.24,13.37,87,24.044,98,26.8676,1,12,0.7,-5.9,0.90,0.4007334,0.4477933,1,19,11,38,22,150000
"2020-01-19 11:38:26.23",16649,100439,8.08,13.3,87,24.043,98,26.8558,1,12,0.7,-6.1,0.57,0.4007167,0.4475967,1,19,11,38,25,550000
"2020-01-19 11:38:28.7",16650,100440,8.14,13.32,87,24.0426,98,26.8533,1,12,0.7,-6.4,0.57,0.40071,0.447555,1,19,11,38,28,20000
"2020-01-19 11:38:30.82",16651,100441,8.53,13.32,87,24.0419,98,26.8461,1,12,0.7,-6.3,0.59,0.4006983,0.447435,1,19,11,38,30,140000
"2020-01-19 11:38:32.75",16652,100442,4.945,13.34,87,24.0413,98,26.8411,1,12,0.7,-6.6,0.36,0.4006883,0.4473517,1,19,11,38,32,70000
"2020-01-19 11:38:34.63",16653,100443,4.496,13.3,87,24.0407,98,26.8365,1,12,0.7,-6.5,0.33,0.4006783,0.447275,1,19,11,38,33,950000
"2020-01-19 11:38:36.36",16654,100444,4.216,13.27,87,24.0404,98,26.8349,1,12,0.7,-6.5,0.31,0.4006733,0.4472483,1,19,11,38,35,680000
"2020-01-19 11:38:37.98",16655,100445,4.16,13.29,87,24.0399,98,26.8291,1,12,0.7,-6.3,0.31,0.400665,0.4471517,1,19,11,38,37,300000
"2020-01-19 11:38:43.57",16656,100446,4.496,13.2,87,24.0391,98,26.8213,1,12,0.7,-6.3,0.33,0.4006517,0.4470217,1,19,11,38,42,890000
"2020-01-19 11:38:45.66",16657,100447,4.945,13.25,87,24.0389,98,26.8189,1,12,0.7,-6.4,0.36,0.4006483,0.4469816,1,19,11,38,44,980000
"2020-01-19 11:38:47.55",16658,100448,4.328,13.22,87,24.0387,98,26.8163,1,12,0.7,-6.4,0.32,0.400645,0.4469383,1,19,11,38,46,870000
"2020-01-19 11:39:07.84",16659,100449,4.496,13.22,87,24.0383,98,26.8073,1,12,0.7,-6.5,0.33,0.4006383,0.4467884,1,19,11,39,7.000,160000
"2020-01-19 11:39:09.7",16660,100450,4.945,13.22,87,24.0378,98,26.8058,1,12,0.7,-6.5,0.36,0.40063,0.4467633,1,19,11,39,9,20000
"2020-01-19 11:39:11.4",16661,100451,4.384,13.22,87,24.0374,98,26.8039,1,12,0.7,-6.5,0.32,0.4006233,0.4467316,1,19,11,39,10,720000
"2020-01-19 11:39:13.06",16662,100452,4.608,13.2,87,24.0369,98,26.7959,1,12,0.7,-6.4,0.34,0.400615,0.4465984,1,19,11,39,12,380000
"2020-01-19 11:39:14.75",16663,100453,4.496,13.2,87,24.0362,98,26.7888,1,12,0.7,-6.4,0.33,0.4006033,0.44648,1,19,11,39,14,70000
"2020-01-19 11:39:16.46",16664,100454,6.29,13.21,87,24.0359,98,26.7852,1,12,0.7,-6.4,0.45,0.4005984,0.44642,1,19,11,39,15,780000
"2020-01-19 11:39:18.04",16665,100455,4.384,13.21,87,24.0353,98,26.7771,1,12,0.7,-6.4,0.32,0.4005883,0.446285,1,19,11,39,17,360000
"2020-01-19 11:39:19.72",16666,100456,5.169,13.2,87,24.0346,98,26.7701,1,12,0.7,-6.4,0.37,0.4005766,0.4461683,1,19,11,39,19,40000
"2020-01-19 11:39:21.47",16667,100457,4.384,13.19,87,24.0343,98,26.7668,1,12,0.7,-6.5,0.32,0.4005717,0.4461133,1,19,11,39,20,790000
"2020-01-19 11:39:23.46",16668,100458,4.328,13.19,87,24.0337,98,26.7596,1,12,0.7,-6.5,0.32,0.4005617,0.4459933,1,19,11,39,22,780000
"2020-01-19 11:39:25.13",16669,100459,6.178,13.19,87,24.0332,98,26.7522,1,12,0.7,-6.4,0.44,0.4005533,0.44587,1,19,11,39,24,450000
"2020-01-19 11:39:27.23",16670,100460,4.72,13.2,87,24.0326,98,26.7467,1,12,0.7,-6.4,0.35,0.4005433,0.4457784,1,19,11,39,26,550000
"2020-01-19 11:39:29.01",16671,100461,7.412,13.19,87,24.0322,98,26.7418,1,12,0.7,-6.3,0.52,0.4005366,0.4456967,1,19,11,39,28,330000
"2020-01-19 11:39:30.75",16672,100462,5.393,13.25,87,24.0316,98,26.7345,1,12,0.7,-6.2,0.39,0.4005267,0.445575,1,19,11,39,30,70000
"2020-01-19 11:39:32.62",16673,100463,4.833,13.19,87,24.031,98,26.7284,1,12,0.7,-6.2,0.35,0.4005166,0.4454733,1,19,11,39,31,940000
"2020-01-19 11:39:34.7",16674,100464,4.945,13.19,87,24.0305,98,26.7211,1,12,0.7,-6.2,0.36,0.4005084,0.4453517,1,19,11,39,34,20000
"2020-01-19 11:39:36.6",16675,100465,4.384,13.19,87,24.0298,98,26.7136,1,12,0.7,-6.3,0.32,0.4004967,0.4452267,1,19,11,39,35,920000
"2020-01-19 11:39:38.41",16676,100466,4.216,13.19,87,24.0295,98,26.7094,1,12,0.7,-6.2,0.31,0.4004916,0.4451567,1,19,11,39,37,730000
"2020-01-19 11:39:40.22",16677,100467,10.1,13.2,87,24.0289,98,26.7024,1,12,0.7,-6.2,0.70,0.4004817,0.44504,1,19,11,39,39,540000
"2020-01-19 11:39:42.19",16678,100468,20.42,13.19,87,24.0282,98,26.6957,1,12,0.7,-6.2,1.371,0.40047,0.4449283,1,19,11,39,41,510000
"2020-01-19 11:39:44.21",16679,100469,30.4,13.19,87,24.0276,98,26.6903,1,12,0.7,-6.1,2.024,0.40046,0.4448384,1,19,11,39,43,530000
"2020-01-19 11:39:47.94",16680,100470,35.67,13.34,87,24.0265,98,26.6804,1,12,0.7,-6.3,2.369,0.4004417,0.4446734,1,19,11,39,47,260000
"2020-01-19 11:39:52.5",16681,100471,40.94,13.23,87,24.0265,98,26.6761,1,12,0.7,-6.4,2.714,0.4004417,0.4446016,1,19,11,39,51,820000
"2020-01-19 11:39:56.79",16682,100472,23.9,13.21,87,24.0254,98,26.6656,1,12,0.7,-6.5,1.599,0.4004234,0.4444266,1,19,11,39,56,110000
"2020-01-19 11:39:59.01",16683,100473,26.36,13.24,87,24.0251,98,26.6613,1,12,0.7,-6.6,1.76,0.4004184,0.444355,1,19,11,39,58,330000
"2020-01-19 11:40:01.27",16684,100474,23.28,13.19,87,24.0245,98,26.656,1,12,0.7,-6.6,1.558,0.4004083,0.4442667,1,19,11,40,0,590000
"2020-01-19 11:40:03.52",16685,100475,17.73,13.27,87,24.0241,98,26.646,1,12,0.7,-6.6,1.195,0.4004016,0.4441,1,19,11,40,2,840000
"2020-01-19 11:40:05.72",16686,100476,18.63,13.19,87,24.0234,98,26.638,1,12,0.7,-6.7,1.254,0.40039,0.4439667,1,19,11,40,5,40000
"2020-01-19 11:40:07.85",16687,100477,20.31,13.2,87,24.0229,98,26.6341,1,12,0.7,-6.6,1.364,0.4003816,0.4439016,1,19,11,40,7.000,170000
"2020-01-19 11:40:10.04",16688,100478,18.4,13.23,87,24.0224,98,26.6306,1,12,0.7,-6.5,1.239,0.4003733,0.4438433,1,19,11,40,9,360000
"2020-01-19 11:40:12.3",16689,100479,16.61,13.21,87,24.0219,98,26.6263,1,12,0.7,-6.4,1.122,0.400365,0.4437717,1,19,11,40,11,620000
"2020-01-19 11:40:14.45",16690,100480,19.19,13.26,87,24.0213,98,26.621,1,12,0.7,-6.4,1.291,0.400355,0.4436833,1,19,11,40,13,770000
"2020-01-19 11:40:16.57",16691,100481,26.03,13.2,87,24.0205,98,26.6151,1,12,0.7,-6.4,1.738,0.4003416,0.443585,1,19,11,40,15,890000
"2020-01-19 11:40:18.55",16692,100482,21.77,13.23,87,24.0203,98,26.613,1,12,0.7,-6.3,1.459,0.4003383,0.44355,1,19,11,40,17,860000
"2020-01-19 11:40:20.7",16693,100483,26.48,13.21,87,24.0195,98,26.6085,1,12,0.7,-6.4,1.768,0.400325,0.443475,1,19,11,40,20,20000
"2020-01-19 11:40:23.17",16694,100484,30.4,13.2,87,24.019,98,26.604,1,12,0.7,-6.3,2.024,0.4003166,0.4434,1,19,11,40,22,490000
"2020-01-19 11:40:25.67",16695,100485,44.64,13.21,87,24.0184,98,26.5991,1,12,0.7,-6.3,2.956,0.4003067,0.4433183,1,19,11,40,24,990000
"2020-01-19 11:40:28.7",16696,100486,16.78,13.26,87,24.0178,98,26.5944,1,11,0.7,-6.2,1.133,0.4002966,0.44324,1,19,11,40,28,20000
"2020-01-19 11:40:30.99",16697,100487,7.3,13.21,87,24.0175,98,26.5891,1,12,0.7,-6.3,0.51,0.4002916,0.4431516,1,19,11,40,30,310000
"2020-01-19 11:40:33.1",16698,100488,11.11,13.19,87,24.0171,98,26.587,1,12,0.7,-6.3,0.76,0.400285,0.4431167,1,19,11,40,32,420000
"2020-01-19 11:40:35.13",16699,100489,20.03,13.17,87,24.0166,98,26.5841,1,12,0.7,-6.1,1.346,0.4002767,0.4430684,1,19,11,40,34,450000
"2020-01-19 11:40:38.37",16700,100490,11.67,13.19,87,24.016,98,26.5801,1,12,0.7,-6.1,0.80,0.4002667,0.4430016,1,19,11,40,37,690000
"2020-01-19 11:40:40.54",16701,100491,12.35,13.18,87,24.0154,98,26.5767,1,12,0.7,-6.1,0.84,0.4002567,0.442945,1,19,11,40,39,860000
"2020-01-19 11:40:42.57",16702,100492,12.91,13.17,87,24.0149,98,26.5717,1,12,0.7,-6.1,0.88,0.4002484,0.4428616,1,19,11,40,41,890000
"2020-01-19 11:40:44.68",16703,100493,8.42,13.17,87,24.0144,98,26.5674,1,12,0.7,-6.1,0.59,0.40024,0.44279,1,19,11,40,44,0
"2020-01-19 11:40:46.71",16704,100494,4.945,13.19,87,24.0139,98,26.5639,1,12,0.7,-6.1,0.36,0.4002317,0.4427317,1,19,11,40,46,30000
"2020-01-19 11:40:48.84",16705,100495,4.496,13.18,87,24.0133,98,26.5601,1,12,0.7,-6.2,0.33,0.4002217,0.4426684,1,19,11,40,48,160000
"2020-01-19 11:40:50.85",16706,100496,5.618,13.17,87,24.0126,98,26.5551,1,12,0.7,-6.2,0.40,0.40021,0.442585,1,19,11,40,50,170000
"2020-01-19 11:40:52.89",16707,100497,4.272,13.18,87,24.0122,98,26.549,1,12,0.7,-6.1,0.32,0.4002033,0.4424833,1,19,11,40,52,210000
"2020-01-19 11:40:54.92",16708,100498,5.169,13.18,87,24.0118,98,26.5414,1,12,0.7,-6,0.37,0.4001967,0.4423567,1,19,11,40,54,240000
"2020-01-19 11:40:56.96",16709,100499,4.272,13.18,87,24.0113,98,26.5352,1,12,0.7,-5.9,0.32,0.4001883,0.4422533,1,19,11,40,56,280000
"2020-01-19 11:40:59.04",16710,100500,4.272,13.17,87,24.0109,98,26.5307,1,12,0.7,-6.1,0.32,0.4001817,0.4421783,1,19,11,40,58,360000
"2020-01-19 11:41:01.08",16711,100501,4.272,13.17,87,24.0105,98,26.5269,1,12,0.7,-5.9,0.32,0.400175,0.442115,1,19,11,41,0,400000
"2020-01-19 11:41:03.18",16712,100502,4.608,13.17,87,24.0099,98,26.5216,1,12,0.7,-5.8,0.34,0.400165,0.4420267,1,19,11,41,2,500000
"2020-01-19 11:41:05.19",16713,100503,7.076,13.17,87,24.0093,98,26.5174,1,12,0.7,-5.8,0.50,0.400155,0.4419567,1,19,11,41,4,510000
"2020-01-19 11:41:07.17",16714,100504,7.748,13.16,87,24.0088,98,26.5124,1,12,0.7,-5.7,0.54,0.4001467,0.4418734,1,19,11,41,6,490000
"2020-01-19 11:41:09.11",16715,100505,12.91,13.16,87,24.0083,98,26.5061,1,12,0.7,-5.7,0.88,0.4001384,0.4417683,1,19,11,41,8,430000
"2020-01-19 11:41:11.38",16716,100506,31.02,13.17,87,24.0078,98,26.4993,1,12,0.7,-5.6,2.065,0.40013,0.441655,1,19,11,41,10,700000
"2020-01-19 11:41:23.61",16717,100507,15.93,13.21,87,24.007,98,26.4852,1,12,0.7,-5.5,1.078,0.4001166,0.44142,1,19,11,41,22,920000
"2020-01-19 11:41:26.09",16718,100508,16.72,13.17,87,24.0068,98,26.4829,1,12,0.7,-5.4,1.129,0.4001133,0.4413817,1,19,11,41,25,410000
"2020-01-19 11:41:29.25",16719,100509,24.12,13.16,87,24.0061,98,26.4728,1,11,0.7,-5.3,1.614,0.4001017,0.4412133,1,19,11,41,28,570000
"2020-01-19 11:41:32.11",16720,100510,20.48,13.19,87,24.0057,98,26.4663,1,12,0.7,-5.3,1.375,0.400095,0.441105,1,19,11,41,31,430000
"2020-01-19 11:41:34.36",16721,100511,11,13.15,87,24.0052,98,26.462,1,12,0.7,-5.2,0.76,0.4000867,0.4410333,1,19,11,41,33,680000
"2020-01-19 11:41:36.7",16722,100512,13.69,13.16,87,24.0045,98,26.449,1,12,0.7,-5,0.93,0.400075,0.4408167,1,19,11,41,36,20000
"2020-01-19 11:41:38.97",16723,100513,5.73,13.16,87,24.004,98,26.4459,1,12,0.7,-4.9,0.41,0.4000667,0.440765,1,19,11,41,38,290000
"2020-01-19 11:41:41.29",16724,100514,4.889,13.15,87,24.0039,98,26.4448,1,12,0.7,-5,0.36,0.400065,0.4407467,1,19,11,41,40,610000
"2020-01-19 11:41:43.28",16725,100515,4.608,13.15,87,24.0037,98,26.4379,1,12,0.7,-4.9,0.34,0.4000617,0.4406317,1,19,11,41,42,600000
"2020-01-19 11:41:45.22",16726,100516,4.833,13.15,87,24.0034,98,26.4293,1,12,0.7,-4.9,0.35,0.4000567,0.4404883,1,19,11,41,44,540000
"2020-01-19 11:41:47.17",16727,100517,4.833,13.14,87,24.0028,98,26.4237,1,12,0.7,-4.8,0.35,0.4000467,0.440395,1,19,11,41,46,490000
"2020-01-19 11:41:49.16",16728,100518,4.496,13.15,87,24.0022,98,26.4158,1,12,0.7,-4.9,0.33,0.4000367,0.4402633,1,19,11,41,48,480000
"2020-01-19 11:41:51.12",16729,100519,4.608,13.15,87,24.0017,98,26.4094,1,12,0.7,-5,0.34,0.4000283,0.4401567,1,19,11,41,50,440000
"2020-01-19 11:41:53",16730,100520,4.328,13.15,87,24.0012,98,26.4012,1,12,0.7,-5,0.32,0.40002,0.44002,1,19,11,41,52,320000
"2020-01-19 11:41:55.56",16731,100521,4.945,13.28,87,24.0005,98,26.389,1,12,0.7,-5.1,0.36,0.4000083,0.4398166,1,19,11,41,54,880000
"2020-01-19 11:41:57.4",16732,100522,5.842,13.24,87,24.0004,98,26.3858,1,12,0.7,-5.2,0.42,0.4000067,0.4397633,1,19,11,41,56,720000
"2020-01-19 11:41:59.36",16733,100523,12.01,13.19,87,23.9999,98,26.3768,1,12,0.7,-5.2,0.82,0.3999983,0.4396134,1,19,11,41,58,680000
"2020-01-19 11:42:01.63",16734,100524,24.12,13.25,87,23.9991,98,26.3633,1,12,0.7,-5.1,1.614,0.399985,0.4393883,1,19,11,42,0,950000
"2020-01-19 11:42:03.81",16735,100525,21.77,13.21,87,23.9987,98,26.357,1,12,0.7,-5.1,1.46,0.3999783,0.4392834,1,19,11,42,3,130000
"2020-01-19 11:42:05.92",16736,100526,16.5,13.19,87,23.9982,98,26.3505,1,12,0.7,-5,1.115,0.39997,0.439175,1,19,11,42,5,240000
"2020-01-19 11:42:08.16",16737,100527,10.16,13.18,87,23.998,98,26.3473,1,12,0.7,-5.1,0.70,0.3999666,0.4391217,1,19,11,42,7.000,480000
"2020-01-19 11:42:10.01",16738,100528,5.618,13.18,87,23.9975,98,26.3401,1,12,0.7,-5.1,0.40,0.3999583,0.4390016,1,19,11,42,9,330000
"2020-01-19 11:42:11.88",16739,100529,5.842,13.18,87,23.997,98,26.3311,1,12,0.7,-5.2,0.42,0.39995,0.4388517,1,19,11,42,11,200000
"2020-01-19 11:42:13.68",16740,100530,5.057,13.17,87,23.9965,98,26.3212,1,12,0.7,-5.3,0.37,0.3999416,0.4386867,1,19,11,42,13,0
"2020-01-19 11:42:15.5",16741,100531,4.945,13.16,87,23.9963,98,26.3172,1,12,0.7,-5.3,0.36,0.3999383,0.43862,1,19,11,42,14,820000
"2020-01-19 11:42:17.22",16742,100532,4.833,13.16,87,23.9958,98,26.3084,1,12,0.7,-5.4,0.35,0.39993,0.4384733,1,19,11,42,16,540000
"2020-01-19 11:42:19.07",16743,100533,4.608,13.16,87,23.9953,98,26.2988,1,12,0.7,-5.5,0.34,0.3999217,0.4383133,1,19,11,42,18,390000
"2020-01-19 11:42:20.85",16744,100534,5.225,13.16,87,23.9947,98,26.2891,1,12,0.7,-5.5,0.38,0.3999117,0.4381517,1,19,11,42,20,170000
"2020-01-19 11:42:22.58",16745,100535,5.057,13.16,87,23.994,98,26.2816,1,12,0.7,-5.5,0.37,0.3999,0.4380267,1,19,11,42,21,900000
"2020-01-19 11:42:27.74",16746,100536,4.721,13.15,87,23.9935,98,26.2745,1,12,0.7,-5.5,0.35,0.3998917,0.4379083,1,19,11,42,27,60000
"2020-01-19 11:42:29.46",16747,100537,4.833,13.15,87,23.9935,98,26.2747,1,12,0.7,-5.5,0.35,0.3998917,0.4379116,1,19,11,42,28,780000
"2020-01-19 11:42:31.27",16748,100538,4.833,13.18,87,23.993,98,26.2655,1,12,0.7,-5.4,0.35,0.3998833,0.4377583,1,19,11,42,30,590000
"2020-01-19 11:42:32.84",16749,100539,5.506,13.17,87,23.9924,98,26.2582,1,12,0.7,-5.3,0.40,0.3998733,0.4376367,1,19,11,42,32,160000
"2020-01-19 11:42:34.47",16750,100540,5.169,13.18,87,23.9921,98,26.2545,1,12,0.7,-5.3,0.37,0.3998683,0.437575,1,19,11,42,33,790000
"2020-01-19 11:42:36.15",16751,100541,4.833,13.21,87,23.9913,98,26.2466,1,12,0.7,-5.3,0.35,0.399855,0.4374433,1,19,11,42,35,470000
"2020-01-19 11:42:37.72",16752,100542,4.608,13.21,87,23.9906,98,26.2384,1,12,0.7,-5.2,0.34,0.3998433,0.4373067,1,19,11,42,37,40000
"2020-01-19 11:42:39.32",16753,100543,5.169,13.17,87,23.9902,98,26.2351,1,12,0.7,-5.3,0.37,0.3998366,0.4372516,1,19,11,42,38,640000
"2020-01-19 11:42:40.94",16754,100544,5.169,13.17,87,23.9894,98,26.2268,1,12,0.7,-5.2,0.37,0.3998233,0.4371134,1,19,11,42,40,260000
"2020-01-19 11:42:42.55",16755,100545,4.665,13.16,87,23.9888,98,26.2183,1,12,0.7,-5.4,0.34,0.3998133,0.4369717,1,19,11,42,41,870000
"2020-01-19 11:42:45.58",16756,100546,4.552,13.17,87,23.9878,98,26.2098,1,12,0.7,-5.4,0.33,0.3997967,0.43683,1,19,11,42,44,900000
"2020-01-19 11:42:48.42",16757,100547,6.291,13.14,87,23.9876,98,26.206,1,12,0.7,-5.5,0.45,0.3997933,0.4367666,1,19,11,42,47,740000
"2020-01-19 11:42:50.35",16758,100548,5.73,13.18,87,23.9873,98,26.2026,1,12,0.7,-5.6,0.41,0.3997884,0.43671,1,19,11,42,49,670000
"2020-01-19 11:42:51.96",16759,100549,4.608,13.15,87,23.9868,98,26.1976,1,12,0.7,-5.6,0.34,0.39978,0.4366266,1,19,11,42,51,280000
"2020-01-19 11:42:53.63",16760,100550,4.272,13.14,87,23.9862,98,26.191,1,12,0.7,-5.7,0.32,0.39977,0.4365167,1,19,11,42,52,950000
"2020-01-19 11:42:55.27",16761,100551,4.272,13.17,87,23.9858,98,26.1876,1,12,0.7,-5.7,0.32,0.3997633,0.43646,1,19,11,42,54,590000
"2020-01-19 11:42:56.92",16762,100552,4.272,13.15,87,23.9851,98,26.1796,1,12,0.7,-5.7,0.32,0.3997517,0.4363266,1,19,11,42,56,240000
"2020-01-19 11:42:58.55",16763,100553,4.384,13.15,87,23.9847,98,26.1767,1,12,0.7,-5.7,0.32,0.399745,0.4362784,1,19,11,42,57,870000
"2020-01-19 11:43:00.16",16764,100554,4.384,13.15,87,23.984,98,26.1684,1,12,0.7,-5.7,0.32,0.3997333,0.43614,1,19,11,42,59,480000
"2020-01-19 11:43:01.84",16765,100555,4.721,13.14,87,23.9832,98,26.162,1,12,0.7,-5.8,0.35,0.39972,0.4360333,1,19,11,43,1,160000
"2020-01-19 11:43:03.43",16766,100556,4.945,13.13,87,23.9829,98,26.1586,1,12,0.7,-5.8,0.36,0.399715,0.4359766,1,19,11,43,2,750000
"2020-01-19 11:43:05.07",16767,100557,4.272,13.15,87,23.9821,98,26.1541,1,12,0.7,-5.9,0.32,0.3997016,0.4359017,1,19,11,43,4,390000
"2020-01-19 11:43:06.73",16768,100558,4.945,13.16,87,23.9815,98,26.1473,1,12,0.7,-5.9,0.36,0.3996917,0.4357883,1,19,11,43,6,50000
"2020-01-19 11:43:08.31",16769,100559,4.552,13.14,87,23.981,98,26.1457,1,12,0.7,-6,0.33,0.3996834,0.4357617,1,19,11,43,7.000,630000
"2020-01-19 11:43:10.01",16770,100560,4.833,13.14,87,23.9803,98,26.1391,1,12,0.7,-6,0.35,0.3996717,0.4356516,1,19,11,43,9,330000
"2020-01-19 11:43:11.59",16771,100561,5.506,13.14,87,23.9797,98,26.1299,1,12,0.7,-5.9,0.40,0.3996617,0.4354983,1,19,11,43,10,910000
"2020-01-19 11:43:13.16",16772,100562,4.777,13.13,87,23.9793,98,26.1252,1,12,0.7,-5.9,0.35,0.399655,0.43542,1,19,11,43,12,480000
"2020-01-19 11:43:14.78",16773,100563,4.44,13.14,87,23.9786,98,26.1227,1,12,0.7,-5.7,0.33,0.3996433,0.4353784,1,19,11,43,14,100000
"2020-01-19 11:43:16.38",16774,100564,4.496,13.13,87,23.9782,98,26.1197,1,12,0.7,-5.8,0.33,0.3996367,0.4353283,1,19,11,43,15,700000
"2020-01-19 11:43:17.96",16775,100565,4.496,13.13,87,23.9773,98,26.1109,1,12,0.7,-5.7,0.33,0.3996217,0.4351817,1,19,11,43,17,280000
"2020-01-19 11:43:19.51",16776,100566,4.496,13.14,87,23.977,98,26.1073,1,12,0.7,-5.7,0.33,0.3996166,0.4351216,1,19,11,43,18,830000
"2020-01-19 11:43:21.12",16777,100567,4.496,13.14,87,23.9762,98,26.0993,1,12,0.7,-5.8,0.33,0.3996033,0.4349884,1,19,11,43,20,440000
"2020-01-19 11:43:22.64",16778,100568,5.337,13.13,87,23.9755,98,26.092,1,12,0.7,-5.7,0.39,0.3995916,0.4348666,1,19,11,43,21,960000
"2020-01-19 11:43:24.29",16779,100569,4.552,13.14,87,23.9751,98,26.0888,1,12,0.7,-5.8,0.33,0.399585,0.4348134,1,19,11,43,23,610000
"2020-01-19 11:43:25.98",16780,100570,5.506,13.13,87,23.9744,98,26.0804,1,12,0.7,-5.8,0.40,0.3995733,0.4346733,1,19,11,43,25,300000
"2020-01-19 11:43:27.69",16781,100571,4.384,13.13,87,23.9736,98,26.0739,1,12,0.7,-5.9,0.32,0.39956,0.434565,1,19,11,43,27,10000
"2020-01-19 11:43:29.24",16782,100572,4.384,13.13,87,23.9732,98,26.0714,1,12,0.7,-6,0.32,0.3995533,0.4345233,1,19,11,43,28,560000
"2020-01-19 11:43:30.84",16783,100573,4.833,13.18,87,23.9726,98,26.0639,1,12,0.7,-5.9,0.35,0.3995434,0.4343983,1,19,11,43,30,160000
"2020-01-19 11:43:32.43",16784,100574,4.272,13.19,87,23.9722,98,26.0608,1,12,0.7,-6,0.32,0.3995367,0.4343467,1,19,11,43,31,750000
"2020-01-19 11:43:34.05",16785,100575,5.842,13.15,87,23.9715,98,26.0543,1,12,0.7,-6,0.42,0.399525,0.4342384,1,19,11,43,33,370000
"2020-01-19 11:43:35.71",16786,100576,5.057,13.15,87,23.9708,98,26.0476,1,12,0.7,-5.9,0.37,0.3995133,0.4341267,1,19,11,43,35,30000
"2020-01-19 11:43:37.36",16787,100577,5.169,13.15,87,23.9704,98,26.0448,1,12,0.7,-6,0.37,0.3995066,0.43408,1,19,11,43,36,680000
"2020-01-19 11:43:38.98",16788,100578,4.496,13.15,87,23.9697,98,26.0373,1,12,0.7,-6.1,0.33,0.399495,0.433955,1,19,11,43,38,300000
"2020-01-19 11:43:40.63",16789,100579,4.945,13.14,87,23.9691,98,26.029,1,12,0.7,-6.1,0.36,0.399485,0.4338166,1,19,11,43,39,950000
"2020-01-19 11:43:42.25",16790,100580,5.057,13.13,87,23.9686,98,26.0269,1,12,0.7,-6.1,0.37,0.3994766,0.4337816,1,19,11,43,41,570000
"2020-01-19 11:43:45.02",16791,100581,4.552,13.14,87,23.9676,98,26.0171,1,12,0.7,-6.2,0.33,0.39946,0.4336183,1,19,11,43,44,340000
"2020-01-19 11:43:46.84",16792,100582,4.945,13.12,87,23.9673,98,26.0147,1,12,0.7,-6.2,0.36,0.399455,0.4335784,1,19,11,43,46,160000
"2020-01-19 11:43:48.55",16793,100583,4.833,13.13,87,23.9668,98,26.0086,1,12,0.7,-6.3,0.35,0.3994467,0.4334766,1,19,11,43,47,870000
"2020-01-19 11:43:50.15",16794,100584,5.954,13.12,87,23.9665,98,26.0051,1,12,0.7,-6.2,0.43,0.3994416,0.4334183,1,19,11,43,49,470000
"2020-01-19 11:43:51.74",16795,100585,5.73,13.12,87,23.9658,98,25.9981,1,12,0.7,-6.2,0.41,0.39943,0.4333016,1,19,11,43,51,60000
"2020-01-19 11:43:53.26",16796,100586,5.45,13.12,87,23.9655,98,25.9961,1,12,0.7,-6.3,0.39,0.399425,0.4332683,1,19,11,43,52,580000
"2020-01-19 11:43:54.8",16797,100587,6.851,13.12,87,23.9647,98,25.9892,1,12,0.7,-6.3,0.48,0.3994117,0.4331533,1,19,11,43,54,120000
"2020-01-19 11:43:56.5",16798,100588,6.066,13.12,87,23.9644,98,25.9849,1,12,0.7,-6.3,0.43,0.3994066,0.4330816,1,19,11,43,55,820000
"2020-01-19 11:43:58.13",16799,100589,4.833,13.13,87,23.9637,98,25.9786,1,12,0.7,-6.3,0.35,0.399395,0.4329767,1,19,11,43,57,450000
"2020-01-19 11:43:59.8",16800,100590,5.393,13.12,87,23.9631,98,25.973,1,12,0.7,-6.4,0.39,0.399385,0.4328833,1,19,11,43,59,120000
"2020-01-19 11:44:01.34",16801,100591,7.188,13.12,87,23.9628,98,25.9696,1,12,0.7,-6.5,0.51,0.39938,0.4328267,1,19,11,44,0,660000
"2020-01-19 11:44:03.05",16802,100592,6.515,13.12,87,23.9621,98,25.9619,1,12,0.7,-6.3,0.46,0.3993683,0.4326983,1,19,11,44,2,370000
"2020-01-19 11:44:04.64",16803,100593,6.403,13.11,87,23.9615,98,25.9592,1,12,0.7,-6.4,0.46,0.3993583,0.4326533,1,19,11,44,3,960000
"2020-01-19 11:44:06.27",16804,100594,4.721,13.11,87,23.9611,98,25.9573,1,12,0.7,-6.4,0.35,0.3993516,0.4326216,1,19,11,44,5,590000
"2020-01-19 11:44:08.01",16805,100595,4.496,13.12,87,23.9605,98,25.9513,1,12,0.7,-6.4,0.33,0.3993417,0.4325217,1,19,11,44,7.000,330000
"2020-01-19 11:44:09.6",16806,100596,6.291,13.12,87,23.9599,98,25.9433,1,12,0.7,-6.3,0.45,0.3993316,0.4323883,1,19,11,44,8,920000
"2020-01-19 11:44:11.29",16807,100597,7.188,13.11,87,23.9596,98,25.9402,1,12,0.7,-6.3,0.51,0.3993267,0.4323367,1,19,11,44,10,610000
"2020-01-19 11:44:12.91",16808,100598,7.076,13.12,87,23.9589,98,25.94,1,11,0.8,-6.3,0.50,0.399315,0.4323334,1,19,11,44,12,230000
"2020-01-19 11:44:14.57",16809,100599,9.32,13.11,87,23.9582,98,25.9347,1,11,0.8,-6.4,0.65,0.3993034,0.432245,1,19,11,44,13,890000
"2020-01-19 11:44:16.29",16810,100600,5.393,13.11,87,23.9579,98,25.9323,1,11,0.8,-6.4,0.39,0.3992983,0.432205,1,19,11,44,15,610000
"2020-01-19 11:44:18.14",16811,100601,5.898,13.11,87,23.9573,98,25.9251,1,11,0.8,-6.2,0.42,0.3992883,0.432085,1,19,11,44,17,460000
"2020-01-19 11:44:19.71",16812,100602,5.73,13.12,87,23.9567,98,25.9206,1,11,0.8,-6.2,0.41,0.3992783,0.43201,1,19,11,44,19,30000
"2020-01-19 11:44:21.3",16813,100603,4.609,13.12,87,23.9564,98,25.9195,1,11,0.8,-6.3,0.34,0.3992733,0.4319917,1,19,11,44,20,620000
"2020-01-19 11:44:22.95",16814,100604,5.954,13.12,87,23.9557,98,25.9137,1,11,0.8,-6.5,0.43,0.3992616,0.431895,1,19,11,44,22,270000
"2020-01-19 11:44:24.54",16815,100605,5.73,13.11,87,23.955,98,25.9071,1,11,0.8,-6.7,0.41,0.39925,0.431785,1,19,11,44,23,850000
"2020-01-19 11:44:26.54",16816,100606,5.618,13.11,87,23.9544,98,25.8991,1,11,0.8,-6.5,0.40,0.39924,0.4316516,1,19,11,44,25,850000
"2020-01-19 11:44:28.07",16817,100607,5.674,13.11,87,23.9541,98,25.8967,1,11,0.8,-6.5,0.41,0.399235,0.4316116,1,19,11,44,27,390000
"2020-01-19 11:44:29.76",16818,100608,5.057,13.11,87,23.9536,98,25.893,1,11,0.8,-6.5,0.37,0.3992267,0.43155,1,19,11,44,29,80000
"2020-01-19 11:44:31.44",16819,100609,4.496,13.11,87,23.9532,98,25.8934,1,11,0.8,-6.6,0.33,0.39922,0.4315567,1,19,11,44,30,760000
"2020-01-19 11:44:33.02",16820,100610,4.552,13.11,87,23.9526,98,25.8895,1,11,0.8,-6.8,0.33,0.39921,0.4314917,1,19,11,44,32,340000
"2020-01-19 11:44:34.64",16821,100611,5.057,13.11,87,23.9521,98,25.884,1,11,0.8,-6.7,0.37,0.3992017,0.4314,1,19,11,44,33,960000
"2020-01-19 11:44:36.21",16822,100612,4.496,13.11,87,23.9516,98,25.8797,1,11,0.8,-6.7,0.33,0.3991933,0.4313283,1,19,11,44,35,530000
"2020-01-19 11:44:37.72",16823,100613,4.889,13.11,87,23.951,98,25.8652,1,11,0.8,-6.2,0.36,0.3991833,0.4310866,1,19,11,44,37,40000
"2020-01-19 11:44:39.52",16824,100614,5.057,13.11,87,23.9508,98,25.8586,1,11,0.8,-6.1,0.37,0.39918,0.4309767,1,19,11,44,38,830000
"2020-01-19 11:44:41.1",16825,100615,7.973,13.1,87,23.9503,98,25.8538,1,11,0.8,-6.2,0.56,0.3991717,0.4308967,1,19,11,44,40,420000
"2020-01-19 11:44:42.73",16826,100616,11.06,13.11,87,23.9496,98,25.8543,1,11,0.8,-6,0.76,0.39916,0.430905,1,19,11,44,42,50000
"2020-01-19 11:44:44.31",16827,100617,12.68,13.11,87,23.949,98,25.8552,1,11,0.8,-6.1,0.87,0.39915,0.43092,1,19,11,44,43,630000
"2020-01-19 11:44:46.14",16828,100618,10.89,13.12,87,23.9481,98,25.8538,1,11,0.8,-6,0.75,0.399135,0.4308967,1,19,11,44,45,460000
"2020-01-19 11:44:47.78",16829,100619,7.580,13.11,87,23.9475,98,25.8509,1,11,0.8,-6.2,0.53,0.399125,0.4308483,1,19,11,44,47,100000
"2020-01-19 11:44:49.36",16830,100620,8.14,13.1,87,23.9472,98,25.8473,1,11,0.8,-6.3,0.57,0.39912,0.4307883,1,19,11,44,48,680000
"2020-01-19 11:44:50.95",16831,100621,9.21,13.1,87,23.9465,98,25.8389,1,11,0.8,-6.3,0.64,0.3991084,0.4306483,1,19,11,44,50,270000
"2020-01-19 11:44:52.84",16832,100622,6.122,13.09,87,23.9458,98,25.8298,1,11,0.8,-6.2,0.44,0.3990967,0.4304967,1,19,11,44,52,160000
"2020-01-19 11:44:54.23",16833,100623,4.721,13.09,87,23.9455,98,25.8252,1,11,0.8,-6.2,0.35,0.3990917,0.43042,1,19,11,44,53,550000
"2020-01-19 11:44:55.77",16834,100624,4.44,13.12,87,23.9449,98,25.8119,1,11,0.8,-6.1,0.33,0.3990817,0.4301983,1,19,11,44,55,90000
"2020-01-19 11:44:57.37",16835,100625,4.16,13.11,87,23.9447,98,25.807,1,11,0.8,-6.1,0.31,0.3990783,0.4301166,1,19,11,44,56,690000
"2020-01-19 11:44:59.06",16836,100626,4.16,13.1,87,23.9442,98,25.7943,1,11,0.8,-5.8,0.31,0.39907,0.429905,1,19,11,44,58,380000
"2020-01-19 11:45:01.03",16837,100627,5.562,13.1,87,23.9436,98,25.7825,1,11,0.8,-5.7,0.4,0.39906,0.4297083,1,19,11,45,0,350000
"2020-01-19 11:45:02.46",16838,100628,5.057,13.11,87,23.9432,98,25.7785,1,11,0.8,-5.7,0.37,0.3990533,0.4296417,1,19,11,45,1,780000
"2020-01-19 11:45:04.05",16839,100629,4.384,13.11,87,23.9425,98,25.7665,1,11,0.8,-5.6,0.32,0.3990416,0.4294417,1,19,11,45,3,370000
"2020-01-19 11:45:05.58",16840,100630,4.609,13.11,87,23.9416,98,25.7665,1,11,0.8,-5.6,0.34,0.3990267,0.4294417,1,19,11,45,4,890000
"2020-01-19 11:45:07.17",16841,100631,4.496,13.09,87,23.9413,98,25.7619,1,11,0.8,-5.7,0.33,0.3990216,0.429365,1,19,11,45,6,490000
"2020-01-19 11:45:08.73",16842,100632,5.954,13.1,87,23.9406,98,25.7567,1,11,0.8,-5.4,0.43,0.39901,0.4292784,1,19,11,45,8,50000
"2020-01-19 11:45:10.46",16843,100633,4.833,13.13,87,23.9403,98,25.7526,1,11,0.8,-5.5,0.35,0.399005,0.42921,1,19,11,45,9,780000
"2020-01-19 11:45:12.09",16844,100634,4.833,13.22,87,23.9397,98,25.7431,1,11,0.8,-5.4,0.35,0.398995,0.4290517,1,19,11,45,11,410000
"2020-01-19 11:45:13.75",16845,100635,5.001,13.19,87,23.939,98,25.7353,1,11,0.8,-5.3,0.36,0.3989833,0.4289217,1,19,11,45,13,70000
"2020-01-19 11:45:15.44",16846,100636,4.721,13.19,87,23.9387,98,25.7322,1,11,0.8,-5.4,0.35,0.3989783,0.42887,1,19,11,45,14,760000
"2020-01-19 11:45:17.42",16847,100637,4.048,13.15,87,23.9381,98,25.7248,1,11,0.8,-5.4,0.30,0.3989683,0.4287467,1,19,11,45,16,740000
"2020-01-19 11:45:28.57",16848,100638,4.609,13.13,87,23.9381,98,25.7103,1,11,0.8,-4.9,0.34,0.3989683,0.428505,1,19,11,45,27,880000
"2020-01-19 11:45:30.19",16849,100639,4.833,13.11,87,23.9374,98,25.7024,1,11,0.8,-4.6,0.35,0.3989567,0.4283733,1,19,11,45,29,510000
"2020-01-19 11:45:31.8",16850,100640,4.384,13.11,87,23.9369,98,25.6942,1,11,0.8,-4.4,0.32,0.3989483,0.4282367,1,19,11,45,31,120000
"2020-01-19 11:45:33.49",16851,100641,8.08,13.16,87,23.9366,98,25.6893,1,11,0.8,-4.3,0.57,0.3989433,0.428155,1,19,11,45,32,810000
"2020-01-19 11:45:35.27",16852,100642,17.67,13.15,87,23.9359,98,25.6778,1,10,0.8,-4.1,1.192,0.3989316,0.4279633,1,19,11,45,34,590000
"2020-01-19 11:45:37.1",16853,100643,17.9,13.23,87,23.9352,98,25.6759,1,10,0.8,-4,1.206,0.39892,0.4279317,1,19,11,45,36,420000
"2020-01-19 11:45:38.85",16854,100644,19.75,13.22,87,23.9347,98,25.6685,1,10,0.8,-4,1.328,0.3989116,0.4278084,1,19,11,45,38,170000
"2020-01-19 11:45:40.71",16855,100645,14.25,13.22,87,23.9341,98,25.6669,1,10,0.8,-4.2,0.97,0.3989016,0.4277817,1,19,11,45,40,30000
"2020-01-19 11:45:42.55",16856,100646,9.88,13.15,87,23.9337,98,25.6667,1,10,0.8,-4.3,0.68,0.398895,0.4277783,1,19,11,45,41,860000
"2020-01-19 11:45:44.35",16857,100647,6.403,13.14,87,23.933,98,25.6573,1,10,0.8,-4.2,0.46,0.3988834,0.4276217,1,19,11,45,43,670000
"2020-01-19 11:45:45.91",16858,100648,5.057,13.13,87,23.9325,98,25.6414,1,10,0.8,-3.7,0.37,0.398875,0.4273567,1,19,11,45,45,230000
"2020-01-19 11:45:47.53",16859,100649,5.057,13.12,87,23.9321,98,25.6321,1,10,0.8,-3.7,0.37,0.3988684,0.4272016,1,19,11,45,46,840000
"2020-01-19 11:45:49.31",16860,100650,4.945,13.13,87,23.9318,98,25.6253,1,10,0.8,-3.5,0.36,0.3988634,0.4270883,1,19,11,45,48,630000
"2020-01-19 11:45:51.05",16861,100651,4.272,13.13,87,23.9311,98,25.6197,1,10,0.8,-3.1,0.32,0.3988517,0.426995,1,19,11,45,50,370000
"2020-01-19 11:45:52.59",16862,100652,4.272,13.11,87,23.9303,98,25.6164,1,10,0.8,-3.1,0.32,0.3988384,0.42694,1,19,11,45,51,910000
"2020-01-19 11:45:54.2",16863,100653,4.833,13.11,87,23.9297,98,25.6141,1,10,0.8,-3.1,0.35,0.3988284,0.4269017,1,19,11,45,53,520000
"2020-01-19 11:45:55.77",16864,100654,7.356,13.09,87,23.9292,98,25.6069,1,10,0.8,-3,0.52,0.39882,0.4267816,1,19,11,45,55,90000
"2020-01-19 11:45:57.46",16865,100655,9.26,13.19,87,23.9289,98,25.6003,1,10,0.8,-3,0.64,0.398815,0.4266716,1,19,11,45,56,780000
"2020-01-19 11:45:59.43",16866,100656,11.11,13.22,87,23.9283,98,25.5882,1,10,0.8,-2.7,0.76,0.398805,0.42647,1,19,11,45,58,750000
"2020-01-19 11:46:01.09",16867,100657,13.02,13.16,87,23.9278,98,25.58,1,10,0.8,-2.5,0.89,0.3987966,0.4263333,1,19,11,46,0,410000
"2020-01-19 11:46:02.8",16868,100658,11.22,13.14,87,23.9273,98,25.5748,1,10,0.8,-2.6,0.77,0.3987883,0.4262467,1,19,11,46,2,120000
"2020-01-19 11:46:05.25",16869,100659,29,13.2,87,23.9268,98,25.5716,1,10,0.8,-2.7,1.933,0.39878,0.4261933,1,19,11,46,4,570000
"2020-01-19 11:46:08.18",16870,100660,36.12,13.29,87,23.9263,98,25.5634,1,10,0.8,-2.4,2.398,0.3987717,0.4260567,1,19,11,46,7.000,500000
"2020-01-19 11:46:12.97",16871,100661,37.24,13.22,87,23.9258,98,25.5583,1,10,0.8,-2.5,2.472,0.3987633,0.4259716,1,19,11,46,12,290000
"2020-01-19 11:46:16.22",16872,100662,30.91,13.22,87,23.9253,98,25.5554,1,10,0.8,-2.5,2.057,0.398755,0.4259234,1,19,11,46,15,540000
"2020-01-19 11:46:18.6",16873,100663,23.84,13.17,87,23.9244,98,25.5533,1,10,0.8,-2.8,1.595,0.39874,0.4258884,1,19,11,46,17,920000
"2020-01-19 11:46:20.74",16874,100664,18.63,13.18,87,23.9239,98,25.5518,1,10,0.8,-2.8,1.254,0.3987317,0.4258633,1,19,11,46,20,60000
"2020-01-19 11:46:22.9",16875,100665,12.12,13.13,87,23.9232,98,25.5486,1,10,0.8,-2.8,0.83,0.39872,0.42581,1,19,11,46,22,220000
"2020-01-19 11:46:25.03",16876,100666,8.59,13.11,87,23.9229,98,25.5377,1,10,0.8,-2.5,0.60,0.398715,0.4256283,1,19,11,46,24,350000
"2020-01-19 11:46:27.03",16877,100667,17.79,13.11,87,23.9224,98,25.5433,1,10,0.8,-2.6,1.199,0.3987066,0.4257217,1,19,11,46,26,350000
"2020-01-19 11:46:29.21",16878,100668,6.179,13.11,87,23.9218,98,25.5434,1,10,0.8,-2.3,0.44,0.3986967,0.4257234,1,19,11,46,28,530000
"2020-01-19 11:46:31.04",16879,100669,7.412,13.19,87,23.9212,98,25.5413,1,10,0.8,-2.5,0.52,0.3986867,0.4256883,1,19,11,46,30,360000
"2020-01-19 11:46:32.62",16880,100670,9.60,13.12,87,23.9205,98,25.5407,1,10,0.8,-2.6,0.66,0.398675,0.4256784,1,19,11,46,31,940000
"2020-01-19 11:46:34.27",16881,100671,8.2,13.11,87,23.9201,98,25.54,1,10,0.8,-2.7,0.57,0.3986683,0.4256667,1,19,11,46,33,590000
"2020-01-19 11:46:36.02",16882,100672,15.26,13.12,87,23.9195,98,25.5358,1,10,0.8,-2.6,1.034,0.3986583,0.4255967,1,19,11,46,35,340000
"2020-01-19 11:46:38.05",16883,100673,25.02,13.21,87,23.9189,98,25.5333,1,10,0.8,-2.7,1.672,0.3986483,0.425555,1,19,11,46,37,370000
"2020-01-19 11:46:41.24",16884,100674,24.79,13.16,87,23.9182,98,25.5281,1,10,0.8,-2.4,1.658,0.3986367,0.4254683,1,19,11,46,40,560000
"2020-01-19 11:49:40.6",16885,100675,5.506,13.15,87,23.9062,98,24.534,1,10,0.8,-2.8,0.40,0.3984367,0.4089,1,19,11,49,39,920000
