"TOA5","35279","CR800","35279","CR800.Std.27.04","CPU:AWI_V2.1_Anja.CR8","15615","OperatorView"
"TIMESTAMP","RECORD","Counter","DepthCm","BattVolts","latitude_a","latitude_b","Longitude_a","Longitude_b","fix_quality","nmbr_satellites","HDOP","altitudeB","DepthVolts","LatitudeDDDDD","LongitudeDDDDD","month","dayofmonth","hourofday","minutes","seconds","microseconds"
"TS","RN","","","","degrees","minutes","degrees","minutes","unitless","","","","","","","","","","","",""
"","","Smp","Smp","Smp","Smp","Smp","Smp","Smp","Smp","Smp","Smp","Smp","Smp","Smp","Smp","Smp","Smp","Smp","Smp","Smp","Smp"
"2020-01-19 11:20:12.62",16215,100005,6.288,13.61,87,23.8699,98,25.1064,1,10,0.8,-1.8,0.45,0.3978316,0.41844,1,19,11,20,11,940000
"2020-01-19 11:20:20.35",16216,100006,10.32,13.58,87,23.8704,98,25.1098,1,10,0.8,-1.2,0.71,0.39784,0.4184967,1,19,11,20,19,670000
"2020-01-19 11:20:23.2",16217,100007,8.92,13.59,87,23.8707,98,25.1151,1,10,0.8,-0.8,0.62,0.397845,0.418585,1,19,11,20,22,520000
"2020-01-19 11:20:25.88",16218,100008,6.737,13.6,87,23.8714,98,25.1242,1,10,0.8,-0.5,0.48,0.3978567,0.4187367,1,19,11,20,25,200000
"2020-01-19 11:20:28.49",16219,100009,6.064,13.59,87,23.8718,98,25.1287,1,10,0.8,-0.2,0.43,0.3978633,0.4188117,1,19,11,20,27,810000
"2020-01-19 11:20:31.56",16220,100010,5.84,13.59,87,23.8729,98,25.1365,1,10,0.8,0,0.42,0.3978816,0.4189416,1,19,11,20,30,880000
"2020-01-19 11:20:34.23",16221,100011,6.737,13.59,87,23.8733,98,25.1375,1,10,0.8,0,0.48,0.3978883,0.4189583,1,19,11,20,33,550000
"2020-01-19 11:20:37.3",16222,100012,6.737,13.58,87,23.874,98,25.1393,1,10,0.8,-0.2,0.48,0.3979,0.4189883,1,19,11,20,36,610000
"2020-01-19 11:20:39.91",16223,100013,6.4,13.58,87,23.8746,98,25.1379,1,10,0.8,-0.5,0.46,0.39791,0.418965,1,19,11,20,39,230000
"2020-01-19 11:20:42.78",16224,100014,6.625,13.58,87,23.8754,98,25.1386,1,10,0.8,-0.8,0.47,0.3979234,0.4189767,1,19,11,20,42,100000
"2020-01-19 11:20:45.74",16225,100015,7.97,13.58,87,23.8761,98,25.144,1,10,0.8,-0.6,0.56,0.397935,0.4190666,1,19,11,20,45,50000
"2020-01-19 11:20:48.6",16226,100016,6.961,13.58,87,23.8767,98,25.1513,1,10,0.8,-0.3,0.49,0.397945,0.4191884,1,19,11,20,47,920000
"2020-01-19 11:20:51.59",16227,100017,7.073,13.58,87,23.8773,98,25.1551,1,10,0.8,-0.1,0.50,0.397955,0.4192516,1,19,11,20,50,910000
"2020-01-19 11:20:54.65",16228,100018,6.008,13.57,87,23.878,98,25.1578,1,10,0.8,-0.1,0.43,0.3979667,0.4192967,1,19,11,20,53,970000
"2020-01-19 11:20:57.62",16229,100019,6.288,13.56,87,23.8788,98,25.1585,1,10,0.8,-0.4,0.45,0.39798,0.4193083,1,19,11,20,56,940000
"2020-01-19 11:21:00.4",16230,100020,6.737,13.56,87,23.8792,98,25.161,1,10,0.8,-0.3,0.48,0.3979867,0.41935,1,19,11,20,59,720000
"2020-01-19 11:21:03.22",16231,100021,6.737,13.56,87,23.8799,98,25.1659,1,10,0.8,0,0.48,0.3979983,0.4194316,1,19,11,21,2,540000
"2020-01-19 11:21:06.1",16232,100022,7.858,13.56,87,23.8806,98,25.1683,1,10,0.8,0,0.55,0.39801,0.4194717,1,19,11,21,5,420000
"2020-01-19 11:21:09.11",16233,100023,6.849,13.56,87,23.8813,98,25.1678,1,10,0.8,-0.1,0.48,0.3980217,0.4194633,1,19,11,21,8,430000
"2020-01-19 11:21:12.3",16234,100024,4.046,13.55,87,23.8819,98,25.1718,1,10,0.8,0,0.30,0.3980317,0.41953,1,19,11,21,11,620000
"2020-01-19 11:21:15.68",16235,100025,4.943,13.55,87,23.8828,98,25.1735,1,10,0.8,-0.1,0.36,0.3980466,0.4195584,1,19,11,21,15,0
"2020-01-19 11:21:20.92",16236,100026,4.943,13.55,87,23.8832,98,25.172,1,10,0.8,0,0.36,0.3980533,0.4195334,1,19,11,21,20,240000
"2020-01-19 11:21:23.8",16237,100027,5.167,13.55,87,23.884,98,25.1742,1,10,0.8,-0.1,0.37,0.3980667,0.41957,1,19,11,21,23,120000
"2020-01-19 11:21:26.67",16238,100028,4.607,13.55,87,23.8848,98,25.1777,1,10,0.8,-0.1,0.34,0.39808,0.4196283,1,19,11,21,25,990000
"2020-01-19 11:21:29.59",16239,100029,3.934,13.54,87,23.8855,98,25.1812,1,10,0.8,0,0.29,0.3980917,0.4196867,1,19,11,21,28,910000
"2020-01-19 11:21:32.56",16240,100030,4.719,13.55,87,23.8862,98,25.1844,1,10,0.8,-0.1,0.35,0.3981033,0.41974,1,19,11,21,31,870000
"2020-01-19 11:21:35.47",16241,100031,6.288,13.53,87,23.8866,98,25.1867,1,10,0.8,0,0.45,0.39811,0.4197784,1,19,11,21,34,790000
"2020-01-19 11:21:38.63",16242,100032,13.63,13.53,87,23.8876,98,25.1901,1,10,0.8,-0.1,0.93,0.3981267,0.419835,1,19,11,21,37,950000
"2020-01-19 11:21:42.11",16243,100033,26.63,13.53,87,23.8883,98,25.1951,1,10,0.8,0,1.778,0.3981384,0.4199184,1,19,11,21,41,430000
"2020-01-19 11:21:46.01",16244,100034,21.53,13.53,87,23.889,98,25.1973,1,10,0.8,0,1.444,0.39815,0.419955,1,19,11,21,45,330000
"2020-01-19 11:21:49.93",16245,100035,11.11,13.54,87,23.8901,98,25.2008,1,10,0.8,-0.2,0.76,0.3981684,0.4200133,1,19,11,21,49,250000
"2020-01-19 11:21:53.31",16246,100036,6.064,13.53,87,23.8908,98,25.2033,1,10,0.8,-0.3,0.43,0.39818,0.420055,1,19,11,21,52,630000
"2020-01-19 11:21:56.61",16247,100037,10.77,13.53,87,23.8917,98,25.2049,1,10,0.8,-0.3,0.74,0.398195,0.4200817,1,19,11,21,55,930000
"2020-01-19 11:22:00.89",16248,100038,24.11,13.52,87,23.8926,98,25.2091,1,10,0.8,-0.4,1.613,0.39821,0.4201517,1,19,11,22,0,210000
"2020-01-19 11:22:04.25",16249,100039,29.44,13.52,87,23.8933,98,25.2104,1,10,0.8,-0.4,1.961,0.3982216,0.4201733,1,19,11,22,3,570000
"2020-01-19 11:22:07.78",16250,100040,5.84,13.53,87,23.8942,98,25.2132,1,10,0.8,-0.3,0.42,0.3982367,0.42022,1,19,11,22,7.000,100000
"2020-01-19 11:22:11.71",16251,100041,39.81,13.52,87,23.895,98,25.2168,1,10,0.8,-0.2,2.639,0.39825,0.42028,1,19,11,22,11,30000
"2020-01-19 11:22:15.15",16252,100042,41.04,13.52,87,23.8956,98,25.2185,1,10,0.8,-0.3,2.72,0.39826,0.4203083,1,19,11,22,14,470000
"2020-01-19 11:22:20.23",16253,100043,24.56,13.52,87,23.8966,98,25.2213,1,10,0.8,-0.4,1.642,0.3982767,0.420355,1,19,11,22,19,550000
"2020-01-19 11:22:24.18",16254,100044,17.83,13.52,87,23.8973,98,25.2243,1,10,0.8,-0.6,1.202,0.3982883,0.420405,1,19,11,22,23,500000
"2020-01-19 11:22:27.96",16255,100045,10.44,13.52,87,23.8984,98,25.2251,1,10,0.8,-0.7,0.72,0.3983067,0.4204183,1,19,11,22,27,280000
"2020-01-19 11:22:30.98",16256,100046,8.31,13.51,87,23.899,98,25.2268,1,10,0.8,-0.7,0.58,0.3983167,0.4204467,1,19,11,22,30,300000
"2020-01-19 11:22:35.3",16257,100047,5.952,13.51,87,23.9,98,25.2277,1,10,0.8,-0.7,0.43,0.3983334,0.4204616,1,19,11,22,34,620000
"2020-01-19 11:22:38.84",16258,100048,6.288,13.51,87,23.9008,98,25.2279,1,10,0.8,-0.7,0.45,0.3983467,0.420465,1,19,11,22,38,160000
"2020-01-19 11:22:42.08",16259,100049,4.607,13.51,87,23.9015,98,25.2294,1,10,0.8,-0.6,0.34,0.3983584,0.42049,1,19,11,22,41,400000
"2020-01-19 11:22:45.16",16260,100050,4.943,13.51,87,23.9023,98,25.2309,1,10,0.8,-0.5,0.36,0.3983717,0.420515,1,19,11,22,44,480000
"2020-01-19 11:22:48.33",16261,100051,4.943,13.51,87,23.903,98,25.2322,1,10,0.8,-0.6,0.36,0.3983833,0.4205367,1,19,11,22,47,650000
"2020-01-19 11:22:51.38",16262,100052,5.504,13.51,87,23.9037,98,25.2333,1,10,0.8,-0.6,0.40,0.398395,0.420555,1,19,11,22,50,700000
"2020-01-19 11:22:54.4",16263,100053,8.64,13.5,87,23.9045,98,25.2355,1,10,0.8,-0.7,0.60,0.3984083,0.4205917,1,19,11,22,53,720000
"2020-01-19 11:22:57.32",16264,100054,11.22,13.51,87,23.9052,98,25.2373,1,10,0.8,-0.7,0.77,0.39842,0.4206217,1,19,11,22,56,640000
"2020-01-19 11:23:00.81",16265,100055,9.71,13.5,87,23.9063,98,25.2394,1,10,0.8,-0.6,0.67,0.3984383,0.4206567,1,19,11,23,0,130000
"2020-01-19 11:23:04.63",16266,100056,11.89,13.5,87,23.907,98,25.2412,1,10,0.8,-0.7,0.81,0.39845,0.4206867,1,19,11,23,3,950000
"2020-01-19 11:23:07.77",16267,100057,13.57,13.5,87,23.9078,98,25.2426,1,10,0.8,-0.7,0.92,0.3984633,0.42071,1,19,11,23,7.000,90000
"2020-01-19 11:23:10.98",16268,100058,17.78,13.5,87,23.9085,98,25.2447,1,10,0.8,-0.8,1.199,0.398475,0.420745,1,19,11,23,10,300000
"2020-01-19 11:23:14.17",16269,100059,18.4,13.49,87,23.9092,98,25.2461,1,10,0.8,-0.8,1.239,0.3984867,0.4207683,1,19,11,23,13,490000
"2020-01-19 11:23:17.36",16270,100060,17.95,13.49,87,23.9099,98,25.248,1,10,0.8,-0.9,1.21,0.3984984,0.4208,1,19,11,23,16,680000
"2020-01-19 11:23:20.81",16271,100061,24.79,13.49,87,23.9112,98,25.2493,1,10,0.8,-1,1.657,0.39852,0.4208217,1,19,11,23,20,130000
"2020-01-19 11:23:24.31",16272,100062,21.53,13.49,87,23.9118,98,25.2479,1,10,0.8,-0.8,1.444,0.39853,0.4207983,1,19,11,23,23,620000
"2020-01-19 11:23:28.36",16273,100063,37,13.5,87,23.9128,98,25.2525,1,10,0.8,-0.8,2.456,0.3985467,0.420875,1,19,11,23,27,680000
"2020-01-19 11:23:32.82",16274,100064,22.66,13.49,87,23.914,98,25.2594,1,11,0.7,-0.9,1.518,0.3985667,0.42099,1,19,11,23,32,140000
"2020-01-19 11:23:36.42",16275,100065,18.51,13.48,87,23.9147,98,25.2677,1,11,0.7,-0.9,1.246,0.3985783,0.4211283,1,19,11,23,35,740000
"2020-01-19 11:23:41.86",16276,100066,20.41,13.49,87,23.9161,98,25.2781,1,11,0.7,-0.9,1.371,0.3986016,0.4213017,1,19,11,23,41,180000
"2020-01-19 11:23:45.53",16277,100067,10.83,13.49,87,23.9167,98,25.2813,1,11,0.7,-0.7,0.74,0.3986117,0.421355,1,19,11,23,44,850000
"2020-01-19 11:23:49.01",16278,100068,12.01,13.48,87,23.9175,98,25.2914,1,11,0.7,-0.8,0.82,0.398625,0.4215234,1,19,11,23,48,330000
"2020-01-19 11:23:52.89",16279,100069,10.44,13.48,87,23.9183,98,25.2995,1,12,0.7,-0.7,0.72,0.3986383,0.4216583,1,19,11,23,52,210000
"2020-01-19 11:23:56.79",16280,100070,13.35,13.49,87,23.9191,98,25.3068,1,12,0.7,-0.6,0.91,0.3986516,0.42178,1,19,11,23,56,110000
"2020-01-19 11:24:00.13",16281,100071,10.72,13.48,87,23.9197,98,25.3151,1,12,0.7,-0.5,0.74,0.3986617,0.4219183,1,19,11,23,59,450000
"2020-01-19 11:24:02.98",16282,100072,9.65,13.48,87,23.9204,98,25.3211,1,12,0.7,-0.5,0.67,0.3986734,0.4220184,1,19,11,24,2,300000
"2020-01-19 11:24:06.1",16283,100073,9.76,13.48,87,23.921,98,25.3278,1,12,0.7,-0.5,0.68,0.3986833,0.42213,1,19,11,24,5,420000
"2020-01-19 11:24:09.24",16284,100074,14.92,13.48,87,23.9217,98,25.3355,1,12,0.7,-0.5,1.012,0.398695,0.4222584,1,19,11,24,8,560000
"2020-01-19 11:24:12.61",16285,100075,11.56,13.47,87,23.9225,98,25.3409,1,12,0.7,-0.4,0.79,0.3987084,0.4223484,1,19,11,24,11,930000
"2020-01-19 11:24:15.79",16286,100076,13.01,13.47,87,23.9232,98,25.3441,1,12,0.7,-0.5,0.89,0.39872,0.4224017,1,19,11,24,15,110000
"2020-01-19 11:24:19.13",16287,100077,13.91,13.47,87,23.9239,98,25.3484,1,12,0.7,-0.5,0.95,0.3987317,0.4224734,1,19,11,24,18,450000
"2020-01-19 11:24:22.87",16288,100078,11,13.47,87,23.9248,98,25.3576,1,12,0.7,-0.5,0.76,0.3987467,0.4226266,1,19,11,24,22,180000
"2020-01-19 11:24:26.04",16289,100079,13.13,13.46,87,23.9254,98,25.3621,1,12,0.7,-0.3,0.89,0.3987566,0.4227017,1,19,11,24,25,360000
"2020-01-19 11:24:29.45",16290,100080,20.19,13.48,87,23.9261,98,25.3639,1,12,0.7,-0.1,1.356,0.3987683,0.4227317,1,19,11,24,28,770000
"2020-01-19 11:24:33.56",16291,100081,25.46,13.47,87,23.927,98,25.3675,1,12,0.7,-0.1,1.701,0.3987833,0.4227916,1,19,11,24,32,870000
"2020-01-19 11:24:37.32",16292,100082,14.25,13.47,87,23.9278,98,25.3722,1,12,0.7,-0.4,0.97,0.3987966,0.42287,1,19,11,24,36,640000
"2020-01-19 11:24:43.52",16293,100083,10.88,13.47,87,23.9282,98,25.3737,1,12,0.7,-0.6,0.75,0.3988033,0.422895,1,19,11,24,42,840000
"2020-01-19 11:24:45.67",16294,100084,8.14,13.46,87,23.9288,98,25.3794,1,12,0.7,-0.8,0.57,0.3988133,0.42299,1,19,11,24,44,990000
"2020-01-19 11:24:47.73",16295,100085,6.961,13.46,87,23.9294,98,25.3856,1,12,0.7,-1,0.49,0.3988233,0.4230933,1,19,11,24,47,50000
"2020-01-19 11:24:49.72",16296,100086,8.19,13.46,87,23.9299,98,25.3925,1,12,0.7,-1.2,0.57,0.3988317,0.4232083,1,19,11,24,49,40000
"2020-01-19 11:24:51.57",16297,100087,8.7,13.46,87,23.9305,98,25.398,1,12,0.7,-1.2,0.61,0.3988417,0.4233,1,19,11,24,50,890000
"2020-01-19 11:24:53.33",16298,100088,8.08,13.46,87,23.9308,98,25.4004,1,12,0.7,-1.3,0.57,0.3988466,0.42334,1,19,11,24,52,650000
"2020-01-19 11:24:55.09",16299,100089,7.185,13.46,87,23.9314,98,25.4064,1,12,0.7,-1.4,0.51,0.3988567,0.42344,1,19,11,24,54,410000
"2020-01-19 11:24:56.88",16300,100090,7.858,13.46,87,23.9319,98,25.4122,1,12,0.7,-1.5,0.55,0.398865,0.4235367,1,19,11,24,56,200000
"2020-01-19 11:24:58.7",16301,100091,7.297,13.46,87,23.9325,98,25.4191,1,12,0.7,-1.7,0.51,0.398875,0.4236517,1,19,11,24,58,20000
"2020-01-19 11:25:00.55",16302,100092,6.064,13.46,87,23.933,98,25.4259,1,12,0.7,-1.8,0.43,0.3988834,0.423765,1,19,11,24,59,870000
"2020-01-19 11:25:02.36",16303,100093,5.111,13.46,87,23.9333,98,25.4293,1,12,0.7,-1.9,0.37,0.3988883,0.4238216,1,19,11,25,1,680000
"2020-01-19 11:25:04.29",16304,100094,5.279,13.46,87,23.9338,98,25.4367,1,12,0.7,-2,0.38,0.3988967,0.423945,1,19,11,25,3,610000
"2020-01-19 11:25:06.21",16305,100095,6.625,13.46,87,23.9343,98,25.4444,1,12,0.7,-2.1,0.47,0.398905,0.4240733,1,19,11,25,5,530000
"2020-01-19 11:25:08.08",16306,100096,6.737,13.45,87,23.9348,98,25.4503,1,12,0.7,-2.2,0.48,0.3989133,0.4241716,1,19,11,25,7.000,400000
"2020-01-19 11:25:09.91",16307,100097,7.185,13.45,87,23.9354,98,25.4563,1,12,0.7,-2.3,0.51,0.3989233,0.4242717,1,19,11,25,9,230000
"2020-01-19 11:25:11.71",16308,100098,7.185,13.45,87,23.9359,98,25.4651,1,12,0.7,-2.4,0.51,0.3989316,0.4244183,1,19,11,25,11,20000
"2020-01-19 11:25:13.49",16309,100099,5.504,13.47,87,23.9363,98,25.4694,1,12,0.7,-2.5,0.40,0.3989383,0.42449,1,19,11,25,12,810000
"2020-01-19 11:25:15.26",16310,100100,6.849,13.46,87,23.9368,98,25.4731,1,12,0.7,-2.7,0.48,0.3989467,0.4245517,1,19,11,25,14,580000
"2020-01-19 11:25:16.88",16311,100101,9.2,13.46,87,23.9375,98,25.4797,1,12,0.7,-2.7,0.64,0.3989583,0.4246617,1,19,11,25,16,200000
"2020-01-19 11:25:18.77",16312,100102,7.185,13.47,87,23.938,98,25.4858,1,12,0.7,-2.8,0.51,0.3989667,0.4247633,1,19,11,25,18,90000
"2020-01-19 11:25:20.52",16313,100103,7.297,13.46,87,23.9385,98,25.4922,1,12,0.7,-2.9,0.51,0.398975,0.42487,1,19,11,25,19,840000
"2020-01-19 11:25:22.25",16314,100104,6.961,13.45,87,23.9388,98,25.4945,1,12,0.7,-3,0.49,0.39898,0.4249083,1,19,11,25,21,570000
"2020-01-19 11:25:24.03",16315,100105,7.185,13.45,87,23.9393,98,25.4994,1,12,0.7,-3,0.51,0.3989883,0.42499,1,19,11,25,23,350000
"2020-01-19 11:25:25.79",16316,100106,8.75,13.45,87,23.9398,98,25.5057,1,12,0.7,-3.1,0.61,0.3989967,0.425095,1,19,11,25,25,110000
"2020-01-19 11:25:27.58",16317,100107,8.53,13.46,87,23.9404,98,25.5127,1,12,0.7,-3.2,0.59,0.3990067,0.4252116,1,19,11,25,26,900000
"2020-01-19 11:25:29.53",16318,100108,7.297,13.46,87,23.9407,98,25.5156,1,12,0.7,-3.3,0.51,0.3990117,0.42526,1,19,11,25,28,840000
"2020-01-19 11:25:31.23",16319,100109,7.073,13.45,87,23.9413,98,25.5207,1,12,0.7,-3.3,0.50,0.3990216,0.425345,1,19,11,25,30,550000
"2020-01-19 11:25:33.04",16320,100110,8.53,13.45,87,23.9418,98,25.5268,1,12,0.7,-3.4,0.59,0.39903,0.4254466,1,19,11,25,32,360000
"2020-01-19 11:25:34.93",16321,100111,8.87,13.45,87,23.9423,98,25.5322,1,12,0.7,-3.5,0.62,0.3990384,0.4255367,1,19,11,25,34,240000
"2020-01-19 11:25:36.72",16322,100112,12.01,13.45,87,23.9429,98,25.5389,1,12,0.7,-3.6,0.82,0.3990483,0.4256483,1,19,11,25,36,40000
"2020-01-19 11:25:38.9",16323,100113,18.17,13.45,87,23.9435,98,25.5477,1,12,0.7,-3.6,1.224,0.3990584,0.425795,1,19,11,25,38,210000
"2020-01-19 11:25:40.87",16324,100114,15.71,13.45,87,23.944,98,25.5528,1,12,0.7,-3.7,1.063,0.3990666,0.42588,1,19,11,25,40,190000
"2020-01-19 11:25:42.76",16325,100115,7.521,13.45,87,23.9444,98,25.5594,1,12,0.7,-3.8,0.53,0.3990733,0.42599,1,19,11,25,42,80000
"2020-01-19 11:25:44.67",16326,100116,7.634,13.46,87,23.9449,98,25.5664,1,12,0.7,-3.9,0.54,0.3990817,0.4261067,1,19,11,25,43,980000
"2020-01-19 11:25:46.43",16327,100117,8.19,13.45,87,23.9451,98,25.5699,1,12,0.7,-4,0.57,0.399085,0.426165,1,19,11,25,45,750000
"2020-01-19 11:25:48.37",16328,100118,6.793,13.45,87,23.9457,98,25.5771,1,12,0.7,-3.9,0.48,0.399095,0.426285,1,19,11,25,47,680000
"2020-01-19 11:25:50.13",16329,100119,8.14,13.45,87,23.9463,98,25.5839,1,12,0.7,-4.1,0.57,0.399105,0.4263983,1,19,11,25,49,450000
"2020-01-19 11:25:51.94",16330,100120,7.185,13.46,87,23.9469,98,25.5899,1,12,0.7,-4.1,0.51,0.399115,0.4264983,1,19,11,25,51,260000
"2020-01-19 11:25:54.63",16331,100121,7.185,13.46,87,23.9477,98,25.5998,1,12,0.7,-4.2,0.51,0.3991284,0.4266633,1,19,11,25,53,950000
"2020-01-19 11:25:56.39",16332,100122,9.2,13.43,87,23.9479,98,25.6009,1,12,0.7,-4.2,0.64,0.3991317,0.4266817,1,19,11,25,55,710000
"2020-01-19 11:25:58.17",16333,100123,12.57,13.46,87,23.9484,98,25.6069,1,12,0.7,-4.3,0.86,0.39914,0.4267816,1,19,11,25,57,490000
"2020-01-19 11:25:59.94",16334,100124,12.06,13.43,87,23.949,98,25.6139,1,12,0.7,-4.3,0.83,0.39915,0.4268983,1,19,11,25,59,260000
"2020-01-19 11:26:01.82",16335,100125,12.68,13.43,87,23.9496,98,25.6201,1,12,0.7,-4.4,0.87,0.39916,0.4270016,1,19,11,26,1,140000
"2020-01-19 11:26:03.65",16336,100126,13.52,13.45,87,23.9503,98,25.6266,1,12,0.7,-4.5,0.92,0.3991717,0.42711,1,19,11,26,2,970000
"2020-01-19 11:26:05.76",16337,100127,13.01,13.43,87,23.951,98,25.6321,1,12,0.7,-4.5,0.89,0.3991833,0.4272016,1,19,11,26,5,80000
"2020-01-19 11:26:07.55",16338,100128,13.24,13.47,87,23.9515,98,25.6365,1,12,0.7,-4.6,0.90,0.3991917,0.427275,1,19,11,26,6,870000
"2020-01-19 11:26:09.37",16339,100129,15.14,13.44,87,23.9518,98,25.6385,1,12,0.7,-4.6,1.026,0.3991966,0.4273084,1,19,11,26,8,690000
"2020-01-19 11:26:11.17",16340,100130,13.91,13.45,87,23.9524,98,25.6421,1,12,0.7,-4.6,0.95,0.3992067,0.4273683,1,19,11,26,10,490000
"2020-01-19 11:26:13.15",16341,100131,13.58,13.43,87,23.953,98,25.6459,1,12,0.7,-4.7,0.92,0.3992166,0.4274317,1,19,11,26,12,460000
"2020-01-19 11:26:15.29",16342,100132,12.9,13.43,87,23.9535,98,25.6494,1,12,0.7,-4.8,0.88,0.399225,0.42749,1,19,11,26,14,610000
"2020-01-19 11:26:17.15",16343,100133,11.22,13.43,87,23.9541,98,25.6528,1,12,0.7,-4.9,0.77,0.399235,0.4275466,1,19,11,26,16,470000
"2020-01-19 11:26:19.08",16344,100134,13.01,13.43,87,23.9546,98,25.6572,1,12,0.7,-4.9,0.89,0.3992433,0.42762,1,19,11,26,18,400000
"2020-01-19 11:26:20.96",16345,100135,15.76,13.43,87,23.9551,98,25.6616,1,12,0.7,-5,1.067,0.3992516,0.4276933,1,19,11,26,20,270000
"2020-01-19 11:26:22.8",16346,100136,16.55,13.43,87,23.9556,98,25.666,1,12,0.7,-5.1,1.118,0.39926,0.4277667,1,19,11,26,22,120000
"2020-01-19 11:26:25.03",16347,100137,13.74,13.43,87,23.9562,98,25.672,1,12,0.7,-5.2,0.94,0.39927,0.4278667,1,19,11,26,24,350000
"2020-01-19 11:26:26.97",16348,100138,10.32,13.43,87,23.9567,98,25.677,1,11,0.8,-5.3,0.71,0.3992783,0.42795,1,19,11,26,26,290000
"2020-01-19 11:26:28.96",16349,100139,11.89,13.44,87,23.9571,98,25.6801,1,11,0.8,-5.4,0.81,0.399285,0.4280017,1,19,11,26,28,280000
"2020-01-19 11:26:31.28",16350,100140,10.88,13.42,87,23.9576,98,25.6839,1,12,0.7,-5.4,0.75,0.3992933,0.428065,1,19,11,26,30,600000
"2020-01-19 11:26:33.04",16351,100141,9.82,13.42,87,23.9581,98,25.6851,1,12,0.7,-5.4,0.68,0.3993016,0.428085,1,19,11,26,32,360000
"2020-01-19 11:26:34.89",16352,100142,10.49,13.43,87,23.9586,98,25.6895,1,12,0.7,-5.4,0.72,0.39931,0.4281584,1,19,11,26,34,210000
"2020-01-19 11:26:36.84",16353,100143,9.99,13.42,87,23.9592,98,25.694,1,12,0.7,-5.4,0.69,0.39932,0.4282333,1,19,11,26,36,160000
"2020-01-19 11:26:38.71",16354,100144,12.79,13.42,87,23.9598,98,25.6979,1,12,0.7,-5.4,0.87,0.39933,0.4282984,1,19,11,26,38,30000
"2020-01-19 11:26:40.49",16355,100145,16.15,13.43,87,23.9601,98,25.6993,1,12,0.7,-5.4,1.092,0.399335,0.4283217,1,19,11,26,39,810000
"2020-01-19 11:26:42.58",16356,100146,14.47,13.42,87,23.961,98,25.704,1,12,0.7,-5.4,0.98,0.39935,0.4284,1,19,11,26,41,900000
"2020-01-19 11:26:44.42",16357,100147,18.62,13.43,87,23.9613,98,25.7053,1,12,0.7,-5.4,1.254,0.399355,0.4284216,1,19,11,26,43,740000
"2020-01-19 11:26:46.37",16358,100148,18.17,13.42,87,23.9618,98,25.7092,1,11,0.7,-5.4,1.224,0.3993633,0.4284867,1,19,11,26,45,690000
"2020-01-19 11:26:49.03",16359,100149,13.46,13.42,87,23.9626,98,25.7139,1,12,0.7,-5.4,0.92,0.3993767,0.428565,1,19,11,26,48,350000
"2020-01-19 11:26:51.04",16360,100150,14.36,13.42,87,23.9629,98,25.7158,1,12,0.7,-5.5,0.98,0.3993817,0.4285966,1,19,11,26,50,360000
"2020-01-19 11:26:52.93",16361,100151,14.14,13.42,87,23.9635,98,25.7192,1,11,0.7,-5.5,0.96,0.3993916,0.4286533,1,19,11,26,52,250000
"2020-01-19 11:26:55.02",16362,100152,15.03,13.41,87,23.964,98,25.7226,1,11,0.7,-5.6,1.019,0.3994,0.42871,1,19,11,26,54,340000
"2020-01-19 11:26:56.94",16363,100153,13.69,13.41,87,23.9645,98,25.7257,1,12,0.7,-5.6,0.93,0.3994084,0.4287617,1,19,11,26,56,250000
"2020-01-19 11:26:58.86",16364,100154,14.92,13.41,87,23.9651,98,25.7311,1,12,0.7,-5.6,1.012,0.3994183,0.4288517,1,19,11,26,58,180000
"2020-01-19 11:27:00.93",16365,100155,12.06,13.41,87,23.9656,98,25.7354,1,12,0.7,-5.7,0.83,0.3994266,0.4289233,1,19,11,27,0,240000
"2020-01-19 11:27:02.84",16366,100156,9.03,13.41,87,23.9662,98,25.739,1,12,0.7,-5.7,0.63,0.3994366,0.4289833,1,19,11,27,2,160000
"2020-01-19 11:27:04.75",16367,100157,11.89,13.41,87,23.9668,98,25.7442,1,12,0.7,-5.8,0.81,0.3994467,0.42907,1,19,11,27,4,70000
"2020-01-19 11:27:06.6",16368,100158,11.45,13.41,87,23.9673,98,25.749,1,12,0.7,-5.8,0.79,0.399455,0.42915,1,19,11,27,5,920000
"2020-01-19 11:27:08.52",16369,100159,12.79,13.41,87,23.9676,98,25.7508,1,12,0.7,-5.8,0.87,0.39946,0.42918,1,19,11,27,7.000,830000
"2020-01-19 11:27:11.31",16370,100160,16.38,13.41,87,23.9684,98,25.7568,1,12,0.7,-5.8,1.107,0.3994733,0.42928,1,19,11,27,10,630000
"2020-01-19 11:27:14.57",16371,100161,19.18,13.41,87,23.9692,98,25.7635,1,12,0.7,-5.9,1.29,0.3994867,0.4293917,1,19,11,27,13,880000
"2020-01-19 11:27:18.09",16372,100162,21.98,13.41,87,23.9698,98,25.7648,1,12,0.7,-6,1.474,0.3994967,0.4294133,1,19,11,27,17,410000
"2020-01-19 11:27:20.38",16373,100163,17.61,13.41,87,23.97,98,25.7641,1,12,0.7,-6,1.188,0.3995,0.4294017,1,19,11,27,19,690000
"2020-01-19 11:27:23.53",16374,100164,22.21,13.42,87,23.9708,98,25.7681,1,12,0.7,-6,1.488,0.3995133,0.4294683,1,19,11,27,22,850000
"2020-01-19 11:27:25.92",16375,100165,21.53,13.42,87,23.9713,98,25.7711,1,12,0.7,-6.1,1.444,0.3995217,0.4295183,1,19,11,27,25,240000
"2020-01-19 11:27:29.28",16376,100166,20.86,13.41,87,23.972,98,25.7768,1,12,0.7,-6.1,1.4,0.3995333,0.4296133,1,19,11,27,28,600000
"2020-01-19 11:27:31.41",16377,100167,20.3,13.41,87,23.9724,98,25.7816,1,12,0.7,-6.2,1.364,0.39954,0.4296934,1,19,11,27,30,730000
"2020-01-19 11:27:33.46",16378,100168,20.97,13.41,87,23.973,98,25.7852,1,11,0.7,-6.2,1.408,0.39955,0.4297533,1,19,11,27,32,780000
"2020-01-19 11:27:35.49",16379,100169,21.09,13.4,87,23.9734,98,25.7903,1,11,0.7,-6.3,1.415,0.3995567,0.4298383,1,19,11,27,34,810000
"2020-01-19 11:27:37.39",16380,100170,18.06,13.4,87,23.974,98,25.7952,1,12,0.7,-6.4,1.217,0.3995667,0.42992,1,19,11,27,36,710000
"2020-01-19 11:27:39.32",16381,100171,17.72,13.4,87,23.9746,98,25.8001,1,12,0.7,-6.4,1.195,0.3995767,0.4300017,1,19,11,27,38,640000
"2020-01-19 11:27:41.51",16382,100172,18.84,13.4,87,23.9751,98,25.8051,1,11,0.7,-6.5,1.268,0.399585,0.430085,1,19,11,27,40,830000
"2020-01-19 11:27:44.26",16383,100173,18.96,13.39,87,23.976,98,25.8108,1,12,0.7,-6.5,1.276,0.3996,0.43018,1,19,11,27,43,580000
"2020-01-19 11:27:47.34",16384,100174,20.02,13.4,87,23.9765,98,25.8129,1,12,0.7,-6.6,1.345,0.3996083,0.430215,1,19,11,27,46,660000
"2020-01-19 11:27:49.34",16385,100175,16.04,13.4,87,23.977,98,25.8176,1,11,0.7,-6.7,1.085,0.3996166,0.4302934,1,19,11,27,48,660000
"2020-01-19 11:27:52.04",16386,100176,22.43,13.39,87,23.9777,98,25.8241,1,12,0.7,-6.8,1.503,0.3996283,0.4304017,1,19,11,27,51,360000
"2020-01-19 11:27:54.26",16387,100177,19.18,13.39,87,23.978,98,25.8251,1,12,0.7,-6.9,1.29,0.3996334,0.4304184,1,19,11,27,53,580000
"2020-01-19 11:27:56.49",16388,100178,21.2,13.4,87,23.9785,98,25.8287,1,12,0.7,-6.9,1.422,0.3996417,0.4304783,1,19,11,27,55,810000
"2020-01-19 11:27:58.65",16389,100179,19.07,13.39,87,23.9793,98,25.8369,1,12,0.7,-7,1.283,0.399655,0.430615,1,19,11,27,57,970000
"2020-01-19 11:28:00.64",16390,100180,16.15,13.39,87,23.9799,98,25.8406,1,12,0.7,-7,1.092,0.399665,0.4306766,1,19,11,27,59,960000
"2020-01-19 11:28:02.73",16391,100181,16.15,13.39,87,23.9805,98,25.8447,1,12,0.7,-7.1,1.092,0.399675,0.430745,1,19,11,28,2,50000
"2020-01-19 11:28:04.77",16392,100182,14.14,13.38,87,23.9811,98,25.8501,1,12,0.7,-7.2,0.96,0.399685,0.430835,1,19,11,28,4,80000
"2020-01-19 11:28:06.86",16393,100183,8.42,13.39,87,23.9817,98,25.8546,1,12,0.7,-7.2,0.59,0.399695,0.43091,1,19,11,28,6,180000
"2020-01-19 11:28:08.93",16394,100184,25.8,13.39,87,23.9822,98,25.8586,1,12,0.7,-7.3,1.723,0.3997034,0.4309767,1,19,11,28,8,250000
"2020-01-19 11:28:13.59",16395,100185,28.15,13.39,87,23.983,98,25.8655,1,12,0.7,-7.1,1.877,0.3997167,0.4310917,1,19,11,28,12,900000
"2020-01-19 11:28:16.78",16396,100186,15.93,13.42,87,23.9835,98,25.8688,1,11,0.8,-7.1,1.078,0.399725,0.4311466,1,19,11,28,16,100000
"2020-01-19 11:28:18.92",16397,100187,13.58,13.39,87,23.984,98,25.8703,1,12,0.7,-7.2,0.92,0.3997333,0.4311717,1,19,11,28,18,240000
"2020-01-19 11:28:20.83",16398,100188,13.91,13.38,87,23.9844,98,25.8727,1,12,0.7,-7.3,0.95,0.39974,0.4312116,1,19,11,28,20,150000
"2020-01-19 11:28:22.65",16399,100189,11.56,13.38,87,23.9851,98,25.8784,1,12,0.7,-7.3,0.79,0.3997517,0.4313067,1,19,11,28,21,970000
"2020-01-19 11:28:24.51",16400,100190,8.64,13.38,87,23.9855,98,25.8823,1,12,0.7,-7.5,0.60,0.3997583,0.4313716,1,19,11,28,23,830000
"2020-01-19 11:28:26.47",16401,100191,9.48,13.38,87,23.9862,98,25.8867,1,12,0.7,-7.6,0.66,0.39977,0.431445,1,19,11,28,25,780000
"2020-01-19 11:28:28.34",16402,100192,10.16,13.37,87,23.9869,98,25.8927,1,12,0.7,-7.5,0.70,0.3997817,0.431545,1,19,11,28,27,650000
"2020-01-19 11:28:30.21",16403,100193,10.32,13.38,87,23.9875,98,25.8967,1,12,0.7,-7.4,0.71,0.3997916,0.4316116,1,19,11,28,29,530000
"2020-01-19 11:28:32.04",16404,100194,9.99,13.39,87,23.9882,98,25.8998,1,12,0.7,-7.4,0.69,0.3998033,0.4316633,1,19,11,28,31,360000
"2020-01-19 11:28:33.94",16405,100195,8.87,13.41,87,23.9888,98,25.9032,1,12,0.7,-7.5,0.62,0.3998133,0.43172,1,19,11,28,33,260000
"2020-01-19 11:28:35.8",16406,100196,8.64,13.38,87,23.9894,98,25.9071,1,12,0.7,-7.5,0.60,0.3998233,0.431785,1,19,11,28,35,120000
"2020-01-19 11:28:37.63",16407,100197,7.41,13.39,87,23.99,98,25.9116,1,12,0.7,-7.6,0.52,0.3998333,0.43186,1,19,11,28,36,950000
"2020-01-19 11:28:39.52",16408,100198,10.32,13.41,87,23.9904,98,25.9133,1,12,0.7,-7.6,0.71,0.39984,0.4318883,1,19,11,28,38,830000
"2020-01-19 11:28:41.26",16409,100199,10.66,13.4,87,23.991,98,25.9172,1,12,0.7,-7.5,0.73,0.39985,0.4319534,1,19,11,28,40,580000
"2020-01-19 11:28:43.14",16410,100200,12.45,13.38,87,23.9916,98,25.9224,1,12,0.7,-7.6,0.85,0.39986,0.43204,1,19,11,28,42,460000
"2020-01-19 11:28:45.24",16411,100201,11.5,13.38,87,23.9922,98,25.9259,1,12,0.7,-7.5,0.79,0.39987,0.4320983,1,19,11,28,44,560000
"2020-01-19 11:28:47.03",16412,100202,13.69,13.37,87,23.9928,98,25.9301,1,12,0.7,-7.5,0.93,0.39988,0.4321683,1,19,11,28,46,350000
"2020-01-19 11:28:48.98",16413,100203,12.29,13.39,87,23.9933,98,25.9343,1,12,0.7,-7.5,0.84,0.3998883,0.4322383,1,19,11,28,48,290000
"2020-01-19 11:28:50.85",16414,100204,13.24,13.38,87,23.9938,98,25.9388,1,12,0.7,-7.5,0.90,0.3998966,0.4323134,1,19,11,28,50,170000
"2020-01-19 11:28:52.71",16415,100205,12.12,13.4,87,23.9944,98,25.9458,1,12,0.7,-7.5,0.83,0.3999067,0.43243,1,19,11,28,52,30000
"2020-01-19 11:28:54.61",16416,100206,10.32,13.4,87,23.995,98,25.9514,1,12,0.7,-7.5,0.71,0.3999167,0.4325233,1,19,11,28,53,930000
"2020-01-19 11:28:56.47",16417,100207,9.99,13.38,87,23.9954,98,25.9545,1,12,0.7,-7.5,0.69,0.3999233,0.432575,1,19,11,28,55,790000
"2020-01-19 11:28:58.26",16418,100208,9.88,13.39,87,23.9959,98,25.9592,1,12,0.7,-7.4,0.68,0.3999316,0.4326533,1,19,11,28,57,580000
"2020-01-19 11:29:00.11",16419,100209,9.09,13.38,87,23.9965,98,25.9648,1,12,0.7,-7.4,0.63,0.3999416,0.4327467,1,19,11,28,59,430000
"2020-01-19 11:29:01.97",16420,100210,9.48,13.38,87,23.9971,98,25.9718,1,12,0.7,-7.3,0.66,0.3999517,0.4328633,1,19,11,29,1,290000
"2020-01-19 11:29:03.82",16421,100211,9.09,13.37,87,23.9977,98,25.9778,1,12,0.7,-7.4,0.63,0.3999616,0.4329634,1,19,11,29,3,140000
"2020-01-19 11:29:05.7",16422,100212,8.92,13.37,87,23.9982,98,25.9815,1,12,0.7,-7.4,0.62,0.39997,0.433025,1,19,11,29,5,20000
"2020-01-19 11:29:08.04",16423,100213,17.84,13.37,87,23.9989,98,25.9864,1,12,0.7,-7.4,1.202,0.3999816,0.4331067,1,19,11,29,7.000,360000
"2020-01-19 11:29:10.03",16424,100214,14.58,13.39,87,23.9993,98,25.983,1,12,0.7,-7.3,0.99,0.3999883,0.43305,1,19,11,29,9,350000
"2020-01-19 11:29:12.23",16425,100215,30.17,13.4,87,23.9999,98,25.9789,1,12,0.7,-7.1,2.009,0.3999983,0.4329817,1,19,11,29,11,550000
"2020-01-19 11:29:14.39",16426,100216,20.41,13.4,87,24.0004,98,25.9778,1,12,0.7,-7.1,1.371,0.4000067,0.4329634,1,19,11,29,13,710000
"2020-01-19 11:29:16.58",16427,100217,18.79,13.37,87,24.0012,98,25.9861,1,12,0.7,-7.2,1.265,0.40002,0.4331016,1,19,11,29,15,900000
"2020-01-19 11:29:18.44",16428,100218,12.79,13.4,87,24.0015,98,25.987,1,12,0.7,-7.2,0.87,0.400025,0.4331166,1,19,11,29,17,760000
"2020-01-19 11:29:20.3",16429,100219,13.69,13.39,87,24.0021,98,25.9903,1,12,0.7,-7.1,0.93,0.400035,0.4331716,1,19,11,29,19,620000
"2020-01-19 11:29:22.68",16430,100220,13.46,13.38,87,24.0032,98,25.9937,1,12,0.7,-6.9,0.92,0.4000534,0.4332284,1,19,11,29,22,0
"2020-01-19 11:29:24.58",16431,100221,10.89,13.37,87,24.0038,98,25.9987,1,12,0.7,-6.9,0.75,0.4000633,0.4333116,1,19,11,29,23,900000
"2020-01-19 11:29:27.55",16432,100222,10.66,13.4,87,24.0046,98,26.0036,1,12,0.7,-6.8,0.73,0.4000767,0.4333933,1,19,11,29,26,870000
"2020-01-19 11:29:29.7",16433,100223,9.65,13.4,87,24.005,98,26.0066,1,12,0.7,-6.8,0.67,0.4000833,0.4334433,1,19,11,29,29,20000
"2020-01-19 11:29:31.58",16434,100224,5.616,13.41,87,24.0056,98,26.0098,1,12,0.7,-6.8,0.40,0.4000934,0.4334966,1,19,11,29,30,900000
"2020-01-19 11:29:33.57",16435,100225,6.177,13.39,87,24.0062,98,26.0133,1,12,0.7,-6.8,0.44,0.4001034,0.433555,1,19,11,29,32,880000
"2020-01-19 11:29:35.41",16436,100226,9.32,13.41,87,24.0065,98,26.0155,1,12,0.7,-6.8,0.65,0.4001083,0.4335917,1,19,11,29,34,730000
"2020-01-19 11:29:37.55",16437,100227,9.76,13.37,87,24.0074,98,26.0214,1,12,0.7,-6.8,0.68,0.4001233,0.43369,1,19,11,29,36,870000
"2020-01-19 11:29:39.22",16438,100228,7.859,13.38,87,24.0078,98,26.0234,1,12,0.7,-6.8,0.55,0.40013,0.4337233,1,19,11,29,38,540000
"2020-01-19 11:29:41.09",16439,100229,9.2,13.4,87,24.0084,98,26.0285,1,12,0.7,-6.8,0.64,0.40014,0.4338083,1,19,11,29,40,410000
"2020-01-19 11:29:43.15",16440,100230,9.2,13.37,87,24.009,98,26.0324,1,12,0.7,-6.8,0.64,0.40015,0.4338733,1,19,11,29,42,470000
"2020-01-19 11:29:44.98",16441,100231,11,13.38,87,24.0096,98,26.0368,1,12,0.7,-6.8,0.76,0.40016,0.4339467,1,19,11,29,44,300000
"2020-01-19 11:29:46.93",16442,100232,14.42,13.37,87,24.0103,98,26.0408,1,12,0.7,-6.8,0.98,0.4001717,0.4340133,1,19,11,29,46,250000
"2020-01-19 11:29:48.89",16443,100233,25.68,13.37,87,24.0109,98,26.046,1,12,0.7,-6.8,1.716,0.4001817,0.4341,1,19,11,29,48,210000
"2020-01-19 11:29:51.03",16444,100234,29.16,13.36,87,24.0114,98,26.0501,1,12,0.7,-6.7,1.943,0.40019,0.4341683,1,19,11,29,50,350000
"2020-01-19 11:29:52.98",16445,100235,25.57,13.37,87,24.0119,98,26.0535,1,12,0.7,-6.7,1.708,0.4001984,0.434225,1,19,11,29,52,300000
"2020-01-19 11:29:54.86",16446,100236,18.17,13.38,87,24.0124,98,26.0589,1,12,0.7,-6.8,1.225,0.4002066,0.434315,1,19,11,29,54,180000
"2020-01-19 11:29:56.83",16447,100237,14.75,13.38,87,24.0131,98,26.0638,1,12,0.7,-6.7,1.001,0.4002183,0.4343967,1,19,11,29,56,150000
"2020-01-19 11:29:58.79",16448,100238,13.46,13.37,87,24.0137,98,26.0684,1,12,0.7,-6.8,0.92,0.4002284,0.4344733,1,19,11,29,58,110000
"2020-01-19 11:30:00.7",16449,100239,10.89,13.39,87,24.0144,98,26.0738,1,12,0.7,-6.8,0.75,0.40024,0.4345633,1,19,11,30,0,10000
"2020-01-19 11:30:02.72",16450,100240,11.5,13.4,87,24.015,98,26.0795,1,12,0.7,-6.9,0.79,0.40025,0.4346584,1,19,11,30,2,40000
"2020-01-19 11:30:04.57",16451,100241,10.44,13.37,87,24.0157,98,26.0835,1,12,0.7,-6.9,0.72,0.4002617,0.434725,1,19,11,30,3,880000
"2020-01-19 11:30:06.79",16452,100242,10.1,13.36,87,24.0163,98,26.0881,1,12,0.7,-6.9,0.70,0.4002717,0.4348017,1,19,11,30,6,110000
"2020-01-19 11:30:08.82",16453,100243,8.76,13.38,87,24.0167,98,26.0927,1,12,0.7,-6.9,0.61,0.4002784,0.4348783,1,19,11,30,8,130000
"2020-01-19 11:30:10.66",16454,100244,8.76,13.37,87,24.0174,98,26.0972,1,12,0.7,-7,0.61,0.40029,0.4349533,1,19,11,30,9,980000
"2020-01-19 11:30:12.47",16455,100245,9.04,13.38,87,24.0177,98,26.0997,1,12,0.7,-7,0.63,0.400295,0.434995,1,19,11,30,11,790000
"2020-01-19 11:30:14.29",16456,100246,11,13.38,87,24.0183,98,26.105,1,12,0.7,-6.9,0.76,0.400305,0.4350833,1,19,11,30,13,610000
"2020-01-19 11:30:16.19",16457,100247,12.23,13.4,87,24.019,98,26.1093,1,12,0.7,-6.8,0.84,0.4003166,0.435155,1,19,11,30,15,510000
"2020-01-19 11:30:17.99",16458,100248,12.23,13.37,87,24.0196,98,26.1136,1,12,0.7,-6.7,0.84,0.4003267,0.4352266,1,19,11,30,17,310000
"2020-01-19 11:30:19.8",16459,100249,9.54,13.35,87,24.0203,98,26.1172,1,12,0.7,-6.8,0.66,0.4003383,0.4352867,1,19,11,30,19,120000
"2020-01-19 11:30:21.59",16460,100250,8.98,13.36,87,24.0212,98,26.1256,1,12,0.7,-6.7,0.62,0.4003534,0.4354267,1,19,11,30,20,900000
"2020-01-19 11:30:23.47",16461,100251,10.21,13.37,87,24.0215,98,26.1291,1,12,0.7,-6.7,0.70,0.4003583,0.435485,1,19,11,30,22,780000
"2020-01-19 11:30:25.25",16462,100252,8.53,13.38,87,24.0222,98,26.1335,1,12,0.7,-6.7,0.59,0.40037,0.4355583,1,19,11,30,24,570000
"2020-01-19 11:30:27.13",16463,100253,6.682,13.38,87,24.0229,98,26.1336,1,12,0.7,-6.7,0.47,0.4003816,0.43556,1,19,11,30,26,450000
"2020-01-19 11:30:28.86",16464,100254,8.31,13.35,87,24.0236,98,26.1358,1,12,0.7,-6.6,0.58,0.4003933,0.4355966,1,19,11,30,28,180000
"2020-01-19 11:30:30.69",16465,100255,5.504,13.35,87,24.0243,98,26.1421,1,12,0.7,-6.7,0.40,0.400405,0.4357017,1,19,11,30,30,10000
"2020-01-19 11:30:32.57",16466,100256,6.289,13.37,87,24.025,98,26.1475,1,12,0.7,-6.7,0.45,0.4004167,0.4357916,1,19,11,30,31,880000
"2020-01-19 11:30:34.33",16467,100257,5.729,13.35,87,24.0254,98,26.1493,1,12,0.7,-6.7,0.41,0.4004234,0.4358216,1,19,11,30,33,650000
"2020-01-19 11:30:36.09",16468,100258,6.457,13.35,87,24.0261,98,26.1541,1,12,0.7,-6.7,0.46,0.400435,0.4359017,1,19,11,30,35,410000
"2020-01-19 11:30:37.88",16469,100259,6.625,13.36,87,24.0268,98,26.1591,1,12,0.7,-6.7,0.47,0.4004467,0.435985,1,19,11,30,37,200000
"2020-01-19 11:30:39.61",16470,100260,6.345,13.35,87,24.0275,98,26.1651,1,12,0.7,-6.8,0.45,0.4004583,0.436085,1,19,11,30,38,930000
"2020-01-19 11:30:41.42",16471,100261,5.841,13.34,87,24.0279,98,26.1678,1,12,0.7,-6.7,0.42,0.400465,0.43613,1,19,11,30,40,730000
"2020-01-19 11:30:43.15",16472,100262,6.513,13.35,87,24.0286,98,26.1724,1,12,0.7,-6.7,0.46,0.4004767,0.4362067,1,19,11,30,42,470000
"2020-01-19 11:30:44.99",16473,100263,5.953,13.34,87,24.0293,98,26.1766,1,12,0.7,-6.7,0.43,0.4004884,0.4362766,1,19,11,30,44,310000
"2020-01-19 11:30:46.69",16474,100264,5.953,13.34,87,24.0299,98,26.1832,1,12,0.7,-6.7,0.43,0.4004983,0.4363867,1,19,11,30,46,10000
"2020-01-19 11:30:48.56",16475,100265,10.89,13.34,87,24.0306,98,26.1876,1,12,0.7,-6.7,0.75,0.40051,0.43646,1,19,11,30,47,880000
"2020-01-19 11:30:50.36",16476,100266,14.19,13.35,87,24.031,98,26.1892,1,12,0.7,-6.6,0.96,0.4005166,0.4364867,1,19,11,30,49,680000
"2020-01-19 11:30:52.27",16477,100267,10.77,13.36,87,24.0317,98,26.1941,1,12,0.7,-6.6,0.74,0.4005284,0.4365683,1,19,11,30,51,590000
"2020-01-19 11:30:54.21",16478,100268,7.41,13.35,87,24.0324,98,26.1983,1,12,0.7,-6.6,0.52,0.40054,0.4366383,1,19,11,30,53,530000
"2020-01-19 11:30:55.95",16479,100269,8.08,13.36,87,24.0329,98,26.2008,1,12,0.7,-6.7,0.57,0.4005483,0.43668,1,19,11,30,55,270000
"2020-01-19 11:30:57.67",16480,100270,8.2,13.34,87,24.0338,98,26.2051,1,12,0.7,-6.8,0.57,0.4005633,0.4367517,1,19,11,30,56,990000
"2020-01-19 11:31:02.42",16481,100271,7.971,13.33,87,24.0346,98,26.2084,1,12,0.7,-6.9,0.56,0.4005766,0.4368067,1,19,11,31,1,740000
"2020-01-19 11:31:04.37",16482,100272,7.803,13.34,87,24.0349,98,26.2137,1,12,0.7,-7,0.55,0.4005817,0.436895,1,19,11,31,3,690000
"2020-01-19 11:31:07.09",16483,100273,6.738,13.33,87,24.0357,98,26.2148,1,12,0.7,-6.8,0.48,0.400595,0.4369134,1,19,11,31,6,410000
"2020-01-19 11:31:09.05",16484,100274,6.289,13.36,87,24.0361,98,26.2166,1,12,0.7,-6.8,0.45,0.4006017,0.4369434,1,19,11,31,8,370000
"2020-01-19 11:31:10.79",16485,100275,5.841,13.34,87,24.0366,98,26.2175,1,12,0.7,-6.9,0.42,0.40061,0.4369584,1,19,11,31,10,110000
"2020-01-19 11:31:12.71",16486,100276,5.841,13.36,87,24.0374,98,26.2195,1,12,0.7,-6.9,0.42,0.4006233,0.4369917,1,19,11,31,12,30000
"2020-01-19 11:31:14.54",16487,100277,6.121,13.35,87,24.0383,98,26.2211,1,12,0.7,-6.8,0.44,0.4006383,0.4370183,1,19,11,31,13,850000
"2020-01-19 11:31:16.66",16488,100278,6.065,13.36,87,24.0391,98,26.224,1,12,0.7,-6.4,0.43,0.4006517,0.4370667,1,19,11,31,15,980000
"2020-01-19 11:31:18.38",16489,100279,6.289,13.35,87,24.0394,98,26.225,1,12,0.7,-6.6,0.45,0.4006567,0.4370833,1,19,11,31,17,700000
"2020-01-19 11:31:20.3",16490,100280,6.85,13.35,87,24.04,98,26.2263,1,12,0.7,-6.5,0.48,0.4006667,0.437105,1,19,11,31,19,620000
"2020-01-19 11:31:22.17",16491,100281,6.962,13.34,87,24.0407,98,26.2284,1,12,0.7,-6.5,0.49,0.4006783,0.43714,1,19,11,31,21,490000
"2020-01-19 11:31:23.99",16492,100282,7.971,13.33,87,24.0414,98,26.2309,1,12,0.7,-6.5,0.56,0.40069,0.4371816,1,19,11,31,23,310000
"2020-01-19 11:31:25.92",16493,100283,10.83,13.34,87,24.042,98,26.2337,1,12,0.7,-6.5,0.74,0.4007,0.4372283,1,19,11,31,25,240000
"2020-01-19 11:31:27.78",16494,100284,9.54,13.35,87,24.0427,98,26.2351,1,12,0.7,-6.5,0.66,0.4007116,0.4372516,1,19,11,31,27,100000
"2020-01-19 11:31:29.83",16495,100285,9.09,13.34,87,24.0435,98,26.2365,1,12,0.7,-6.5,0.63,0.400725,0.437275,1,19,11,31,29,150000
"2020-01-19 11:31:31.59",16496,100286,8.42,13.32,87,24.0441,98,26.2391,1,12,0.7,-6.6,0.59,0.400735,0.4373183,1,19,11,31,30,910000
"2020-01-19 11:31:33.44",16497,100287,6.962,13.34,87,24.0444,98,26.2399,1,12,0.7,-6.6,0.49,0.40074,0.4373317,1,19,11,31,32,760000
"2020-01-19 11:31:35.33",16498,100288,7.971,13.35,87,24.0452,98,26.2429,1,12,0.7,-6.6,0.56,0.4007534,0.4373817,1,19,11,31,34,650000
"2020-01-19 11:31:37.16",16499,100289,8.64,13.34,87,24.0458,98,26.2465,1,12,0.7,-6.5,0.60,0.4007633,0.4374417,1,19,11,31,36,480000
"2020-01-19 11:31:38.99",16500,100290,7.186,13.33,87,24.0465,98,26.2504,1,12,0.7,-6.6,0.51,0.400775,0.4375067,1,19,11,31,38,300000
"2020-01-19 11:31:40.77",16501,100291,8.42,13.34,87,24.0473,98,26.2539,1,12,0.7,-6.6,0.59,0.4007883,0.437565,1,19,11,31,40,90000
"2020-01-19 11:31:42.54",16502,100292,8.2,13.35,87,24.048,98,26.2567,1,12,0.7,-6.6,0.57,0.4008,0.4376117,1,19,11,31,41,850000
"2020-01-19 11:31:44.42",16503,100293,9.2,13.33,87,24.0483,98,26.2588,1,12,0.7,-6.6,0.64,0.400805,0.4376467,1,19,11,31,43,740000
"2020-01-19 11:31:47.01",16504,100294,12.79,13.35,87,24.0493,98,26.2657,1,12,0.7,-6.6,0.87,0.4008216,0.4377617,1,19,11,31,46,330000
"2020-01-19 11:31:49.2",16505,100295,10.83,13.35,87,24.0497,98,26.2691,1,12,0.7,-6.5,0.74,0.4008283,0.4378184,1,19,11,31,48,520000
"2020-01-19 11:31:51.07",16506,100296,9.54,13.33,87,24.0503,98,26.2732,1,12,0.7,-6.6,0.66,0.4008384,0.4378866,1,19,11,31,50,390000
"2020-01-19 11:31:53",16507,100297,9.99,13.36,87,24.0509,98,26.28,1,12,0.7,-6.6,0.69,0.4008483,0.438,1,19,11,31,52,320000
"2020-01-19 11:31:54.82",16508,100298,15.03,13.33,87,24.0516,98,26.2853,1,12,0.7,-6.7,1.019,0.40086,0.4380883,1,19,11,31,54,140000
"2020-01-19 11:31:56.76",16509,100299,12.34,13.33,87,24.0523,98,26.2906,1,12,0.7,-6.7,0.84,0.4008717,0.4381767,1,19,11,31,56,80000
"2020-01-19 11:31:58.68",16510,100300,8.31,13.34,87,24.0529,98,26.2962,1,12,0.7,-6.7,0.58,0.4008817,0.43827,1,19,11,31,58,0
"2020-01-19 11:32:00.58",16511,100301,10.44,13.32,87,24.0537,98,26.3011,1,12,0.7,-6.7,0.72,0.400895,0.4383517,1,19,11,31,59,900000
"2020-01-19 11:32:02.67",16512,100302,9.48,13.37,87,24.0544,98,26.3081,1,12,0.7,-6.8,0.66,0.4009066,0.4384683,1,19,11,32,1,990000
"2020-01-19 11:32:04.62",16513,100303,8.76,13.34,87,24.055,98,26.3123,1,12,0.7,-6.9,0.61,0.4009167,0.4385384,1,19,11,32,3,940000
"2020-01-19 11:32:06.67",16514,100304,8.42,13.35,87,24.0556,98,26.3174,1,12,0.7,-6.8,0.59,0.4009266,0.4386233,1,19,11,32,5,990000
"2020-01-19 11:32:08.55",16515,100305,10.21,13.35,87,24.0559,98,26.3206,1,12,0.7,-6.8,0.70,0.4009317,0.4386767,1,19,11,32,7.000,870000
"2020-01-19 11:32:10.36",16516,100306,8.08,13.35,87,24.0565,98,26.326,1,12,0.7,-6.8,0.57,0.4009417,0.4387666,1,19,11,32,9,680000
"2020-01-19 11:32:12.33",16517,100307,10.77,13.34,87,24.0571,98,26.3334,1,12,0.7,-6.7,0.74,0.4009517,0.43889,1,19,11,32,11,650000
"2020-01-19 11:32:14.14",16518,100308,16.55,13.33,87,24.0578,98,26.3384,1,12,0.7,-6.6,1.118,0.4009633,0.4389733,1,19,11,32,13,460000
"2020-01-19 11:32:16.02",16519,100309,17.56,13.31,87,24.0585,98,26.3428,1,12,0.7,-6.6,1.184,0.400975,0.4390467,1,19,11,32,15,340000
"2020-01-19 11:32:18.81",16520,100310,18.51,13.32,87,24.0594,98,26.3501,1,12,0.7,-6.7,1.247,0.40099,0.4391683,1,19,11,32,18,130000
"2020-01-19 11:32:20.91",16521,100311,14.19,13.31,87,24.0597,98,26.3516,1,12,0.7,-6.8,0.96,0.400995,0.4391933,1,19,11,32,20,220000
"2020-01-19 11:32:22.9",16522,100312,13.3,13.3,87,24.0602,98,26.3572,1,12,0.7,-6.9,0.91,0.4010033,0.4392867,1,19,11,32,22,220000
"2020-01-19 11:32:25",16523,100313,16.27,13.33,87,24.0607,98,26.3624,1,12,0.7,-6.9,1.1,0.4010116,0.4393734,1,19,11,32,24,320000
"2020-01-19 11:32:27.04",16524,100314,14.59,13.33,87,24.0612,98,26.3678,1,12,0.7,-6.9,0.99,0.40102,0.4394633,1,19,11,32,26,360000
"2020-01-19 11:32:29.21",16525,100315,18.73,13.35,87,24.0618,98,26.3736,1,12,0.7,-6.9,1.261,0.40103,0.43956,1,19,11,32,28,530000
"2020-01-19 11:32:31.31",16526,100316,21.87,13.31,87,24.0623,98,26.3791,1,12,0.7,-6.8,1.467,0.4010383,0.4396517,1,19,11,32,30,630000
"2020-01-19 11:32:33.42",16527,100317,36.67,13.34,87,24.0626,98,26.3838,1,12,0.7,-6.7,2.435,0.4010433,0.43973,1,19,11,32,32,740000
"2020-01-19 11:32:35.56",16528,100318,42.95,13.34,87,24.0634,98,26.3911,1,12,0.7,-6.6,2.845,0.4010567,0.4398517,1,19,11,32,34,880000
"2020-01-19 11:32:38.17",16529,100319,24.34,13.31,87,24.0639,98,26.3954,1,12,0.7,-6.5,1.628,0.401065,0.4399233,1,19,11,32,37,490000
"2020-01-19 11:32:50.98",16530,100320,41.61,13.34,87,24.0648,98,26.3974,1,12,0.7,-6.5,2.757,0.40108,0.4399567,1,19,11,32,50,300000
"2020-01-19 11:32:54.21",16531,100321,33.98,13.34,87,24.0653,98,26.3999,1,12,0.7,-6.6,2.259,0.4010883,0.4399983,1,19,11,32,53,530000
"2020-01-19 11:32:56.92",16532,100322,13.02,13.32,87,24.0659,98,26.4037,1,12,0.7,-6.8,0.89,0.4010984,0.4400616,1,19,11,32,56,240000
"2020-01-19 11:32:59.63",16533,100323,13.91,13.33,87,24.0665,98,26.4089,1,12,0.7,-6.8,0.95,0.4011083,0.4401483,1,19,11,32,58,950000
"2020-01-19 11:33:02.21",16534,100324,9.65,13.31,87,24.0669,98,26.4115,1,12,0.7,-6.9,0.67,0.401115,0.4401917,1,19,11,33,1,530000
"2020-01-19 11:33:04.71",16535,100325,13.58,13.33,87,24.0676,98,26.4179,1,12,0.7,-6.9,0.92,0.4011267,0.4402984,1,19,11,33,4,30000
"2020-01-19 11:33:07.09",16536,100326,8.31,13.3,87,24.0682,98,26.4226,1,12,0.7,-6.9,0.58,0.4011367,0.4403767,1,19,11,33,6,410000
"2020-01-19 11:33:08.8",16537,100327,7.747,13.3,87,24.0687,98,26.4278,1,12,0.7,-6.9,0.54,0.401145,0.4404633,1,19,11,33,8,120000
"2020-01-19 11:33:10.71",16538,100328,7.859,13.3,87,24.0693,98,26.4299,1,12,0.7,-7,0.55,0.401155,0.4404983,1,19,11,33,10,30000
"2020-01-19 11:33:12.59",16539,100329,7.635,13.3,87,24.07,98,26.4364,1,12,0.7,-6.9,0.54,0.4011666,0.4406066,1,19,11,33,11,910000
"2020-01-19 11:33:14.49",16540,100330,7.411,13.33,87,24.0702,98,26.4378,1,12,0.7,-7,0.52,0.40117,0.44063,1,19,11,33,13,810000
"2020-01-19 11:33:16.36",16541,100331,7.13,13.3,87,24.0708,98,26.443,1,12,0.7,-7,0.50,0.40118,0.4407167,1,19,11,33,15,680000
"2020-01-19 11:33:18.28",16542,100332,6.402,13.29,87,24.0713,98,26.4474,1,12,0.7,-7,0.46,0.4011884,0.44079,1,19,11,33,17,600000
"2020-01-19 11:33:20.16",16543,100333,8.53,13.29,87,24.072,98,26.4507,1,12,0.7,-7.1,0.59,0.4012,0.440845,1,19,11,33,19,480000
"2020-01-19 11:33:22.05",16544,100334,6.738,13.3,87,24.0727,98,26.4543,1,12,0.7,-7,0.48,0.4012117,0.440905,1,19,11,33,21,370000
"2020-01-19 11:33:23.89",16545,100335,7.747,13.3,87,24.0733,98,26.4588,1,12,0.7,-7.1,0.54,0.4012217,0.44098,1,19,11,33,23,210000
"2020-01-19 11:33:25.81",16546,100336,9.32,13.3,87,24.074,98,26.4635,1,12,0.7,-7.1,0.65,0.4012333,0.4410583,1,19,11,33,25,130000
"2020-01-19 11:33:27.77",16547,100337,11.45,13.29,87,24.0746,98,26.468,1,12,0.7,-7.1,0.79,0.4012433,0.4411334,1,19,11,33,27,90000
"2020-01-19 11:33:29.84",16548,100338,11.11,13.3,87,24.0753,98,26.4697,1,11,0.8,-7.1,0.76,0.401255,0.4411617,1,19,11,33,29,160000
"2020-01-19 11:33:31.73",16549,100339,9.65,13.29,87,24.0762,98,26.4714,1,12,0.7,-7.2,0.67,0.40127,0.44119,1,19,11,33,31,50000
"2020-01-19 11:33:33.72",16550,100340,9.93,13.29,87,24.0769,98,26.4741,1,12,0.7,-7,0.69,0.4012817,0.441235,1,19,11,33,33,40000
"2020-01-19 11:33:36.65",16551,100341,6.626,13.28,87,24.0778,98,26.4795,1,12,0.7,-6.9,0.47,0.4012967,0.441325,1,19,11,33,35,970000
"2020-01-19 11:33:38.75",16552,100342,6.177,13.29,87,24.0781,98,26.479,1,12,0.7,-6.9,0.44,0.4013017,0.4413167,1,19,11,33,38,70000
"2020-01-19 11:33:40.67",16553,100343,10.16,13.29,87,24.0788,98,26.4787,1,12,0.7,-6.9,0.70,0.4013133,0.4413117,1,19,11,33,39,990000
"2020-01-19 11:33:42.91",16554,100344,8.53,13.29,87,24.0794,98,26.4794,1,12,0.7,-6.9,0.59,0.4013233,0.4413233,1,19,11,33,42,230000
"2020-01-19 11:33:44.91",16555,100345,9.65,13.28,87,24.08,98,26.4794,1,12,0.7,-6.9,0.67,0.4013333,0.4413233,1,19,11,33,44,230000
"2020-01-19 11:33:46.9",16556,100346,10.89,13.28,87,24.0807,98,26.4805,1,12,0.7,-7,0.75,0.401345,0.4413417,1,19,11,33,46,220000
"2020-01-19 11:33:48.9",16557,100347,9.09,13.28,87,24.0813,98,26.4819,1,12,0.7,-6.9,0.63,0.401355,0.441365,1,19,11,33,48,220000
"2020-01-19 11:33:50.92",16558,100348,11.67,13.28,87,24.0819,98,26.4814,1,12,0.7,-7,0.80,0.401365,0.4413566,1,19,11,33,50,240000
"2020-01-19 11:33:52.86",16559,100349,9.77,13.29,87,24.0826,98,26.4802,1,12,0.7,-7,0.68,0.4013767,0.4413367,1,19,11,33,52,180000
"2020-01-19 11:33:54.87",16560,100350,9.2,13.28,87,24.0832,98,26.4808,1,12,0.7,-7.1,0.64,0.4013867,0.4413467,1,19,11,33,54,190000
"2020-01-19 11:33:56.88",16561,100351,9.32,13.29,87,24.0838,98,26.4826,1,12,0.7,-7.2,0.65,0.4013967,0.4413766,1,19,11,33,56,200000
"2020-01-19 11:33:59.39",16562,100352,11.45,13.29,87,24.0843,98,26.4828,1,12,0.7,-7.2,0.79,0.401405,0.44138,1,19,11,33,58,710000
"2020-01-19 11:34:01.25",16563,100353,10.55,13.28,87,24.0849,98,26.4848,1,12,0.7,-7.2,0.73,0.401415,0.4414134,1,19,11,34,0,570000
"2020-01-19 11:34:03.13",16564,100354,8.2,13.28,87,24.0855,98,26.4855,1,12,0.7,-7.3,0.57,0.401425,0.441425,1,19,11,34,2,450000
"2020-01-19 11:34:05.24",16565,100355,7.523,13.29,87,24.0862,98,26.488,1,12,0.7,-7.4,0.53,0.4014367,0.4414667,1,19,11,34,4,560000
"2020-01-19 11:34:07.24",16566,100356,9.65,13.28,87,24.0867,98,26.4904,1,12,0.7,-6.7,0.67,0.401445,0.4415067,1,19,11,34,6,560000
"2020-01-19 11:34:09.37",16567,100357,10.21,13.29,87,24.0874,98,26.4912,1,12,0.7,-6.7,0.70,0.4014567,0.44152,1,19,11,34,8,690000
