"TOA5","35279","CR800","35279","CR800.Std.27.04","CPU:AWI_V2.1_Anja.CR8","15615","OperatorView"
"TIMESTAMP","RECORD","Counter","DepthCm","BattVolts","latitude_a","latitude_b","Longitude_a","Longitude_b","fix_quality","nmbr_satellites","HDOP","altitudeB","DepthVolts","LatitudeDDDDD","LongitudeDDDDD","month","dayofmonth","hourofday","minutes","seconds","microseconds"
"TS","RN","","","","degrees","minutes","degrees","minutes","unitless","","","","","","","","","","","",""
"","","Smp","Smp","Smp","Smp","Smp","Smp","Smp","Smp","Smp","Smp","Smp","Smp","Smp","Smp","Smp","Smp","Smp","Smp","Smp","Smp"
"2020-01-19 10:17:16.5",16211,100001,-0.55,13.68,87,23.8335,98,25.1655,1,9,0.9,-0.9,0,0.397225,0.419425,1,19,11,14,56,930000
"2020-01-19 11:20:02.41",16212,100002,120,13.6,87,23.8702,98,25.1008,1,10,0.8,-2.6,7.882,0.3978366,0.4183467,1,19,11,20,1,730000
"2020-01-19 11:20:03.45",16213,100003,120,13.59,87,23.8701,98,25.1005,1,10,0.8,-2.5,7.882,0.397835,0.4183417,1,19,11,20,2,760000
"2020-01-19 11:20:04.49",16214,100004,120,13.6,87,23.8701,98,25.1013,1,10,0.8,-2.5,7.882,0.397835,0.418355,1,19,11,20,3,800000
"2020-01-19 11:20:12.62",16215,100005,6.288,13.61,87,23.8699,98,25.1064,1,10,0.8,-1.8,0.45,0.3978316,0.41844,1,19,11,20,11,940000
"2020-01-19 11:20:20.35",16216,100006,10.32,13.58,87,23.8704,98,25.1098,1,10,0.8,-1.2,0.71,0.39784,0.4184967,1,19,11,20,19,670000
"2020-01-19 11:20:23.2",16217,100007,8.92,13.59,87,23.8707,98,25.1151,1,10,0.8,-0.8,0.62,0.397845,0.418585,1,19,11,20,22,520000
"2020-01-19 11:20:25.88",16218,100008,6.737,13.6,87,23.8714,98,25.1242,1,10,0.8,-0.5,0.48,0.3978567,0.4187367,1,19,11,20,25,200000
"2020-01-19 11:20:28.49",16219,100009,6.064,13.59,87,23.8718,98,25.1287,1,10,0.8,-0.2,0.43,0.3978633,0.4188117,1,19,11,20,27,810000
"2020-01-19 11:20:31.56",16220,100010,5.84,13.59,87,23.8729,98,25.1365,1,10,0.8,0,0.42,0.3978816,0.4189416,1,19,11,20,30,880000
"2020-01-19 11:20:34.23",16221,100011,6.737,13.59,87,23.8733,98,25.1375,1,10,0.8,0,0.48,0.3978883,0.4189583,1,19,11,20,33,550000
"2020-01-19 11:20:37.3",16222,100012,6.737,13.58,87,23.874,98,25.1393,1,10,0.8,-0.2,0.48,0.3979,0.4189883,1,19,11,20,36,610000
"2020-01-19 11:20:39.91",16223,100013,6.4,13.58,87,23.8746,98,25.1379,1,10,0.8,-0.5,0.46,0.39791,0.418965,1,19,11,20,39,230000
"2020-01-19 11:20:42.78",16224,100014,6.625,13.58,87,23.8754,98,25.1386,1,10,0.8,-0.8,0.47,0.3979234,0.4189767,1,19,11,20,42,100000
"2020-01-19 11:20:45.74",16225,100015,7.97,13.58,87,23.8761,98,25.144,1,10,0.8,-0.6,0.56,0.397935,0.4190666,1,19,11,20,45,50000
"2020-01-19 11:20:48.6",16226,100016,6.961,13.58,87,23.8767,98,25.1513,1,10,0.8,-0.3,0.49,0.397945,0.4191884,1,19,11,20,47,920000
"2020-01-19 11:20:51.59",16227,100017,7.073,13.58,87,23.8773,98,25.1551,1,10,0.8,-0.1,0.50,0.397955,0.4192516,1,19,11,20,50,910000
"2020-01-19 11:20:54.65",16228,100018,6.008,13.57,87,23.878,98,25.1578,1,10,0.8,-0.1,0.43,0.3979667,0.4192967,1,19,11,20,53,970000
"2020-01-19 11:20:57.62",16229,100019,6.288,13.56,87,23.8788,98,25.1585,1,10,0.8,-0.4,0.45,0.39798,0.4193083,1,19,11,20,56,940000
"2020-01-19 11:21:00.4",16230,100020,6.737,13.56,87,23.8792,98,25.161,1,10,0.8,-0.3,0.48,0.3979867,0.41935,1,19,11,20,59,720000
"2020-01-19 11:21:03.22",16231,100021,6.737,13.56,87,23.8799,98,25.1659,1,10,0.8,0,0.48,0.3979983,0.4194316,1,19,11,21,2,540000
"2020-01-19 11:21:06.1",16232,100022,7.858,13.56,87,23.8806,98,25.1683,1,10,0.8,0,0.55,0.39801,0.4194717,1,19,11,21,5,420000
"2020-01-19 11:21:09.11",16233,100023,6.849,13.56,87,23.8813,98,25.1678,1,10,0.8,-0.1,0.48,0.3980217,0.4194633,1,19,11,21,8,430000
"2020-01-19 11:21:12.3",16234,100024,4.046,13.55,87,23.8819,98,25.1718,1,10,0.8,0,0.30,0.3980317,0.41953,1,19,11,21,11,620000
"2020-01-19 11:21:15.68",16235,100025,4.943,13.55,87,23.8828,98,25.1735,1,10,0.8,-0.1,0.36,0.3980466,0.4195584,1,19,11,21,15,0
"2020-01-19 11:21:20.92",16236,100026,4.943,13.55,87,23.8832,98,25.172,1,10,0.8,0,0.36,0.3980533,0.4195334,1,19,11,21,20,240000
"2020-01-19 11:21:23.8",16237,100027,5.167,13.55,87,23.884,98,25.1742,1,10,0.8,-0.1,0.37,0.3980667,0.41957,1,19,11,21,23,120000
"2020-01-19 11:21:26.67",16238,100028,4.607,13.55,87,23.8848,98,25.1777,1,10,0.8,-0.1,0.34,0.39808,0.4196283,1,19,11,21,25,990000
"2020-01-19 11:21:29.59",16239,100029,3.934,13.54,87,23.8855,98,25.1812,1,10,0.8,0,0.29,0.3980917,0.4196867,1,19,11,21,28,910000
"2020-01-19 11:21:32.56",16240,100030,4.719,13.55,87,23.8862,98,25.1844,1,10,0.8,-0.1,0.35,0.3981033,0.41974,1,19,11,21,31,870000
"2020-01-19 11:21:35.47",16241,100031,6.288,13.53,87,23.8866,98,25.1867,1,10,0.8,0,0.45,0.39811,0.4197784,1,19,11,21,34,790000
"2020-01-19 11:21:38.63",16242,100032,13.63,13.53,87,23.8876,98,25.1901,1,10,0.8,-0.1,0.93,0.3981267,0.419835,1,19,11,21,37,950000
"2020-01-19 11:21:42.11",16243,100033,26.63,13.53,87,23.8883,98,25.1951,1,10,0.8,0,1.778,0.3981384,0.4199184,1,19,11,21,41,430000
"2020-01-19 11:21:46.01",16244,100034,21.53,13.53,87,23.889,98,25.1973,1,10,0.8,0,1.444,0.39815,0.419955,1,19,11,21,45,330000
"2020-01-19 11:21:49.93",16245,100035,11.11,13.54,87,23.8901,98,25.2008,1,10,0.8,-0.2,0.76,0.3981684,0.4200133,1,19,11,21,49,250000
"2020-01-19 11:21:53.31",16246,100036,6.064,13.53,87,23.8908,98,25.2033,1,10,0.8,-0.3,0.43,0.39818,0.420055,1,19,11,21,52,630000
"2020-01-19 11:21:56.61",16247,100037,10.77,13.53,87,23.8917,98,25.2049,1,10,0.8,-0.3,0.74,0.398195,0.4200817,1,19,11,21,55,930000
"2020-01-19 11:22:00.89",16248,100038,24.11,13.52,87,23.8926,98,25.2091,1,10,0.8,-0.4,1.613,0.39821,0.4201517,1,19,11,22,0,210000
"2020-01-19 11:22:04.25",16249,100039,29.44,13.52,87,23.8933,98,25.2104,1,10,0.8,-0.4,1.961,0.3982216,0.4201733,1,19,11,22,3,570000
"2020-01-19 11:22:07.78",16250,100040,5.84,13.53,87,23.8942,98,25.2132,1,10,0.8,-0.3,0.42,0.3982367,0.42022,1,19,11,22,7.000,100000
"2020-01-19 11:22:11.71",16251,100041,39.81,13.52,87,23.895,98,25.2168,1,10,0.8,-0.2,2.639,0.39825,0.42028,1,19,11,22,11,30000
"2020-01-19 11:22:15.15",16252,100042,41.04,13.52,87,23.8956,98,25.2185,1,10,0.8,-0.3,2.72,0.39826,0.4203083,1,19,11,22,14,470000
"2020-01-19 11:22:20.23",16253,100043,24.56,13.52,87,23.8966,98,25.2213,1,10,0.8,-0.4,1.642,0.3982767,0.420355,1,19,11,22,19,550000
"2020-01-19 11:22:24.18",16254,100044,17.83,13.52,87,23.8973,98,25.2243,1,10,0.8,-0.6,1.202,0.3982883,0.420405,1,19,11,22,23,500000
"2020-01-19 11:22:27.96",16255,100045,10.44,13.52,87,23.8984,98,25.2251,1,10,0.8,-0.7,0.72,0.3983067,0.4204183,1,19,11,22,27,280000
"2020-01-19 11:22:30.98",16256,100046,8.31,13.51,87,23.899,98,25.2268,1,10,0.8,-0.7,0.58,0.3983167,0.4204467,1,19,11,22,30,300000
"2020-01-19 11:22:35.3",16257,100047,5.952,13.51,87,23.9,98,25.2277,1,10,0.8,-0.7,0.43,0.3983334,0.4204616,1,19,11,22,34,620000
"2020-01-19 11:22:38.84",16258,100048,6.288,13.51,87,23.9008,98,25.2279,1,10,0.8,-0.7,0.45,0.3983467,0.420465,1,19,11,22,38,160000
"2020-01-19 11:22:42.08",16259,100049,4.607,13.51,87,23.9015,98,25.2294,1,10,0.8,-0.6,0.34,0.3983584,0.42049,1,19,11,22,41,400000
"2020-01-19 11:22:45.16",16260,100050,4.943,13.51,87,23.9023,98,25.2309,1,10,0.8,-0.5,0.36,0.3983717,0.420515,1,19,11,22,44,480000
"2020-01-19 11:22:48.33",16261,100051,4.943,13.51,87,23.903,98,25.2322,1,10,0.8,-0.6,0.36,0.3983833,0.4205367,1,19,11,22,47,650000
"2020-01-19 11:22:51.38",16262,100052,5.504,13.51,87,23.9037,98,25.2333,1,10,0.8,-0.6,0.40,0.398395,0.420555,1,19,11,22,50,700000
"2020-01-19 11:22:54.4",16263,100053,8.64,13.5,87,23.9045,98,25.2355,1,10,0.8,-0.7,0.60,0.3984083,0.4205917,1,19,11,22,53,720000
"2020-01-19 11:22:57.32",16264,100054,11.22,13.51,87,23.9052,98,25.2373,1,10,0.8,-0.7,0.77,0.39842,0.4206217,1,19,11,22,56,640000
"2020-01-19 11:23:00.81",16265,100055,9.71,13.5,87,23.9063,98,25.2394,1,10,0.8,-0.6,0.67,0.3984383,0.4206567,1,19,11,23,0,130000
"2020-01-19 11:23:04.63",16266,100056,11.89,13.5,87,23.907,98,25.2412,1,10,0.8,-0.7,0.81,0.39845,0.4206867,1,19,11,23,3,950000
"2020-01-19 11:23:07.77",16267,100057,13.57,13.5,87,23.9078,98,25.2426,1,10,0.8,-0.7,0.92,0.3984633,0.42071,1,19,11,23,7.000,90000
"2020-01-19 11:23:10.98",16268,100058,17.78,13.5,87,23.9085,98,25.2447,1,10,0.8,-0.8,1.199,0.398475,0.420745,1,19,11,23,10,300000
"2020-01-19 11:23:14.17",16269,100059,18.4,13.49,87,23.9092,98,25.2461,1,10,0.8,-0.8,1.239,0.3984867,0.4207683,1,19,11,23,13,490000
"2020-01-19 11:23:17.36",16270,100060,17.95,13.49,87,23.9099,98,25.248,1,10,0.8,-0.9,1.21,0.3984984,0.4208,1,19,11,23,16,680000
"2020-01-19 11:23:20.81",16271,100061,24.79,13.49,87,23.9112,98,25.2493,1,10,0.8,-1,1.657,0.39852,0.4208217,1,19,11,23,20,130000
"2020-01-19 11:23:24.31",16272,100062,21.53,13.49,87,23.9118,98,25.2479,1,10,0.8,-0.8,1.444,0.39853,0.4207983,1,19,11,23,23,620000
"2020-01-19 11:23:28.36",16273,100063,37,13.5,87,23.9128,98,25.2525,1,10,0.8,-0.8,2.456,0.3985467,0.420875,1,19,11,23,27,680000
"2020-01-19 11:23:32.82",16274,100064,22.66,13.49,87,23.914,98,25.2594,1,11,0.7,-0.9,1.518,0.3985667,0.42099,1,19,11,23,32,140000
"2020-01-19 11:23:36.42",16275,100065,18.51,13.48,87,23.9147,98,25.2677,1,11,0.7,-0.9,1.246,0.3985783,0.4211283,1,19,11,23,35,740000
"2020-01-19 11:23:41.86",16276,100066,20.41,13.49,87,23.9161,98,25.2781,1,11,0.7,-0.9,1.371,0.3986016,0.4213017,1,19,11,23,41,180000
"2020-01-19 11:23:45.53",16277,100067,10.83,13.49,87,23.9167,98,25.2813,1,11,0.7,-0.7,0.74,0.3986117,0.421355,1,19,11,23,44,850000
"2020-01-19 11:23:49.01",16278,100068,12.01,13.48,87,23.9175,98,25.2914,1,11,0.7,-0.8,0.82,0.398625,0.4215234,1,19,11,23,48,330000
"2020-01-19 11:23:52.89",16279,100069,10.44,13.48,87,23.9183,98,25.2995,1,12,0.7,-0.7,0.72,0.3986383,0.4216583,1,19,11,23,52,210000
"2020-01-19 11:23:56.79",16280,100070,13.35,13.49,87,23.9191,98,25.3068,1,12,0.7,-0.6,0.91,0.3986516,0.42178,1,19,11,23,56,110000
"2020-01-19 11:24:00.13",16281,100071,10.72,13.48,87,23.9197,98,25.3151,1,12,0.7,-0.5,0.74,0.3986617,0.4219183,1,19,11,23,59,450000
"2020-01-19 11:24:02.98",16282,100072,9.65,13.48,87,23.9204,98,25.3211,1,12,0.7,-0.5,0.67,0.3986734,0.4220184,1,19,11,24,2,300000
"2020-01-19 11:24:06.1",16283,100073,9.76,13.48,87,23.921,98,25.3278,1,12,0.7,-0.5,0.68,0.3986833,0.42213,1,19,11,24,5,420000
"2020-01-19 11:24:09.24",16284,100074,14.92,13.48,87,23.9217,98,25.3355,1,12,0.7,-0.5,1.012,0.398695,0.4222584,1,19,11,24,8,560000
"2020-01-19 11:24:12.61",16285,100075,11.56,13.47,87,23.9225,98,25.3409,1,12,0.7,-0.4,0.79,0.3987084,0.4223484,1,19,11,24,11,930000
"2020-01-19 11:24:15.79",16286,100076,13.01,13.47,87,23.9232,98,25.3441,1,12,0.7,-0.5,0.89,0.39872,0.4224017,1,19,11,24,15,110000
"2020-01-19 11:24:19.13",16287,100077,13.91,13.47,87,23.9239,98,25.3484,1,12,0.7,-0.5,0.95,0.3987317,0.4224734,1,19,11,24,18,450000
"2020-01-19 11:24:22.87",16288,100078,11,13.47,87,23.9248,98,25.3576,1,12,0.7,-0.5,0.76,0.3987467,0.4226266,1,19,11,24,22,180000
"2020-01-19 11:24:26.04",16289,100079,13.13,13.46,87,23.9254,98,25.3621,1,12,0.7,-0.3,0.89,0.3987566,0.4227017,1,19,11,24,25,360000
"2020-01-19 11:24:29.45",16290,100080,20.19,13.48,87,23.9261,98,25.3639,1,12,0.7,-0.1,1.356,0.3987683,0.4227317,1,19,11,24,28,770000
"2020-01-19 11:24:33.56",16291,100081,25.46,13.47,87,23.927,98,25.3675,1,12,0.7,-0.1,1.701,0.3987833,0.4227916,1,19,11,24,32,870000
"2020-01-19 11:24:37.32",16292,100082,14.25,13.47,87,23.9278,98,25.3722,1,12,0.7,-0.4,0.97,0.3987966,0.42287,1,19,11,24,36,640000
"2020-01-19 11:24:43.52",16293,100083,10.88,13.47,87,23.9282,98,25.3737,1,12,0.7,-0.6,0.75,0.3988033,0.422895,1,19,11,24,42,840000
"2020-01-19 11:24:45.67",16294,100084,8.14,13.46,87,23.9288,98,25.3794,1,12,0.7,-0.8,0.57,0.3988133,0.42299,1,19,11,24,44,990000
"2020-01-19 11:24:47.73",16295,100085,6.961,13.46,87,23.9294,98,25.3856,1,12,0.7,-1,0.49,0.3988233,0.4230933,1,19,11,24,47,50000
"2020-01-19 11:24:49.72",16296,100086,8.19,13.46,87,23.9299,98,25.3925,1,12,0.7,-1.2,0.57,0.3988317,0.4232083,1,19,11,24,49,40000
"2020-01-19 11:24:51.57",16297,100087,8.7,13.46,87,23.9305,98,25.398,1,12,0.7,-1.2,0.61,0.3988417,0.4233,1,19,11,24,50,890000
"2020-01-19 11:24:53.33",16298,100088,8.08,13.46,87,23.9308,98,25.4004,1,12,0.7,-1.3,0.57,0.3988466,0.42334,1,19,11,24,52,650000
"2020-01-19 11:24:55.09",16299,100089,7.185,13.46,87,23.9314,98,25.4064,1,12,0.7,-1.4,0.51,0.3988567,0.42344,1,19,11,24,54,410000
"2020-01-19 11:24:56.88",16300,100090,7.858,13.46,87,23.9319,98,25.4122,1,12,0.7,-1.5,0.55,0.398865,0.4235367,1,19,11,24,56,200000
"2020-01-19 11:24:58.7",16301,100091,7.297,13.46,87,23.9325,98,25.4191,1,12,0.7,-1.7,0.51,0.398875,0.4236517,1,19,11,24,58,20000
"2020-01-19 11:25:00.55",16302,100092,6.064,13.46,87,23.933,98,25.4259,1,12,0.7,-1.8,0.43,0.3988834,0.423765,1,19,11,24,59,870000
"2020-01-19 11:25:02.36",16303,100093,5.111,13.46,87,23.9333,98,25.4293,1,12,0.7,-1.9,0.37,0.3988883,0.4238216,1,19,11,25,1,680000
"2020-01-19 11:25:04.29",16304,100094,5.279,13.46,87,23.9338,98,25.4367,1,12,0.7,-2,0.38,0.3988967,0.423945,1,19,11,25,3,610000
"2020-01-19 11:25:06.21",16305,100095,6.625,13.46,87,23.9343,98,25.4444,1,12,0.7,-2.1,0.47,0.398905,0.4240733,1,19,11,25,5,530000
"2020-01-19 11:25:08.08",16306,100096,6.737,13.45,87,23.9348,98,25.4503,1,12,0.7,-2.2,0.48,0.3989133,0.4241716,1,19,11,25,7.000,400000
"2020-01-19 11:25:09.91",16307,100097,7.185,13.45,87,23.9354,98,25.4563,1,12,0.7,-2.3,0.51,0.3989233,0.4242717,1,19,11,25,9,230000
"2020-01-19 11:25:11.71",16308,100098,7.185,13.45,87,23.9359,98,25.4651,1,12,0.7,-2.4,0.51,0.3989316,0.4244183,1,19,11,25,11,20000
"2020-01-19 11:25:13.49",16309,100099,5.504,13.47,87,23.9363,98,25.4694,1,12,0.7,-2.5,0.40,0.3989383,0.42449,1,19,11,25,12,810000
"2020-01-19 11:25:15.26",16310,100100,6.849,13.46,87,23.9368,98,25.4731,1,12,0.7,-2.7,0.48,0.3989467,0.4245517,1,19,11,25,14,580000
"2020-01-19 11:25:16.88",16311,100101,9.2,13.46,87,23.9375,98,25.4797,1,12,0.7,-2.7,0.64,0.3989583,0.4246617,1,19,11,25,16,200000
"2020-01-19 11:25:18.77",16312,100102,7.185,13.47,87,23.938,98,25.4858,1,12,0.7,-2.8,0.51,0.3989667,0.4247633,1,19,11,25,18,90000
"2020-01-19 11:25:20.52",16313,100103,7.297,13.46,87,23.9385,98,25.4922,1,12,0.7,-2.9,0.51,0.398975,0.42487,1,19,11,25,19,840000
"2020-01-19 11:25:22.25",16314,100104,6.961,13.45,87,23.9388,98,25.4945,1,12,0.7,-3,0.49,0.39898,0.4249083,1,19,11,25,21,570000
"2020-01-19 11:25:24.03",16315,100105,7.185,13.45,87,23.9393,98,25.4994,1,12,0.7,-3,0.51,0.3989883,0.42499,1,19,11,25,23,350000
"2020-01-19 11:25:25.79",16316,100106,8.75,13.45,87,23.9398,98,25.5057,1,12,0.7,-3.1,0.61,0.3989967,0.425095,1,19,11,25,25,110000
"2020-01-19 11:25:27.58",16317,100107,8.53,13.46,87,23.9404,98,25.5127,1,12,0.7,-3.2,0.59,0.3990067,0.4252116,1,19,11,25,26,900000
"2020-01-19 11:25:29.53",16318,100108,7.297,13.46,87,23.9407,98,25.5156,1,12,0.7,-3.3,0.51,0.3990117,0.42526,1,19,11,25,28,840000
"2020-01-19 11:25:31.23",16319,100109,7.073,13.45,87,23.9413,98,25.5207,1,12,0.7,-3.3,0.50,0.3990216,0.425345,1,19,11,25,30,550000
"2020-01-19 11:25:33.04",16320,100110,8.53,13.45,87,23.9418,98,25.5268,1,12,0.7,-3.4,0.59,0.39903,0.4254466,1,19,11,25,32,360000
"2020-01-19 11:25:34.93",16321,100111,8.87,13.45,87,23.9423,98,25.5322,1,12,0.7,-3.5,0.62,0.3990384,0.4255367,1,19,11,25,34,240000
"2020-01-19 11:25:36.72",16322,100112,12.01,13.45,87,23.9429,98,25.5389,1,12,0.7,-3.6,0.82,0.3990483,0.4256483,1,19,11,25,36,40000
"2020-01-19 11:25:38.9",16323,100113,18.17,13.45,87,23.9435,98,25.5477,1,12,0.7,-3.6,1.224,0.3990584,0.425795,1,19,11,25,38,210000
"2020-01-19 11:25:40.87",16324,100114,15.71,13.45,87,23.944,98,25.5528,1,12,0.7,-3.7,1.063,0.3990666,0.42588,1,19,11,25,40,190000
"2020-01-19 11:25:42.76",16325,100115,7.521,13.45,87,23.9444,98,25.5594,1,12,0.7,-3.8,0.53,0.3990733,0.42599,1,19,11,25,42,80000
"2020-01-19 11:25:44.67",16326,100116,7.634,13.46,87,23.9449,98,25.5664,1,12,0.7,-3.9,0.54,0.3990817,0.4261067,1,19,11,25,43,980000
"2020-01-19 11:25:46.43",16327,100117,8.19,13.45,87,23.9451,98,25.5699,1,12,0.7,-4,0.57,0.399085,0.426165,1,19,11,25,45,750000
"2020-01-19 11:25:48.37",16328,100118,6.793,13.45,87,23.9457,98,25.5771,1,12,0.7,-3.9,0.48,0.399095,0.426285,1,19,11,25,47,680000
"2020-01-19 11:25:50.13",16329,100119,8.14,13.45,87,23.9463,98,25.5839,1,12,0.7,-4.1,0.57,0.399105,0.4263983,1,19,11,25,49,450000
"2020-01-19 11:25:51.94",16330,100120,7.185,13.46,87,23.9469,98,25.5899,1,12,0.7,-4.1,0.51,0.399115,0.4264983,1,19,11,25,51,260000
"2020-01-19 11:25:54.63",16331,100121,7.185,13.46,87,23.9477,98,25.5998,1,12,0.7,-4.2,0.51,0.3991284,0.4266633,1,19,11,25,53,950000
"2020-01-19 11:25:56.39",16332,100122,9.2,13.43,87,23.9479,98,25.6009,1,12,0.7,-4.2,0.64,0.3991317,0.4266817,1,19,11,25,55,710000
"2020-01-19 11:25:58.17",16333,100123,12.57,13.46,87,23.9484,98,25.6069,1,12,0.7,-4.3,0.86,0.39914,0.4267816,1,19,11,25,57,490000
"2020-01-19 11:25:59.94",16334,100124,12.06,13.43,87,23.949,98,25.6139,1,12,0.7,-4.3,0.83,0.39915,0.4268983,1,19,11,25,59,260000
"2020-01-19 11:26:01.82",16335,100125,12.68,13.43,87,23.9496,98,25.6201,1,12,0.7,-4.4,0.87,0.39916,0.4270016,1,19,11,26,1,140000
"2020-01-19 11:26:03.65",16336,100126,13.52,13.45,87,23.9503,98,25.6266,1,12,0.7,-4.5,0.92,0.3991717,0.42711,1,19,11,26,2,970000
"2020-01-19 11:26:05.76",16337,100127,13.01,13.43,87,23.951,98,25.6321,1,12,0.7,-4.5,0.89,0.3991833,0.4272016,1,19,11,26,5,80000
"2020-01-19 11:26:07.55",16338,100128,13.24,13.47,87,23.9515,98,25.6365,1,12,0.7,-4.6,0.90,0.3991917,0.427275,1,19,11,26,6,870000
"2020-01-19 11:26:09.37",16339,100129,15.14,13.44,87,23.9518,98,25.6385,1,12,0.7,-4.6,1.026,0.3991966,0.4273084,1,19,11,26,8,690000
"2020-01-19 11:26:11.17",16340,100130,13.91,13.45,87,23.9524,98,25.6421,1,12,0.7,-4.6,0.95,0.3992067,0.4273683,1,19,11,26,10,490000
"2020-01-19 11:26:13.15",16341,100131,13.58,13.43,87,23.953,98,25.6459,1,12,0.7,-4.7,0.92,0.3992166,0.4274317,1,19,11,26,12,460000
"2020-01-19 11:26:15.29",16342,100132,12.9,13.43,87,23.9535,98,25.6494,1,12,0.7,-4.8,0.88,0.399225,0.42749,1,19,11,26,14,610000
"2020-01-19 11:26:17.15",16343,100133,11.22,13.43,87,23.9541,98,25.6528,1,12,0.7,-4.9,0.77,0.399235,0.4275466,1,19,11,26,16,470000
"2020-01-19 11:26:19.08",16344,100134,13.01,13.43,87,23.9546,98,25.6572,1,12,0.7,-4.9,0.89,0.3992433,0.42762,1,19,11,26,18,400000
"2020-01-19 11:26:20.96",16345,100135,15.76,13.43,87,23.9551,98,25.6616,1,12,0.7,-5,1.067,0.3992516,0.4276933,1,19,11,26,20,270000
"2020-01-19 11:26:22.8",16346,100136,16.55,13.43,87,23.9556,98,25.666,1,12,0.7,-5.1,1.118,0.39926,0.4277667,1,19,11,26,22,120000
"2020-01-19 11:26:25.03",16347,100137,13.74,13.43,87,23.9562,98,25.672,1,12,0.7,-5.2,0.94,0.39927,0.4278667,1,19,11,26,24,350000
"2020-01-19 11:26:26.97",16348,100138,10.32,13.43,87,23.9567,98,25.677,1,11,0.8,-5.3,0.71,0.3992783,0.42795,1,19,11,26,26,290000
"2020-01-19 11:26:28.96",16349,100139,11.89,13.44,87,23.9571,98,25.6801,1,11,0.8,-5.4,0.81,0.399285,0.4280017,1,19,11,26,28,280000
"2020-01-19 11:26:31.28",16350,100140,10.88,13.42,87,23.9576,98,25.6839,1,12,0.7,-5.4,0.75,0.3992933,0.428065,1,19,11,26,30,600000
"2020-01-19 11:26:33.04",16351,100141,9.82,13.42,87,23.9581,98,25.6851,1,12,0.7,-5.4,0.68,0.3993016,0.428085,1,19,11,26,32,360000
"2020-01-19 11:26:34.89",16352,100142,10.49,13.43,87,23.9586,98,25.6895,1,12,0.7,-5.4,0.72,0.39931,0.4281584,1,19,11,26,34,210000
"2020-01-19 11:26:36.84",16353,100143,9.99,13.42,87,23.9592,98,25.694,1,12,0.7,-5.4,0.69,0.39932,0.4282333,1,19,11,26,36,160000
"2020-01-19 11:26:38.71",16354,100144,12.79,13.42,87,23.9598,98,25.6979,1,12,0.7,-5.4,0.87,0.39933,0.4282984,1,19,11,26,38,30000
"2020-01-19 11:26:40.49",16355,100145,16.15,13.43,87,23.9601,98,25.6993,1,12,0.7,-5.4,1.092,0.399335,0.4283217,1,19,11,26,39,810000
"2020-01-19 11:26:42.58",16356,100146,14.47,13.42,87,23.961,98,25.704,1,12,0.7,-5.4,0.98,0.39935,0.4284,1,19,11,26,41,900000
"2020-01-19 11:26:44.42",16357,100147,18.62,13.43,87,23.9613,98,25.7053,1,12,0.7,-5.4,1.254,0.399355,0.4284216,1,19,11,26,43,740000
"2020-01-19 11:26:46.37",16358,100148,18.17,13.42,87,23.9618,98,25.7092,1,11,0.7,-5.4,1.224,0.3993633,0.4284867,1,19,11,26,45,690000
"2020-01-19 11:26:49.03",16359,100149,13.46,13.42,87,23.9626,98,25.7139,1,12,0.7,-5.4,0.92,0.3993767,0.428565,1,19,11,26,48,350000
"2020-01-19 11:26:51.04",16360,100150,14.36,13.42,87,23.9629,98,25.7158,1,12,0.7,-5.5,0.98,0.3993817,0.4285966,1,19,11,26,50,360000
"2020-01-19 11:26:52.93",16361,100151,14.14,13.42,87,23.9635,98,25.7192,1,11,0.7,-5.5,0.96,0.3993916,0.4286533,1,19,11,26,52,250000
"2020-01-19 11:26:55.02",16362,100152,15.03,13.41,87,23.964,98,25.7226,1,11,0.7,-5.6,1.019,0.3994,0.42871,1,19,11,26,54,340000
"2020-01-19 11:26:56.94",16363,100153,13.69,13.41,87,23.9645,98,25.7257,1,12,0.7,-5.6,0.93,0.3994084,0.4287617,1,19,11,26,56,250000
"2020-01-19 11:26:58.86",16364,100154,14.92,13.41,87,23.9651,98,25.7311,1,12,0.7,-5.6,1.012,0.3994183,0.4288517,1,19,11,26,58,180000
"2020-01-19 11:27:00.93",16365,100155,12.06,13.41,87,23.9656,98,25.7354,1,12,0.7,-5.7,0.83,0.3994266,0.4289233,1,19,11,27,0,240000
"2020-01-19 11:27:02.84",16366,100156,9.03,13.41,87,23.9662,98,25.739,1,12,0.7,-5.7,0.63,0.3994366,0.4289833,1,19,11,27,2,160000
"2020-01-19 11:27:04.75",16367,100157,11.89,13.41,87,23.9668,98,25.7442,1,12,0.7,-5.8,0.81,0.3994467,0.42907,1,19,11,27,4,70000
"2020-01-19 11:27:06.6",16368,100158,11.45,13.41,87,23.9673,98,25.749,1,12,0.7,-5.8,0.79,0.399455,0.42915,1,19,11,27,5,920000
"2020-01-19 11:27:08.52",16369,100159,12.79,13.41,87,23.9676,98,25.7508,1,12,0.7,-5.8,0.87,0.39946,0.42918,1,19,11,27,7.000,830000
"2020-01-19 11:27:11.31",16370,100160,16.38,13.41,87,23.9684,98,25.7568,1,12,0.7,-5.8,1.107,0.3994733,0.42928,1,19,11,27,10,630000
"2020-01-19 11:27:14.57",16371,100161,19.18,13.41,87,23.9692,98,25.7635,1,12,0.7,-5.9,1.29,0.3994867,0.4293917,1,19,11,27,13,880000
"2020-01-19 11:27:18.09",16372,100162,21.98,13.41,87,23.9698,98,25.7648,1,12,0.7,-6,1.474,0.3994967,0.4294133,1,19,11,27,17,410000
"2020-01-19 11:27:20.38",16373,100163,17.61,13.41,87,23.97,98,25.7641,1,12,0.7,-6,1.188,0.3995,0.4294017,1,19,11,27,19,690000
"2020-01-19 11:27:23.53",16374,100164,22.21,13.42,87,23.9708,98,25.7681,1,12,0.7,-6,1.488,0.3995133,0.4294683,1,19,11,27,22,850000
"2020-01-19 11:27:25.92",16375,100165,21.53,13.42,87,23.9713,98,25.7711,1,12,0.7,-6.1,1.444,0.3995217,0.4295183,1,19,11,27,25,240000
"2020-01-19 11:27:29.28",16376,100166,20.86,13.41,87,23.972,98,25.7768,1,12,0.7,-6.1,1.4,0.3995333,0.4296133,1,19,11,27,28,600000
"2020-01-19 11:27:31.41",16377,100167,20.3,13.41,87,23.9724,98,25.7816,1,12,0.7,-6.2,1.364,0.39954,0.4296934,1,19,11,27,30,730000
"2020-01-19 11:27:33.46",16378,100168,20.97,13.41,87,23.973,98,25.7852,1,11,0.7,-6.2,1.408,0.39955,0.4297533,1,19,11,27,32,780000
"2020-01-19 11:27:35.49",16379,100169,21.09,13.4,87,23.9734,98,25.7903,1,11,0.7,-6.3,1.415,0.3995567,0.4298383,1,19,11,27,34,810000
"2020-01-19 11:27:37.39",16380,100170,18.06,13.4,87,23.974,98,25.7952,1,12,0.7,-6.4,1.217,0.3995667,0.42992,1,19,11,27,36,710000
"2020-01-19 11:27:39.32",16381,100171,17.72,13.4,87,23.9746,98,25.8001,1,12,0.7,-6.4,1.195,0.3995767,0.4300017,1,19,11,27,38,640000
"2020-01-19 11:27:41.51",16382,100172,18.84,13.4,87,23.9751,98,25.8051,1,11,0.7,-6.5,1.268,0.399585,0.430085,1,19,11,27,40,830000
"2020-01-19 11:27:44.26",16383,100173,18.96,13.39,87,23.976,98,25.8108,1,12,0.7,-6.5,1.276,0.3996,0.43018,1,19,11,27,43,580000
"2020-01-19 11:27:47.34",16384,100174,20.02,13.4,87,23.9765,98,25.8129,1,12,0.7,-6.6,1.345,0.3996083,0.430215,1,19,11,27,46,660000
"2020-01-19 11:27:49.34",16385,100175,16.04,13.4,87,23.977,98,25.8176,1,11,0.7,-6.7,1.085,0.3996166,0.4302934,1,19,11,27,48,660000
"2020-01-19 11:27:52.04",16386,100176,22.43,13.39,87,23.9777,98,25.8241,1,12,0.7,-6.8,1.503,0.3996283,0.4304017,1,19,11,27,51,360000
"2020-01-19 11:27:54.26",16387,100177,19.18,13.39,87,23.978,98,25.8251,1,12,0.7,-6.9,1.29,0.3996334,0.4304184,1,19,11,27,53,580000
"2020-01-19 11:27:56.49",16388,100178,21.2,13.4,87,23.9785,98,25.8287,1,12,0.7,-6.9,1.422,0.3996417,0.4304783,1,19,11,27,55,810000
"2020-01-19 11:27:58.65",16389,100179,19.07,13.39,87,23.9793,98,25.8369,1,12,0.7,-7,1.283,0.399655,0.430615,1,19,11,27,57,970000
"2020-01-19 11:28:00.64",16390,100180,16.15,13.39,87,23.9799,98,25.8406,1,12,0.7,-7,1.092,0.399665,0.4306766,1,19,11,27,59,960000
"2020-01-19 11:28:02.73",16391,100181,16.15,13.39,87,23.9805,98,25.8447,1,12,0.7,-7.1,1.092,0.399675,0.430745,1,19,11,28,2,50000
"2020-01-19 11:28:04.77",16392,100182,14.14,13.38,87,23.9811,98,25.8501,1,12,0.7,-7.2,0.96,0.399685,0.430835,1,19,11,28,4,80000
"2020-01-19 11:28:06.86",16393,100183,8.42,13.39,87,23.9817,98,25.8546,1,12,0.7,-7.2,0.59,0.399695,0.43091,1,19,11,28,6,180000
"2020-01-19 11:28:08.93",16394,100184,25.8,13.39,87,23.9822,98,25.8586,1,12,0.7,-7.3,1.723,0.3997034,0.4309767,1,19,11,28,8,250000
"2020-01-19 11:28:13.59",16395,100185,28.15,13.39,87,23.983,98,25.8655,1,12,0.7,-7.1,1.877,0.3997167,0.4310917,1,19,11,28,12,900000
"2020-01-19 11:28:16.78",16396,100186,15.93,13.42,87,23.9835,98,25.8688,1,11,0.8,-7.1,1.078,0.399725,0.4311466,1,19,11,28,16,100000
"2020-01-19 11:28:18.92",16397,100187,13.58,13.39,87,23.984,98,25.8703,1,12,0.7,-7.2,0.92,0.3997333,0.4311717,1,19,11,28,18,240000
"2020-01-19 11:28:20.83",16398,100188,13.91,13.38,87,23.9844,98,25.8727,1,12,0.7,-7.3,0.95,0.39974,0.4312116,1,19,11,28,20,150000
"2020-01-19 11:28:22.65",16399,100189,11.56,13.38,87,23.9851,98,25.8784,1,12,0.7,-7.3,0.79,0.3997517,0.4313067,1,19,11,28,21,970000
"2020-01-19 11:28:24.51",16400,100190,8.64,13.38,87,23.9855,98,25.8823,1,12,0.7,-7.5,0.60,0.3997583,0.4313716,1,19,11,28,23,830000
"2020-01-19 11:28:26.47",16401,100191,9.48,13.38,87,23.9862,98,25.8867,1,12,0.7,-7.6,0.66,0.39977,0.431445,1,19,11,28,25,780000
"2020-01-19 11:28:28.34",16402,100192,10.16,13.37,87,23.9869,98,25.8927,1,12,0.7,-7.5,0.70,0.3997817,0.431545,1,19,11,28,27,650000
"2020-01-19 11:28:30.21",16403,100193,10.32,13.38,87,23.9875,98,25.8967,1,12,0.7,-7.4,0.71,0.3997916,0.4316116,1,19,11,28,29,530000
"2020-01-19 11:28:32.04",16404,100194,9.99,13.39,87,23.9882,98,25.8998,1,12,0.7,-7.4,0.69,0.3998033,0.4316633,1,19,11,28,31,360000
"2020-01-19 11:28:33.94",16405,100195,8.87,13.41,87,23.9888,98,25.9032,1,12,0.7,-7.5,0.62,0.3998133,0.43172,1,19,11,28,33,260000
"2020-01-19 11:28:35.8",16406,100196,8.64,13.38,87,23.9894,98,25.9071,1,12,0.7,-7.5,0.60,0.3998233,0.431785,1,19,11,28,35,120000
"2020-01-19 11:28:37.63",16407,100197,7.41,13.39,87,23.99,98,25.9116,1,12,0.7,-7.6,0.52,0.3998333,0.43186,1,19,11,28,36,950000
"2020-01-19 11:28:39.52",16408,100198,10.32,13.41,87,23.9904,98,25.9133,1,12,0.7,-7.6,0.71,0.39984,0.4318883,1,19,11,28,38,830000
"2020-01-19 11:28:41.26",16409,100199,10.66,13.4,87,23.991,98,25.9172,1,12,0.7,-7.5,0.73,0.39985,0.4319534,1,19,11,28,40,580000
"2020-01-19 11:28:43.14",16410,100200,12.45,13.38,87,23.9916,98,25.9224,1,12,0.7,-7.6,0.85,0.39986,0.43204,1,19,11,28,42,460000
"2020-01-19 11:28:45.24",16411,100201,11.5,13.38,87,23.9922,98,25.9259,1,12,0.7,-7.5,0.79,0.39987,0.4320983,1,19,11,28,44,560000
"2020-01-19 11:28:47.03",16412,100202,13.69,13.37,87,23.9928,98,25.9301,1,12,0.7,-7.5,0.93,0.39988,0.4321683,1,19,11,28,46,350000
"2020-01-19 11:28:48.98",16413,100203,12.29,13.39,87,23.9933,98,25.9343,1,12,0.7,-7.5,0.84,0.3998883,0.4322383,1,19,11,28,48,290000
"2020-01-19 11:28:50.85",16414,100204,13.24,13.38,87,23.9938,98,25.9388,1,12,0.7,-7.5,0.90,0.3998966,0.4323134,1,19,11,28,50,170000
"2020-01-19 11:28:52.71",16415,100205,12.12,13.4,87,23.9944,98,25.9458,1,12,0.7,-7.5,0.83,0.3999067,0.43243,1,19,11,28,52,30000
"2020-01-19 11:28:54.61",16416,100206,10.32,13.4,87,23.995,98,25.9514,1,12,0.7,-7.5,0.71,0.3999167,0.4325233,1,19,11,28,53,930000
"2020-01-19 11:28:56.47",16417,100207,9.99,13.38,87,23.9954,98,25.9545,1,12,0.7,-7.5,0.69,0.3999233,0.432575,1,19,11,28,55,790000
"2020-01-19 11:28:58.26",16418,100208,9.88,13.39,87,23.9959,98,25.9592,1,12,0.7,-7.4,0.68,0.3999316,0.4326533,1,19,11,28,57,580000
"2020-01-19 11:29:00.11",16419,100209,9.09,13.38,87,23.9965,98,25.9648,1,12,0.7,-7.4,0.63,0.3999416,0.4327467,1,19,11,28,59,430000
"2020-01-19 11:29:01.97",16420,100210,9.48,13.38,87,23.9971,98,25.9718,1,12,0.7,-7.3,0.66,0.3999517,0.4328633,1,19,11,29,1,290000
"2020-01-19 11:29:03.82",16421,100211,9.09,13.37,87,23.9977,98,25.9778,1,12,0.7,-7.4,0.63,0.3999616,0.4329634,1,19,11,29,3,140000
"2020-01-19 11:29:05.7",16422,100212,8.92,13.37,87,23.9982,98,25.9815,1,12,0.7,-7.4,0.62,0.39997,0.433025,1,19,11,29,5,20000
"2020-01-19 11:29:08.04",16423,100213,17.84,13.37,87,23.9989,98,25.9864,1,12,0.7,-7.4,1.202,0.3999816,0.4331067,1,19,11,29,7.000,360000
"2020-01-19 11:29:10.03",16424,100214,14.58,13.39,87,23.9993,98,25.983,1,12,0.7,-7.3,0.99,0.3999883,0.43305,1,19,11,29,9,350000
"2020-01-19 11:29:12.23",16425,100215,30.17,13.4,87,23.9999,98,25.9789,1,12,0.7,-7.1,2.009,0.3999983,0.4329817,1,19,11,29,11,550000
"2020-01-19 11:29:14.39",16426,100216,20.41,13.4,87,24.0004,98,25.9778,1,12,0.7,-7.1,1.371,0.4000067,0.4329634,1,19,11,29,13,710000
"2020-01-19 11:29:16.58",16427,100217,18.79,13.37,87,24.0012,98,25.9861,1,12,0.7,-7.2,1.265,0.40002,0.4331016,1,19,11,29,15,900000
"2020-01-19 11:29:18.44",16428,100218,12.79,13.4,87,24.0015,98,25.987,1,12,0.7,-7.2,0.87,0.400025,0.4331166,1,19,11,29,17,760000
"2020-01-19 11:29:20.3",16429,100219,13.69,13.39,87,24.0021,98,25.9903,1,12,0.7,-7.1,0.93,0.400035,0.4331716,1,19,11,29,19,620000
"2020-01-19 11:29:22.68",16430,100220,13.46,13.38,87,24.0032,98,25.9937,1,12,0.7,-6.9,0.92,0.4000534,0.4332284,1,19,11,29,22,0
"2020-01-19 11:29:24.58",16431,100221,10.89,13.37,87,24.0038,98,25.9987,1,12,0.7,-6.9,0.75,0.4000633,0.4333116,1,19,11,29,23,900000
"2020-01-19 11:29:27.55",16432,100222,10.66,13.4,87,24.0046,98,26.0036,1,12,0.7,-6.8,0.73,0.4000767,0.4333933,1,19,11,29,26,870000
"2020-01-19 11:29:29.7",16433,100223,9.65,13.4,87,24.005,98,26.0066,1,12,0.7,-6.8,0.67,0.4000833,0.4334433,1,19,11,29,29,20000
"2020-01-19 11:29:31.58",16434,100224,5.616,13.41,87,24.0056,98,26.0098,1,12,0.7,-6.8,0.40,0.4000934,0.4334966,1,19,11,29,30,900000
"2020-01-19 11:29:33.57",16435,100225,6.177,13.39,87,24.0062,98,26.0133,1,12,0.7,-6.8,0.44,0.4001034,0.433555,1,19,11,29,32,880000
"2020-01-19 11:29:35.41",16436,100226,9.32,13.41,87,24.0065,98,26.0155,1,12,0.7,-6.8,0.65,0.4001083,0.4335917,1,19,11,29,34,730000
"2020-01-19 11:29:37.55",16437,100227,9.76,13.37,87,24.0074,98,26.0214,1,12,0.7,-6.8,0.68,0.4001233,0.43369,1,19,11,29,36,870000
"2020-01-19 11:29:39.22",16438,100228,7.859,13.38,87,24.0078,98,26.0234,1,12,0.7,-6.8,0.55,0.40013,0.4337233,1,19,11,29,38,540000
"2020-01-19 11:29:41.09",16439,100229,9.2,13.4,87,24.0084,98,26.0285,1,12,0.7,-6.8,0.64,0.40014,0.4338083,1,19,11,29,40,410000
"2020-01-19 11:29:43.15",16440,100230,9.2,13.37,87,24.009,98,26.0324,1,12,0.7,-6.8,0.64,0.40015,0.4338733,1,19,11,29,42,470000
"2020-01-19 11:29:44.98",16441,100231,11,13.38,87,24.0096,98,26.0368,1,12,0.7,-6.8,0.76,0.40016,0.4339467,1,19,11,29,44,300000
"2020-01-19 11:29:46.93",16442,100232,14.42,13.37,87,24.0103,98,26.0408,1,12,0.7,-6.8,0.98,0.4001717,0.4340133,1,19,11,29,46,250000
"2020-01-19 11:29:48.89",16443,100233,25.68,13.37,87,24.0109,98,26.046,1,12,0.7,-6.8,1.716,0.4001817,0.4341,1,19,11,29,48,210000
"2020-01-19 11:29:51.03",16444,100234,29.16,13.36,87,24.0114,98,26.0501,1,12,0.7,-6.7,1.943,0.40019,0.4341683,1,19,11,29,50,350000
"2020-01-19 11:29:52.98",16445,100235,25.57,13.37,87,24.0119,98,26.0535,1,12,0.7,-6.7,1.708,0.4001984,0.434225,1,19,11,29,52,300000
"2020-01-19 11:29:54.86",16446,100236,18.17,13.38,87,24.0124,98,26.0589,1,12,0.7,-6.8,1.225,0.4002066,0.434315,1,19,11,29,54,180000
"2020-01-19 11:29:56.83",16447,100237,14.75,13.38,87,24.0131,98,26.0638,1,12,0.7,-6.7,1.001,0.4002183,0.4343967,1,19,11,29,56,150000
"2020-01-19 11:29:58.79",16448,100238,13.46,13.37,87,24.0137,98,26.0684,1,12,0.7,-6.8,0.92,0.4002284,0.4344733,1,19,11,29,58,110000
"2020-01-19 11:30:00.7",16449,100239,10.89,13.39,87,24.0144,98,26.0738,1,12,0.7,-6.8,0.75,0.40024,0.4345633,1,19,11,30,0,10000
"2020-01-19 11:30:02.72",16450,100240,11.5,13.4,87,24.015,98,26.0795,1,12,0.7,-6.9,0.79,0.40025,0.4346584,1,19,11,30,2,40000
"2020-01-19 11:30:04.57",16451,100241,10.44,13.37,87,24.0157,98,26.0835,1,12,0.7,-6.9,0.72,0.4002617,0.434725,1,19,11,30,3,880000
"2020-01-19 11:30:06.79",16452,100242,10.1,13.36,87,24.0163,98,26.0881,1,12,0.7,-6.9,0.70,0.4002717,0.4348017,1,19,11,30,6,110000
"2020-01-19 11:30:08.82",16453,100243,8.76,13.38,87,24.0167,98,26.0927,1,12,0.7,-6.9,0.61,0.4002784,0.4348783,1,19,11,30,8,130000
"2020-01-19 11:30:10.66",16454,100244,8.76,13.37,87,24.0174,98,26.0972,1,12,0.7,-7,0.61,0.40029,0.4349533,1,19,11,30,9,980000
"2020-01-19 11:30:12.47",16455,100245,9.04,13.38,87,24.0177,98,26.0997,1,12,0.7,-7,0.63,0.400295,0.434995,1,19,11,30,11,790000
"2020-01-19 11:30:14.29",16456,100246,11,13.38,87,24.0183,98,26.105,1,12,0.7,-6.9,0.76,0.400305,0.4350833,1,19,11,30,13,610000
"2020-01-19 11:30:16.19",16457,100247,12.23,13.4,87,24.019,98,26.1093,1,12,0.7,-6.8,0.84,0.4003166,0.435155,1,19,11,30,15,510000
"2020-01-19 11:30:17.99",16458,100248,12.23,13.37,87,24.0196,98,26.1136,1,12,0.7,-6.7,0.84,0.4003267,0.4352266,1,19,11,30,17,310000
"2020-01-19 11:30:19.8",16459,100249,9.54,13.35,87,24.0203,98,26.1172,1,12,0.7,-6.8,0.66,0.4003383,0.4352867,1,19,11,30,19,120000
"2020-01-19 11:30:21.59",16460,100250,8.98,13.36,87,24.0212,98,26.1256,1,12,0.7,-6.7,0.62,0.4003534,0.4354267,1,19,11,30,20,900000
"2020-01-19 11:30:23.47",16461,100251,10.21,13.37,87,24.0215,98,26.1291,1,12,0.7,-6.7,0.70,0.4003583,0.435485,1,19,11,30,22,780000
"2020-01-19 11:30:25.25",16462,100252,8.53,13.38,87,24.0222,98,26.1335,1,12,0.7,-6.7,0.59,0.40037,0.4355583,1,19,11,30,24,570000
"2020-01-19 11:30:27.13",16463,100253,6.682,13.38,87,24.0229,98,26.1336,1,12,0.7,-6.7,0.47,0.4003816,0.43556,1,19,11,30,26,450000
"2020-01-19 11:30:28.86",16464,100254,8.31,13.35,87,24.0236,98,26.1358,1,12,0.7,-6.6,0.58,0.4003933,0.4355966,1,19,11,30,28,180000
"2020-01-19 11:30:30.69",16465,100255,5.504,13.35,87,24.0243,98,26.1421,1,12,0.7,-6.7,0.40,0.400405,0.4357017,1,19,11,30,30,10000
"2020-01-19 11:30:32.57",16466,100256,6.289,13.37,87,24.025,98,26.1475,1,12,0.7,-6.7,0.45,0.4004167,0.4357916,1,19,11,30,31,880000
"2020-01-19 11:30:34.33",16467,100257,5.729,13.35,87,24.0254,98,26.1493,1,12,0.7,-6.7,0.41,0.4004234,0.4358216,1,19,11,30,33,650000
"2020-01-19 11:30:36.09",16468,100258,6.457,13.35,87,24.0261,98,26.1541,1,12,0.7,-6.7,0.46,0.400435,0.4359017,1,19,11,30,35,410000
"2020-01-19 11:30:37.88",16469,100259,6.625,13.36,87,24.0268,98,26.1591,1,12,0.7,-6.7,0.47,0.4004467,0.435985,1,19,11,30,37,200000
"2020-01-19 11:30:39.61",16470,100260,6.345,13.35,87,24.0275,98,26.1651,1,12,0.7,-6.8,0.45,0.4004583,0.436085,1,19,11,30,38,930000
"2020-01-19 11:30:41.42",16471,100261,5.841,13.34,87,24.0279,98,26.1678,1,12,0.7,-6.7,0.42,0.400465,0.43613,1,19,11,30,40,730000
"2020-01-19 11:30:43.15",16472,100262,6.513,13.35,87,24.0286,98,26.1724,1,12,0.7,-6.7,0.46,0.4004767,0.4362067,1,19,11,30,42,470000
"2020-01-19 11:30:44.99",16473,100263,5.953,13.34,87,24.0293,98,26.1766,1,12,0.7,-6.7,0.43,0.4004884,0.4362766,1,19,11,30,44,310000
"2020-01-19 11:30:46.69",16474,100264,5.953,13.34,87,24.0299,98,26.1832,1,12,0.7,-6.7,0.43,0.4004983,0.4363867,1,19,11,30,46,10000
"2020-01-19 11:30:48.56",16475,100265,10.89,13.34,87,24.0306,98,26.1876,1,12,0.7,-6.7,0.75,0.40051,0.43646,1,19,11,30,47,880000
"2020-01-19 11:30:50.36",16476,100266,14.19,13.35,87,24.031,98,26.1892,1,12,0.7,-6.6,0.96,0.4005166,0.4364867,1,19,11,30,49,680000
"2020-01-19 11:30:52.27",16477,100267,10.77,13.36,87,24.0317,98,26.1941,1,12,0.7,-6.6,0.74,0.4005284,0.4365683,1,19,11,30,51,590000
"2020-01-19 11:30:54.21",16478,100268,7.41,13.35,87,24.0324,98,26.1983,1,12,0.7,-6.6,0.52,0.40054,0.4366383,1,19,11,30,53,530000
"2020-01-19 11:30:55.95",16479,100269,8.08,13.36,87,24.0329,98,26.2008,1,12,0.7,-6.7,0.57,0.4005483,0.43668,1,19,11,30,55,270000
"2020-01-19 11:30:57.67",16480,100270,8.2,13.34,87,24.0338,98,26.2051,1,12,0.7,-6.8,0.57,0.4005633,0.4367517,1,19,11,30,56,990000
"2020-01-19 11:31:02.42",16481,100271,7.971,13.33,87,24.0346,98,26.2084,1,12,0.7,-6.9,0.56,0.4005766,0.4368067,1,19,11,31,1,740000
"2020-01-19 11:31:04.37",16482,100272,7.803,13.34,87,24.0349,98,26.2137,1,12,0.7,-7,0.55,0.4005817,0.436895,1,19,11,31,3,690000
"2020-01-19 11:31:07.09",16483,100273,6.738,13.33,87,24.0357,98,26.2148,1,12,0.7,-6.8,0.48,0.400595,0.4369134,1,19,11,31,6,410000
"2020-01-19 11:31:09.05",16484,100274,6.289,13.36,87,24.0361,98,26.2166,1,12,0.7,-6.8,0.45,0.4006017,0.4369434,1,19,11,31,8,370000
"2020-01-19 11:31:10.79",16485,100275,5.841,13.34,87,24.0366,98,26.2175,1,12,0.7,-6.9,0.42,0.40061,0.4369584,1,19,11,31,10,110000
"2020-01-19 11:31:12.71",16486,100276,5.841,13.36,87,24.0374,98,26.2195,1,12,0.7,-6.9,0.42,0.4006233,0.4369917,1,19,11,31,12,30000
"2020-01-19 11:31:14.54",16487,100277,6.121,13.35,87,24.0383,98,26.2211,1,12,0.7,-6.8,0.44,0.4006383,0.4370183,1,19,11,31,13,850000
"2020-01-19 11:31:16.66",16488,100278,6.065,13.36,87,24.0391,98,26.224,1,12,0.7,-6.4,0.43,0.4006517,0.4370667,1,19,11,31,15,980000
"2020-01-19 11:31:18.38",16489,100279,6.289,13.35,87,24.0394,98,26.225,1,12,0.7,-6.6,0.45,0.4006567,0.4370833,1,19,11,31,17,700000
"2020-01-19 11:31:20.3",16490,100280,6.85,13.35,87,24.04,98,26.2263,1,12,0.7,-6.5,0.48,0.4006667,0.437105,1,19,11,31,19,620000
"2020-01-19 11:31:22.17",16491,100281,6.962,13.34,87,24.0407,98,26.2284,1,12,0.7,-6.5,0.49,0.4006783,0.43714,1,19,11,31,21,490000
"2020-01-19 11:31:23.99",16492,100282,7.971,13.33,87,24.0414,98,26.2309,1,12,0.7,-6.5,0.56,0.40069,0.4371816,1,19,11,31,23,310000
"2020-01-19 11:31:25.92",16493,100283,10.83,13.34,87,24.042,98,26.2337,1,12,0.7,-6.5,0.74,0.4007,0.4372283,1,19,11,31,25,240000
"2020-01-19 11:31:27.78",16494,100284,9.54,13.35,87,24.0427,98,26.2351,1,12,0.7,-6.5,0.66,0.4007116,0.4372516,1,19,11,31,27,100000
"2020-01-19 11:31:29.83",16495,100285,9.09,13.34,87,24.0435,98,26.2365,1,12,0.7,-6.5,0.63,0.400725,0.437275,1,19,11,31,29,150000
"2020-01-19 11:31:31.59",16496,100286,8.42,13.32,87,24.0441,98,26.2391,1,12,0.7,-6.6,0.59,0.400735,0.4373183,1,19,11,31,30,910000
"2020-01-19 11:31:33.44",16497,100287,6.962,13.34,87,24.0444,98,26.2399,1,12,0.7,-6.6,0.49,0.40074,0.4373317,1,19,11,31,32,760000
"2020-01-19 11:31:35.33",16498,100288,7.971,13.35,87,24.0452,98,26.2429,1,12,0.7,-6.6,0.56,0.4007534,0.4373817,1,19,11,31,34,650000
"2020-01-19 11:31:37.16",16499,100289,8.64,13.34,87,24.0458,98,26.2465,1,12,0.7,-6.5,0.60,0.4007633,0.4374417,1,19,11,31,36,480000
"2020-01-19 11:31:38.99",16500,100290,7.186,13.33,87,24.0465,98,26.2504,1,12,0.7,-6.6,0.51,0.400775,0.4375067,1,19,11,31,38,300000
"2020-01-19 11:31:40.77",16501,100291,8.42,13.34,87,24.0473,98,26.2539,1,12,0.7,-6.6,0.59,0.4007883,0.437565,1,19,11,31,40,90000
"2020-01-19 11:31:42.54",16502,100292,8.2,13.35,87,24.048,98,26.2567,1,12,0.7,-6.6,0.57,0.4008,0.4376117,1,19,11,31,41,850000
"2020-01-19 11:31:44.42",16503,100293,9.2,13.33,87,24.0483,98,26.2588,1,12,0.7,-6.6,0.64,0.400805,0.4376467,1,19,11,31,43,740000
"2020-01-19 11:31:47.01",16504,100294,12.79,13.35,87,24.0493,98,26.2657,1,12,0.7,-6.6,0.87,0.4008216,0.4377617,1,19,11,31,46,330000
"2020-01-19 11:31:49.2",16505,100295,10.83,13.35,87,24.0497,98,26.2691,1,12,0.7,-6.5,0.74,0.4008283,0.4378184,1,19,11,31,48,520000
"2020-01-19 11:31:51.07",16506,100296,9.54,13.33,87,24.0503,98,26.2732,1,12,0.7,-6.6,0.66,0.4008384,0.4378866,1,19,11,31,50,390000
"2020-01-19 11:31:53",16507,100297,9.99,13.36,87,24.0509,98,26.28,1,12,0.7,-6.6,0.69,0.4008483,0.438,1,19,11,31,52,320000
"2020-01-19 11:31:54.82",16508,100298,15.03,13.33,87,24.0516,98,26.2853,1,12,0.7,-6.7,1.019,0.40086,0.4380883,1,19,11,31,54,140000
"2020-01-19 11:31:56.76",16509,100299,12.34,13.33,87,24.0523,98,26.2906,1,12,0.7,-6.7,0.84,0.4008717,0.4381767,1,19,11,31,56,80000
"2020-01-19 11:31:58.68",16510,100300,8.31,13.34,87,24.0529,98,26.2962,1,12,0.7,-6.7,0.58,0.4008817,0.43827,1,19,11,31,58,0
"2020-01-19 11:32:00.58",16511,100301,10.44,13.32,87,24.0537,98,26.3011,1,12,0.7,-6.7,0.72,0.400895,0.4383517,1,19,11,31,59,900000
"2020-01-19 11:32:02.67",16512,100302,9.48,13.37,87,24.0544,98,26.3081,1,12,0.7,-6.8,0.66,0.4009066,0.4384683,1,19,11,32,1,990000
"2020-01-19 11:32:04.62",16513,100303,8.76,13.34,87,24.055,98,26.3123,1,12,0.7,-6.9,0.61,0.4009167,0.4385384,1,19,11,32,3,940000
"2020-01-19 11:32:06.67",16514,100304,8.42,13.35,87,24.0556,98,26.3174,1,12,0.7,-6.8,0.59,0.4009266,0.4386233,1,19,11,32,5,990000
"2020-01-19 11:32:08.55",16515,100305,10.21,13.35,87,24.0559,98,26.3206,1,12,0.7,-6.8,0.70,0.4009317,0.4386767,1,19,11,32,7.000,870000
"2020-01-19 11:32:10.36",16516,100306,8.08,13.35,87,24.0565,98,26.326,1,12,0.7,-6.8,0.57,0.4009417,0.4387666,1,19,11,32,9,680000
"2020-01-19 11:32:12.33",16517,100307,10.77,13.34,87,24.0571,98,26.3334,1,12,0.7,-6.7,0.74,0.4009517,0.43889,1,19,11,32,11,650000
"2020-01-19 11:32:14.14",16518,100308,16.55,13.33,87,24.0578,98,26.3384,1,12,0.7,-6.6,1.118,0.4009633,0.4389733,1,19,11,32,13,460000
"2020-01-19 11:32:16.02",16519,100309,17.56,13.31,87,24.0585,98,26.3428,1,12,0.7,-6.6,1.184,0.400975,0.4390467,1,19,11,32,15,340000
"2020-01-19 11:32:18.81",16520,100310,18.51,13.32,87,24.0594,98,26.3501,1,12,0.7,-6.7,1.247,0.40099,0.4391683,1,19,11,32,18,130000
"2020-01-19 11:32:20.91",16521,100311,14.19,13.31,87,24.0597,98,26.3516,1,12,0.7,-6.8,0.96,0.400995,0.4391933,1,19,11,32,20,220000
"2020-01-19 11:32:22.9",16522,100312,13.3,13.3,87,24.0602,98,26.3572,1,12,0.7,-6.9,0.91,0.4010033,0.4392867,1,19,11,32,22,220000
"2020-01-19 11:32:25",16523,100313,16.27,13.33,87,24.0607,98,26.3624,1,12,0.7,-6.9,1.1,0.4010116,0.4393734,1,19,11,32,24,320000
"2020-01-19 11:32:27.04",16524,100314,14.59,13.33,87,24.0612,98,26.3678,1,12,0.7,-6.9,0.99,0.40102,0.4394633,1,19,11,32,26,360000
"2020-01-19 11:32:29.21",16525,100315,18.73,13.35,87,24.0618,98,26.3736,1,12,0.7,-6.9,1.261,0.40103,0.43956,1,19,11,32,28,530000
"2020-01-19 11:32:31.31",16526,100316,21.87,13.31,87,24.0623,98,26.3791,1,12,0.7,-6.8,1.467,0.4010383,0.4396517,1,19,11,32,30,630000
"2020-01-19 11:32:33.42",16527,100317,36.67,13.34,87,24.0626,98,26.3838,1,12,0.7,-6.7,2.435,0.4010433,0.43973,1,19,11,32,32,740000
"2020-01-19 11:32:35.56",16528,100318,42.95,13.34,87,24.0634,98,26.3911,1,12,0.7,-6.6,2.845,0.4010567,0.4398517,1,19,11,32,34,880000
"2020-01-19 11:32:38.17",16529,100319,24.34,13.31,87,24.0639,98,26.3954,1,12,0.7,-6.5,1.628,0.401065,0.4399233,1,19,11,32,37,490000
"2020-01-19 11:32:50.98",16530,100320,41.61,13.34,87,24.0648,98,26.3974,1,12,0.7,-6.5,2.757,0.40108,0.4399567,1,19,11,32,50,300000
"2020-01-19 11:32:54.21",16531,100321,33.98,13.34,87,24.0653,98,26.3999,1,12,0.7,-6.6,2.259,0.4010883,0.4399983,1,19,11,32,53,530000
"2020-01-19 11:32:56.92",16532,100322,13.02,13.32,87,24.0659,98,26.4037,1,12,0.7,-6.8,0.89,0.4010984,0.4400616,1,19,11,32,56,240000
"2020-01-19 11:32:59.63",16533,100323,13.91,13.33,87,24.0665,98,26.4089,1,12,0.7,-6.8,0.95,0.4011083,0.4401483,1,19,11,32,58,950000
"2020-01-19 11:33:02.21",16534,100324,9.65,13.31,87,24.0669,98,26.4115,1,12,0.7,-6.9,0.67,0.401115,0.4401917,1,19,11,33,1,530000
"2020-01-19 11:33:04.71",16535,100325,13.58,13.33,87,24.0676,98,26.4179,1,12,0.7,-6.9,0.92,0.4011267,0.4402984,1,19,11,33,4,30000
"2020-01-19 11:33:07.09",16536,100326,8.31,13.3,87,24.0682,98,26.4226,1,12,0.7,-6.9,0.58,0.4011367,0.4403767,1,19,11,33,6,410000
"2020-01-19 11:33:08.8",16537,100327,7.747,13.3,87,24.0687,98,26.4278,1,12,0.7,-6.9,0.54,0.401145,0.4404633,1,19,11,33,8,120000
"2020-01-19 11:33:10.71",16538,100328,7.859,13.3,87,24.0693,98,26.4299,1,12,0.7,-7,0.55,0.401155,0.4404983,1,19,11,33,10,30000
"2020-01-19 11:33:12.59",16539,100329,7.635,13.3,87,24.07,98,26.4364,1,12,0.7,-6.9,0.54,0.4011666,0.4406066,1,19,11,33,11,910000
"2020-01-19 11:33:14.49",16540,100330,7.411,13.33,87,24.0702,98,26.4378,1,12,0.7,-7,0.52,0.40117,0.44063,1,19,11,33,13,810000
"2020-01-19 11:33:16.36",16541,100331,7.13,13.3,87,24.0708,98,26.443,1,12,0.7,-7,0.50,0.40118,0.4407167,1,19,11,33,15,680000
"2020-01-19 11:33:18.28",16542,100332,6.402,13.29,87,24.0713,98,26.4474,1,12,0.7,-7,0.46,0.4011884,0.44079,1,19,11,33,17,600000
"2020-01-19 11:33:20.16",16543,100333,8.53,13.29,87,24.072,98,26.4507,1,12,0.7,-7.1,0.59,0.4012,0.440845,1,19,11,33,19,480000
"2020-01-19 11:33:22.05",16544,100334,6.738,13.3,87,24.0727,98,26.4543,1,12,0.7,-7,0.48,0.4012117,0.440905,1,19,11,33,21,370000
"2020-01-19 11:33:23.89",16545,100335,7.747,13.3,87,24.0733,98,26.4588,1,12,0.7,-7.1,0.54,0.4012217,0.44098,1,19,11,33,23,210000
"2020-01-19 11:33:25.81",16546,100336,9.32,13.3,87,24.074,98,26.4635,1,12,0.7,-7.1,0.65,0.4012333,0.4410583,1,19,11,33,25,130000
"2020-01-19 11:33:27.77",16547,100337,11.45,13.29,87,24.0746,98,26.468,1,12,0.7,-7.1,0.79,0.4012433,0.4411334,1,19,11,33,27,90000
"2020-01-19 11:33:29.84",16548,100338,11.11,13.3,87,24.0753,98,26.4697,1,11,0.8,-7.1,0.76,0.401255,0.4411617,1,19,11,33,29,160000
"2020-01-19 11:33:31.73",16549,100339,9.65,13.29,87,24.0762,98,26.4714,1,12,0.7,-7.2,0.67,0.40127,0.44119,1,19,11,33,31,50000
"2020-01-19 11:33:33.72",16550,100340,9.93,13.29,87,24.0769,98,26.4741,1,12,0.7,-7,0.69,0.4012817,0.441235,1,19,11,33,33,40000
"2020-01-19 11:33:36.65",16551,100341,6.626,13.28,87,24.0778,98,26.4795,1,12,0.7,-6.9,0.47,0.4012967,0.441325,1,19,11,33,35,970000
"2020-01-19 11:33:38.75",16552,100342,6.177,13.29,87,24.0781,98,26.479,1,12,0.7,-6.9,0.44,0.4013017,0.4413167,1,19,11,33,38,70000
"2020-01-19 11:33:40.67",16553,100343,10.16,13.29,87,24.0788,98,26.4787,1,12,0.7,-6.9,0.70,0.4013133,0.4413117,1,19,11,33,39,990000
"2020-01-19 11:33:42.91",16554,100344,8.53,13.29,87,24.0794,98,26.4794,1,12,0.7,-6.9,0.59,0.4013233,0.4413233,1,19,11,33,42,230000
"2020-01-19 11:33:44.91",16555,100345,9.65,13.28,87,24.08,98,26.4794,1,12,0.7,-6.9,0.67,0.4013333,0.4413233,1,19,11,33,44,230000
"2020-01-19 11:33:46.9",16556,100346,10.89,13.28,87,24.0807,98,26.4805,1,12,0.7,-7,0.75,0.401345,0.4413417,1,19,11,33,46,220000
"2020-01-19 11:33:48.9",16557,100347,9.09,13.28,87,24.0813,98,26.4819,1,12,0.7,-6.9,0.63,0.401355,0.441365,1,19,11,33,48,220000
"2020-01-19 11:33:50.92",16558,100348,11.67,13.28,87,24.0819,98,26.4814,1,12,0.7,-7,0.80,0.401365,0.4413566,1,19,11,33,50,240000
"2020-01-19 11:33:52.86",16559,100349,9.77,13.29,87,24.0826,98,26.4802,1,12,0.7,-7,0.68,0.4013767,0.4413367,1,19,11,33,52,180000
"2020-01-19 11:33:54.87",16560,100350,9.2,13.28,87,24.0832,98,26.4808,1,12,0.7,-7.1,0.64,0.4013867,0.4413467,1,19,11,33,54,190000
"2020-01-19 11:33:56.88",16561,100351,9.32,13.29,87,24.0838,98,26.4826,1,12,0.7,-7.2,0.65,0.4013967,0.4413766,1,19,11,33,56,200000
"2020-01-19 11:33:59.39",16562,100352,11.45,13.29,87,24.0843,98,26.4828,1,12,0.7,-7.2,0.79,0.401405,0.44138,1,19,11,33,58,710000
"2020-01-19 11:34:01.25",16563,100353,10.55,13.28,87,24.0849,98,26.4848,1,12,0.7,-7.2,0.73,0.401415,0.4414134,1,19,11,34,0,570000
"2020-01-19 11:34:03.13",16564,100354,8.2,13.28,87,24.0855,98,26.4855,1,12,0.7,-7.3,0.57,0.401425,0.441425,1,19,11,34,2,450000
"2020-01-19 11:34:05.24",16565,100355,7.523,13.29,87,24.0862,98,26.488,1,12,0.7,-7.4,0.53,0.4014367,0.4414667,1,19,11,34,4,560000
"2020-01-19 11:34:07.24",16566,100356,9.65,13.28,87,24.0867,98,26.4904,1,12,0.7,-6.7,0.67,0.401445,0.4415067,1,19,11,34,6,560000
"2020-01-19 11:34:09.37",16567,100357,10.21,13.29,87,24.0874,98,26.4912,1,12,0.7,-6.7,0.70,0.4014567,0.44152,1,19,11,34,8,690000
"2020-01-19 11:35:40.64",16568,100358,119.9,13.26,87,24.085,98,27.2968,1,12,0.7,-6.9,7.876,0.4014166,0.4549467,1,19,11,35,39,960000
"2020-01-19 11:35:41.64",16569,100359,119.9,13.25,87,24.0851,98,27.2962,1,12,0.7,-6.9,7.879,0.4014183,0.4549366,1,19,11,35,40,960000
"2020-01-19 11:35:42.62",16570,100360,119.9,13.24,87,24.0851,98,27.2964,1,12,0.7,-6.9,7.876,0.4014183,0.45494,1,19,11,35,41,940000
"2020-01-19 11:35:48.9",16571,100361,9.54,13.25,87,24.085,98,27.2976,1,12,0.7,-6.9,0.66,0.4014166,0.45496,1,19,11,35,48,220000
"2020-01-19 11:35:53.06",16572,100362,6.85,13.27,87,24.085,98,27.294,1,12,0.7,-6.9,0.48,0.4014166,0.4549,1,19,11,35,52,380000
"2020-01-19 11:35:55.54",16573,100363,4.159,13.25,87,24.0844,98,27.2873,1,12,0.7,-7.1,0.31,0.4014067,0.4547883,1,19,11,35,54,860000
"2020-01-19 11:35:57.37",16574,100364,5.168,13.25,87,24.0842,98,27.2848,1,12,0.7,-7.1,0.37,0.4014033,0.4547467,1,19,11,35,56,690000
"2020-01-19 11:35:59.18",16575,100365,4.944,13.26,87,24.0837,98,27.2799,1,12,0.7,-7,0.36,0.401395,0.454665,1,19,11,35,58,500000
"2020-01-19 11:36:01.05",16576,100366,4.832,13.25,87,24.0831,98,27.2714,1,12,0.7,-6.8,0.35,0.401385,0.4545234,1,19,11,36,0,370000
"2020-01-19 11:36:02.77",16577,100367,5.056,13.24,87,24.0824,98,27.263,1,12,0.7,-6.6,0.37,0.4013733,0.4543834,1,19,11,36,2,90000
"2020-01-19 11:36:04.47",16578,100368,4.496,13.25,87,24.082,98,27.2584,1,12,0.7,-6.4,0.33,0.4013667,0.4543067,1,19,11,36,3,790000
"2020-01-19 11:36:06.12",16579,100369,4.496,13.24,87,24.0812,98,27.2478,1,12,0.7,-6.1,0.33,0.4013533,0.45413,1,19,11,36,5,440000
"2020-01-19 11:36:07.82",16580,100370,5.168,13.24,87,24.0806,98,27.2394,1,12,0.7,-5.8,0.37,0.4013434,0.45399,1,19,11,36,7.000,140000
"2020-01-19 11:36:09.56",16581,100371,4.159,13.24,87,24.08,98,27.2325,1,12,0.7,-5.8,0.31,0.4013333,0.453875,1,19,11,36,8,880000
"2020-01-19 11:36:11.26",16582,100372,3.935,13.24,87,24.0797,98,27.2304,1,12,0.7,-5.8,0.29,0.4013284,0.45384,1,19,11,36,10,580000
"2020-01-19 11:36:12.96",16583,100373,4.215,13.24,87,24.0792,98,27.2265,1,12,0.7,-5.8,0.31,0.40132,0.453775,1,19,11,36,12,280000
"2020-01-19 11:36:14.58",16584,100374,4.271,13.24,87,24.0786,98,27.2202,1,12,0.7,-5.7,0.32,0.40131,0.45367,1,19,11,36,13,890000
"2020-01-19 11:36:18.42",16585,100375,4.496,13.24,87,24.0776,98,27.211,1,12,0.7,-5.4,0.33,0.4012933,0.4535167,1,19,11,36,17,740000
"2020-01-19 11:36:20.79",16586,100376,4.944,13.24,87,24.0775,98,27.2063,1,12,0.7,-5.3,0.36,0.4012917,0.4534384,1,19,11,36,20,110000
"2020-01-19 11:36:22.78",16587,100377,4.271,13.24,87,24.0771,98,27.2042,1,12,0.7,-5.4,0.32,0.401285,0.4534034,1,19,11,36,22,100000
"2020-01-19 11:36:24.54",16588,100378,5.168,13.24,87,24.0768,98,27.2023,1,12,0.7,-5.4,0.37,0.40128,0.4533716,1,19,11,36,23,850000
"2020-01-19 11:36:26.16",16589,100379,4.159,13.24,87,24.0762,98,27.1953,1,12,0.7,-5.2,0.31,0.40127,0.453255,1,19,11,36,25,480000
"2020-01-19 11:36:27.85",16590,100380,4.608,13.25,87,24.0755,98,27.1885,1,12,0.7,-5.1,0.34,0.4012584,0.4531416,1,19,11,36,27,170000
"2020-01-19 11:36:29.45",16591,100381,4.496,13.23,87,24.0752,98,27.1857,1,12,0.7,-5.2,0.33,0.4012533,0.453095,1,19,11,36,28,770000
"2020-01-19 11:36:31.17",16592,100382,4.384,13.24,87,24.0746,98,27.1812,1,12,0.7,-5.3,0.32,0.4012433,0.45302,1,19,11,36,30,490000
"2020-01-19 11:36:32.87",16593,100383,4.103,13.23,87,24.074,98,27.1741,1,12,0.7,-5.2,0.30,0.4012333,0.4529017,1,19,11,36,32,190000
"2020-01-19 11:36:34.58",16594,100384,4.72,13.23,87,24.0732,98,27.1649,1,12,0.7,-5.2,0.35,0.40122,0.4527483,1,19,11,36,33,900000
"2020-01-19 11:36:36.33",16595,100385,4.776,13.23,87,24.0728,98,27.1617,1,12,0.7,-5.1,0.35,0.4012133,0.452695,1,19,11,36,35,650000
"2020-01-19 11:36:37.9",16596,100386,5.281,13.23,87,24.0722,98,27.1599,1,12,0.7,-5.2,0.38,0.4012033,0.452665,1,19,11,36,37,220000
"2020-01-19 11:36:39.63",16597,100387,4.271,13.24,87,24.0715,98,27.1515,1,12,0.7,-5.3,0.32,0.4011917,0.452525,1,19,11,36,38,950000
"2020-01-19 11:36:41.22",16598,100388,4.72,13.23,87,24.0712,98,27.1484,1,12,0.7,-5.3,0.35,0.4011866,0.4524733,1,19,11,36,40,540000
"2020-01-19 11:36:42.84",16599,100389,5,13.24,87,24.0705,98,27.1423,1,12,0.7,-5.3,0.36,0.401175,0.4523716,1,19,11,36,42,160000
"2020-01-19 11:36:44.41",16600,100390,4.271,13.23,87,24.0702,98,27.141,1,12,0.7,-5.4,0.32,0.40117,0.45235,1,19,11,36,43,730000
"2020-01-19 11:36:45.99",16601,100391,4.271,13.23,87,24.0694,98,27.1345,1,12,0.7,-5.3,0.32,0.4011567,0.4522417,1,19,11,36,45,310000
"2020-01-19 11:36:47.57",16602,100392,4.271,13.23,87,24.0686,98,27.128,1,12,0.7,-5.3,0.32,0.4011434,0.4521333,1,19,11,36,46,890000
"2020-01-19 11:36:49.18",16603,100393,3.935,13.23,87,24.0682,98,27.1264,1,12,0.7,-5.4,0.29,0.4011367,0.4521066,1,19,11,36,48,500000
"2020-01-19 11:36:52.33",16604,100394,4.103,13.23,87,24.0671,98,27.118,1,12,0.7,-5.4,0.30,0.4011183,0.4519667,1,19,11,36,51,650000
"2020-01-19 11:36:54.5",16605,100395,4.047,13.23,87,24.0668,98,27.1164,1,12,0.7,-5.4,0.30,0.4011133,0.45194,1,19,11,36,53,820000
"2020-01-19 11:36:56.22",16606,100396,4.272,13.23,87,24.0666,98,27.1102,1,12,0.7,-5.5,0.32,0.40111,0.4518367,1,19,11,36,55,540000
"2020-01-19 11:36:57.87",16607,100397,5.393,13.22,87,24.0661,98,27.105,1,12,0.7,-5.4,0.39,0.4011016,0.45175,1,19,11,36,57,190000
"2020-01-19 11:36:59.56",16608,100398,5.617,13.23,87,24.0654,98,27.0993,1,12,0.7,-5.5,0.40,0.40109,0.451655,1,19,11,36,58,880000
"2020-01-19 11:37:01.23",16609,100399,4.216,13.22,87,24.065,98,27.097,1,12,0.7,-5.5,0.31,0.4010834,0.4516167,1,19,11,37,0,550000
"2020-01-19 11:37:02.79",16610,100400,7.860,13.23,87,24.0644,98,27.0913,1,12,0.7,-5.5,0.55,0.4010733,0.4515217,1,19,11,37,2,110000
"2020-01-19 11:37:04.43",16611,100401,4.944,13.23,87,24.0639,98,27.0887,1,12,0.7,-5.6,0.36,0.401065,0.4514783,1,19,11,37,3,750000
"2020-01-19 11:37:06.37",16612,100402,4.159,13.23,87,24.063,98,27.0786,1,12,0.7,-5.3,0.31,0.40105,0.45131,1,19,11,37,5,690000
"2020-01-19 11:37:07.93",16613,100403,4.44,13.22,87,24.0626,98,27.0713,1,12,0.7,-5.2,0.33,0.4010433,0.4511884,1,19,11,37,7.000,250000
"2020-01-19 11:37:09.52",16614,100404,4.047,13.23,87,24.0625,98,27.0704,1,12,0.7,-5.2,0.30,0.4010416,0.4511733,1,19,11,37,8,840000
"2020-01-19 11:37:11.12",16615,100405,3.935,13.22,87,24.0617,98,27.0609,1,12,0.7,-4.9,0.29,0.4010283,0.451015,1,19,11,37,10,440000
"2020-01-19 11:37:12.74",16616,100406,4.159,13.23,87,24.0609,98,27.0557,1,12,0.7,-4.7,0.31,0.401015,0.4509283,1,19,11,37,12,60000
"2020-01-19 11:37:14.36",16617,100407,3.823,13.22,87,24.0603,98,27.0507,1,12,0.7,-4.7,0.29,0.401005,0.450845,1,19,11,37,13,680000
"2020-01-19 11:37:16.05",16618,100408,3.879,13.22,87,24.0596,98,27.043,1,12,0.7,-4.7,0.29,0.4009934,0.4507166,1,19,11,37,15,370000
"2020-01-19 11:37:17.7",16619,100409,4.272,13.23,87,24.059,98,27.0369,1,12,0.7,-4.6,0.32,0.4009833,0.450615,1,19,11,37,17,20000
"2020-01-19 11:37:19.33",16620,100410,4.832,13.22,87,24.0586,98,27.0334,1,12,0.7,-4.7,0.35,0.4009766,0.4505567,1,19,11,37,18,650000
"2020-01-19 11:37:20.9",16621,100411,4.16,13.22,87,24.058,98,27.0262,1,12,0.7,-4.7,0.31,0.4009667,0.4504366,1,19,11,37,20,220000
"2020-01-19 11:37:22.47",16622,100412,4.608,13.22,87,24.0577,98,27.0229,1,12,0.7,-4.7,0.34,0.4009617,0.4503817,1,19,11,37,21,790000
"2020-01-19 11:37:24.18",16623,100413,4.944,13.22,87,24.057,98,27.0169,1,12,0.7,-4.8,0.36,0.40095,0.4502816,1,19,11,37,23,500000
"2020-01-19 11:37:25.81",16624,100414,4.72,13.22,87,24.0563,98,27.0093,1,12,0.7,-4.8,0.35,0.4009383,0.450155,1,19,11,37,25,130000
"2020-01-19 11:37:27.4",16625,100415,4.272,13.22,87,24.0559,98,27.0059,1,12,0.7,-4.9,0.32,0.4009317,0.4500983,1,19,11,37,26,720000
"2020-01-19 11:37:29.27",16626,100416,5.057,13.22,87,24.0552,98,26.998,1,12,0.7,-5,0.37,0.40092,0.4499666,1,19,11,37,28,590000
"2020-01-19 11:37:30.72",16627,100417,5.842,13.21,87,24.0546,98,26.9907,1,12,0.7,-5,0.42,0.40091,0.449845,1,19,11,37,30,40000
"2020-01-19 11:37:33.14",16628,100418,14.81,13.22,87,24.054,98,26.9834,1,12,0.7,-5.1,1.005,0.4009,0.4497233,1,19,11,37,32,460000
"2020-01-19 11:37:35.26",16629,100419,18.51,13.22,87,24.0538,98,26.9828,1,12,0.7,-5.1,1.247,0.4008967,0.4497133,1,19,11,37,34,580000
"2020-01-19 11:37:37.57",16630,100420,24.9,13.33,87,24.0531,98,26.9736,1,12,0.7,-4.8,1.665,0.400885,0.44956,1,19,11,37,36,890000
"2020-01-19 11:37:40.38",16631,100421,18.29,13.27,87,24.0527,98,26.9672,1,12,0.7,-4.8,1.232,0.4008784,0.4494533,1,19,11,37,39,700000
"2020-01-19 11:37:43.17",16632,100422,36.79,13.24,87,24.0522,98,26.9589,1,12,0.7,-4.8,2.442,0.40087,0.449315,1,19,11,37,42,490000
"2020-01-19 11:37:46.32",16633,100423,44.53,13.29,87,24.0517,98,26.9512,1,12,0.7,-4.7,2.948,0.4008617,0.4491867,1,19,11,37,45,640000
"2020-01-19 11:37:50.76",16634,100424,41,13.27,87,24.0511,98,26.9386,1,12,0.7,-4.9,2.717,0.4008517,0.4489767,1,19,11,37,50,80000
"2020-01-19 11:37:57.52",16635,100425,23.95,13.26,87,24.0513,98,26.9349,1,12,0.7,-5,1.602,0.400855,0.448915,1,19,11,37,56,840000
"2020-01-19 11:37:59.95",16636,100426,14.81,13.27,87,24.0504,98,26.9316,1,12,0.7,-5.2,1.005,0.40084,0.44886,1,19,11,37,59,270000
"2020-01-19 11:38:02.17",16637,100427,15.37,13.24,87,24.05,98,26.9256,1,12,0.7,-5.3,1.041,0.4008333,0.44876,1,19,11,38,1,490000
"2020-01-19 11:38:04.26",16638,100428,11.67,13.24,87,24.0495,98,26.9211,1,12,0.7,-5.3,0.80,0.400825,0.448685,1,19,11,38,3,580000
"2020-01-19 11:38:06.17",16639,100429,9.26,13.26,87,24.0489,98,26.9175,1,12,0.7,-5.3,0.64,0.400815,0.448625,1,19,11,38,5,490000
"2020-01-19 11:38:08.01",16640,100430,11.9,13.3,87,24.0484,98,26.9128,1,12,0.7,-5.4,0.81,0.4008067,0.4485467,1,19,11,38,7.000,330000
"2020-01-19 11:38:09.88",16641,100431,10.21,13.29,87,24.0478,98,26.9079,1,12,0.7,-5.5,0.70,0.4007967,0.448465,1,19,11,38,9,200000
"2020-01-19 11:38:11.83",16642,100432,9.65,13.3,87,24.0473,98,26.9019,1,12,0.7,-5.6,0.67,0.4007883,0.448365,1,19,11,38,11,150000
"2020-01-19 11:38:13.66",16643,100433,9.43,13.26,87,24.0467,98,26.8963,1,12,0.7,-5.7,0.65,0.4007783,0.4482717,1,19,11,38,12,980000
"2020-01-19 11:38:15.49",16644,100434,9.54,13.3,87,24.0464,98,26.8939,1,12,0.7,-5.7,0.66,0.4007734,0.4482317,1,19,11,38,14,810000
"2020-01-19 11:38:17.12",16645,100435,10.44,13.29,87,24.0458,98,26.8882,1,12,0.7,-5.8,0.72,0.4007633,0.4481367,1,19,11,38,16,440000
"2020-01-19 11:38:18.91",16646,100436,9.09,13.26,87,24.0453,98,26.8815,1,12,0.7,-5.9,0.63,0.400755,0.448025,1,19,11,38,18,230000
"2020-01-19 11:38:20.79",16647,100437,15.37,13.27,87,24.0446,98,26.8761,1,12,0.7,-5.9,1.041,0.4007433,0.447935,1,19,11,38,20,110000
"2020-01-19 11:38:22.83",16648,100438,13.24,13.37,87,24.044,98,26.8676,1,12,0.7,-5.9,0.90,0.4007334,0.4477933,1,19,11,38,22,150000
"2020-01-19 11:38:26.23",16649,100439,8.08,13.3,87,24.043,98,26.8558,1,12,0.7,-6.1,0.57,0.4007167,0.4475967,1,19,11,38,25,550000
"2020-01-19 11:38:28.7",16650,100440,8.14,13.32,87,24.0426,98,26.8533,1,12,0.7,-6.4,0.57,0.40071,0.447555,1,19,11,38,28,20000
"2020-01-19 11:38:30.82",16651,100441,8.53,13.32,87,24.0419,98,26.8461,1,12,0.7,-6.3,0.59,0.4006983,0.447435,1,19,11,38,30,140000
"2020-01-19 11:38:32.75",16652,100442,4.945,13.34,87,24.0413,98,26.8411,1,12,0.7,-6.6,0.36,0.4006883,0.4473517,1,19,11,38,32,70000
"2020-01-19 11:38:34.63",16653,100443,4.496,13.3,87,24.0407,98,26.8365,1,12,0.7,-6.5,0.33,0.4006783,0.447275,1,19,11,38,33,950000
"2020-01-19 11:38:36.36",16654,100444,4.216,13.27,87,24.0404,98,26.8349,1,12,0.7,-6.5,0.31,0.4006733,0.4472483,1,19,11,38,35,680000
"2020-01-19 11:38:37.98",16655,100445,4.16,13.29,87,24.0399,98,26.8291,1,12,0.7,-6.3,0.31,0.400665,0.4471517,1,19,11,38,37,300000
"2020-01-19 11:38:43.57",16656,100446,4.496,13.2,87,24.0391,98,26.8213,1,12,0.7,-6.3,0.33,0.4006517,0.4470217,1,19,11,38,42,890000
"2020-01-19 11:38:45.66",16657,100447,4.945,13.25,87,24.0389,98,26.8189,1,12,0.7,-6.4,0.36,0.4006483,0.4469816,1,19,11,38,44,980000
"2020-01-19 11:38:47.55",16658,100448,4.328,13.22,87,24.0387,98,26.8163,1,12,0.7,-6.4,0.32,0.400645,0.4469383,1,19,11,38,46,870000
"2020-01-19 11:39:07.84",16659,100449,4.496,13.22,87,24.0383,98,26.8073,1,12,0.7,-6.5,0.33,0.4006383,0.4467884,1,19,11,39,7.000,160000
"2020-01-19 11:39:09.7",16660,100450,4.945,13.22,87,24.0378,98,26.8058,1,12,0.7,-6.5,0.36,0.40063,0.4467633,1,19,11,39,9,20000
"2020-01-19 11:39:11.4",16661,100451,4.384,13.22,87,24.0374,98,26.8039,1,12,0.7,-6.5,0.32,0.4006233,0.4467316,1,19,11,39,10,720000
"2020-01-19 11:39:13.06",16662,100452,4.608,13.2,87,24.0369,98,26.7959,1,12,0.7,-6.4,0.34,0.400615,0.4465984,1,19,11,39,12,380000
"2020-01-19 11:39:14.75",16663,100453,4.496,13.2,87,24.0362,98,26.7888,1,12,0.7,-6.4,0.33,0.4006033,0.44648,1,19,11,39,14,70000
"2020-01-19 11:39:16.46",16664,100454,6.29,13.21,87,24.0359,98,26.7852,1,12,0.7,-6.4,0.45,0.4005984,0.44642,1,19,11,39,15,780000
"2020-01-19 11:39:18.04",16665,100455,4.384,13.21,87,24.0353,98,26.7771,1,12,0.7,-6.4,0.32,0.4005883,0.446285,1,19,11,39,17,360000
"2020-01-19 11:39:19.72",16666,100456,5.169,13.2,87,24.0346,98,26.7701,1,12,0.7,-6.4,0.37,0.4005766,0.4461683,1,19,11,39,19,40000
"2020-01-19 11:39:21.47",16667,100457,4.384,13.19,87,24.0343,98,26.7668,1,12,0.7,-6.5,0.32,0.4005717,0.4461133,1,19,11,39,20,790000
"2020-01-19 11:39:23.46",16668,100458,4.328,13.19,87,24.0337,98,26.7596,1,12,0.7,-6.5,0.32,0.4005617,0.4459933,1,19,11,39,22,780000
"2020-01-19 11:39:25.13",16669,100459,6.178,13.19,87,24.0332,98,26.7522,1,12,0.7,-6.4,0.44,0.4005533,0.44587,1,19,11,39,24,450000
"2020-01-19 11:39:27.23",16670,100460,4.72,13.2,87,24.0326,98,26.7467,1,12,0.7,-6.4,0.35,0.4005433,0.4457784,1,19,11,39,26,550000
"2020-01-19 11:39:29.01",16671,100461,7.412,13.19,87,24.0322,98,26.7418,1,12,0.7,-6.3,0.52,0.4005366,0.4456967,1,19,11,39,28,330000
"2020-01-19 11:39:30.75",16672,100462,5.393,13.25,87,24.0316,98,26.7345,1,12,0.7,-6.2,0.39,0.4005267,0.445575,1,19,11,39,30,70000
"2020-01-19 11:39:32.62",16673,100463,4.833,13.19,87,24.031,98,26.7284,1,12,0.7,-6.2,0.35,0.4005166,0.4454733,1,19,11,39,31,940000
"2020-01-19 11:39:34.7",16674,100464,4.945,13.19,87,24.0305,98,26.7211,1,12,0.7,-6.2,0.36,0.4005084,0.4453517,1,19,11,39,34,20000
"2020-01-19 11:39:36.6",16675,100465,4.384,13.19,87,24.0298,98,26.7136,1,12,0.7,-6.3,0.32,0.4004967,0.4452267,1,19,11,39,35,920000
"2020-01-19 11:39:38.41",16676,100466,4.216,13.19,87,24.0295,98,26.7094,1,12,0.7,-6.2,0.31,0.4004916,0.4451567,1,19,11,39,37,730000
"2020-01-19 11:39:40.22",16677,100467,10.1,13.2,87,24.0289,98,26.7024,1,12,0.7,-6.2,0.70,0.4004817,0.44504,1,19,11,39,39,540000
"2020-01-19 11:39:42.19",16678,100468,20.42,13.19,87,24.0282,98,26.6957,1,12,0.7,-6.2,1.371,0.40047,0.4449283,1,19,11,39,41,510000
"2020-01-19 11:39:44.21",16679,100469,30.4,13.19,87,24.0276,98,26.6903,1,12,0.7,-6.1,2.024,0.40046,0.4448384,1,19,11,39,43,530000
"2020-01-19 11:39:47.94",16680,100470,35.67,13.34,87,24.0265,98,26.6804,1,12,0.7,-6.3,2.369,0.4004417,0.4446734,1,19,11,39,47,260000
"2020-01-19 11:39:52.5",16681,100471,40.94,13.23,87,24.0265,98,26.6761,1,12,0.7,-6.4,2.714,0.4004417,0.4446016,1,19,11,39,51,820000
"2020-01-19 11:39:56.79",16682,100472,23.9,13.21,87,24.0254,98,26.6656,1,12,0.7,-6.5,1.599,0.4004234,0.4444266,1,19,11,39,56,110000
"2020-01-19 11:39:59.01",16683,100473,26.36,13.24,87,24.0251,98,26.6613,1,12,0.7,-6.6,1.76,0.4004184,0.444355,1,19,11,39,58,330000
"2020-01-19 11:40:01.27",16684,100474,23.28,13.19,87,24.0245,98,26.656,1,12,0.7,-6.6,1.558,0.4004083,0.4442667,1,19,11,40,0,590000
"2020-01-19 11:40:03.52",16685,100475,17.73,13.27,87,24.0241,98,26.646,1,12,0.7,-6.6,1.195,0.4004016,0.4441,1,19,11,40,2,840000
"2020-01-19 11:40:05.72",16686,100476,18.63,13.19,87,24.0234,98,26.638,1,12,0.7,-6.7,1.254,0.40039,0.4439667,1,19,11,40,5,40000
"2020-01-19 11:40:07.85",16687,100477,20.31,13.2,87,24.0229,98,26.6341,1,12,0.7,-6.6,1.364,0.4003816,0.4439016,1,19,11,40,7.000,170000
"2020-01-19 11:40:10.04",16688,100478,18.4,13.23,87,24.0224,98,26.6306,1,12,0.7,-6.5,1.239,0.4003733,0.4438433,1,19,11,40,9,360000
"2020-01-19 11:40:12.3",16689,100479,16.61,13.21,87,24.0219,98,26.6263,1,12,0.7,-6.4,1.122,0.400365,0.4437717,1,19,11,40,11,620000
"2020-01-19 11:40:14.45",16690,100480,19.19,13.26,87,24.0213,98,26.621,1,12,0.7,-6.4,1.291,0.400355,0.4436833,1,19,11,40,13,770000
"2020-01-19 11:40:16.57",16691,100481,26.03,13.2,87,24.0205,98,26.6151,1,12,0.7,-6.4,1.738,0.4003416,0.443585,1,19,11,40,15,890000
"2020-01-19 11:40:18.55",16692,100482,21.77,13.23,87,24.0203,98,26.613,1,12,0.7,-6.3,1.459,0.4003383,0.44355,1,19,11,40,17,860000
"2020-01-19 11:40:20.7",16693,100483,26.48,13.21,87,24.0195,98,26.6085,1,12,0.7,-6.4,1.768,0.400325,0.443475,1,19,11,40,20,20000
"2020-01-19 11:40:23.17",16694,100484,30.4,13.2,87,24.019,98,26.604,1,12,0.7,-6.3,2.024,0.4003166,0.4434,1,19,11,40,22,490000
"2020-01-19 11:40:25.67",16695,100485,44.64,13.21,87,24.0184,98,26.5991,1,12,0.7,-6.3,2.956,0.4003067,0.4433183,1,19,11,40,24,990000
"2020-01-19 11:40:28.7",16696,100486,16.78,13.26,87,24.0178,98,26.5944,1,11,0.7,-6.2,1.133,0.4002966,0.44324,1,19,11,40,28,20000
"2020-01-19 11:40:30.99",16697,100487,7.3,13.21,87,24.0175,98,26.5891,1,12,0.7,-6.3,0.51,0.4002916,0.4431516,1,19,11,40,30,310000
"2020-01-19 11:40:33.1",16698,100488,11.11,13.19,87,24.0171,98,26.587,1,12,0.7,-6.3,0.76,0.400285,0.4431167,1,19,11,40,32,420000
"2020-01-19 11:40:35.13",16699,100489,20.03,13.17,87,24.0166,98,26.5841,1,12,0.7,-6.1,1.346,0.4002767,0.4430684,1,19,11,40,34,450000
"2020-01-19 11:40:38.37",16700,100490,11.67,13.19,87,24.016,98,26.5801,1,12,0.7,-6.1,0.80,0.4002667,0.4430016,1,19,11,40,37,690000
"2020-01-19 11:40:40.54",16701,100491,12.35,13.18,87,24.0154,98,26.5767,1,12,0.7,-6.1,0.84,0.4002567,0.442945,1,19,11,40,39,860000
"2020-01-19 11:40:42.57",16702,100492,12.91,13.17,87,24.0149,98,26.5717,1,12,0.7,-6.1,0.88,0.4002484,0.4428616,1,19,11,40,41,890000
"2020-01-19 11:40:44.68",16703,100493,8.42,13.17,87,24.0144,98,26.5674,1,12,0.7,-6.1,0.59,0.40024,0.44279,1,19,11,40,44,0
"2020-01-19 11:40:46.71",16704,100494,4.945,13.19,87,24.0139,98,26.5639,1,12,0.7,-6.1,0.36,0.4002317,0.4427317,1,19,11,40,46,30000
"2020-01-19 11:40:48.84",16705,100495,4.496,13.18,87,24.0133,98,26.5601,1,12,0.7,-6.2,0.33,0.4002217,0.4426684,1,19,11,40,48,160000
"2020-01-19 11:40:50.85",16706,100496,5.618,13.17,87,24.0126,98,26.5551,1,12,0.7,-6.2,0.40,0.40021,0.442585,1,19,11,40,50,170000
"2020-01-19 11:40:52.89",16707,100497,4.272,13.18,87,24.0122,98,26.549,1,12,0.7,-6.1,0.32,0.4002033,0.4424833,1,19,11,40,52,210000
"2020-01-19 11:40:54.92",16708,100498,5.169,13.18,87,24.0118,98,26.5414,1,12,0.7,-6,0.37,0.4001967,0.4423567,1,19,11,40,54,240000
"2020-01-19 11:40:56.96",16709,100499,4.272,13.18,87,24.0113,98,26.5352,1,12,0.7,-5.9,0.32,0.4001883,0.4422533,1,19,11,40,56,280000
"2020-01-19 11:40:59.04",16710,100500,4.272,13.17,87,24.0109,98,26.5307,1,12,0.7,-6.1,0.32,0.4001817,0.4421783,1,19,11,40,58,360000
"2020-01-19 11:41:01.08",16711,100501,4.272,13.17,87,24.0105,98,26.5269,1,12,0.7,-5.9,0.32,0.400175,0.442115,1,19,11,41,0,400000
"2020-01-19 11:41:03.18",16712,100502,4.608,13.17,87,24.0099,98,26.5216,1,12,0.7,-5.8,0.34,0.400165,0.4420267,1,19,11,41,2,500000
"2020-01-19 11:41:05.19",16713,100503,7.076,13.17,87,24.0093,98,26.5174,1,12,0.7,-5.8,0.50,0.400155,0.4419567,1,19,11,41,4,510000
"2020-01-19 11:41:07.17",16714,100504,7.748,13.16,87,24.0088,98,26.5124,1,12,0.7,-5.7,0.54,0.4001467,0.4418734,1,19,11,41,6,490000
"2020-01-19 11:41:09.11",16715,100505,12.91,13.16,87,24.0083,98,26.5061,1,12,0.7,-5.7,0.88,0.4001384,0.4417683,1,19,11,41,8,430000
"2020-01-19 11:41:11.38",16716,100506,31.02,13.17,87,24.0078,98,26.4993,1,12,0.7,-5.6,2.065,0.40013,0.441655,1,19,11,41,10,700000
"2020-01-19 11:41:23.61",16717,100507,15.93,13.21,87,24.007,98,26.4852,1,12,0.7,-5.5,1.078,0.4001166,0.44142,1,19,11,41,22,920000
"2020-01-19 11:41:26.09",16718,100508,16.72,13.17,87,24.0068,98,26.4829,1,12,0.7,-5.4,1.129,0.4001133,0.4413817,1,19,11,41,25,410000
"2020-01-19 11:41:29.25",16719,100509,24.12,13.16,87,24.0061,98,26.4728,1,11,0.7,-5.3,1.614,0.4001017,0.4412133,1,19,11,41,28,570000
"2020-01-19 11:41:32.11",16720,100510,20.48,13.19,87,24.0057,98,26.4663,1,12,0.7,-5.3,1.375,0.400095,0.441105,1,19,11,41,31,430000
"2020-01-19 11:41:34.36",16721,100511,11,13.15,87,24.0052,98,26.462,1,12,0.7,-5.2,0.76,0.4000867,0.4410333,1,19,11,41,33,680000
"2020-01-19 11:41:36.7",16722,100512,13.69,13.16,87,24.0045,98,26.449,1,12,0.7,-5,0.93,0.400075,0.4408167,1,19,11,41,36,20000
"2020-01-19 11:41:38.97",16723,100513,5.73,13.16,87,24.004,98,26.4459,1,12,0.7,-4.9,0.41,0.4000667,0.440765,1,19,11,41,38,290000
"2020-01-19 11:41:41.29",16724,100514,4.889,13.15,87,24.0039,98,26.4448,1,12,0.7,-5,0.36,0.400065,0.4407467,1,19,11,41,40,610000
"2020-01-19 11:41:43.28",16725,100515,4.608,13.15,87,24.0037,98,26.4379,1,12,0.7,-4.9,0.34,0.4000617,0.4406317,1,19,11,41,42,600000
"2020-01-19 11:41:45.22",16726,100516,4.833,13.15,87,24.0034,98,26.4293,1,12,0.7,-4.9,0.35,0.4000567,0.4404883,1,19,11,41,44,540000
"2020-01-19 11:41:47.17",16727,100517,4.833,13.14,87,24.0028,98,26.4237,1,12,0.7,-4.8,0.35,0.4000467,0.440395,1,19,11,41,46,490000
"2020-01-19 11:41:49.16",16728,100518,4.496,13.15,87,24.0022,98,26.4158,1,12,0.7,-4.9,0.33,0.4000367,0.4402633,1,19,11,41,48,480000
"2020-01-19 11:41:51.12",16729,100519,4.608,13.15,87,24.0017,98,26.4094,1,12,0.7,-5,0.34,0.4000283,0.4401567,1,19,11,41,50,440000
"2020-01-19 11:41:53",16730,100520,4.328,13.15,87,24.0012,98,26.4012,1,12,0.7,-5,0.32,0.40002,0.44002,1,19,11,41,52,320000
"2020-01-19 11:41:55.56",16731,100521,4.945,13.28,87,24.0005,98,26.389,1,12,0.7,-5.1,0.36,0.4000083,0.4398166,1,19,11,41,54,880000
"2020-01-19 11:41:57.4",16732,100522,5.842,13.24,87,24.0004,98,26.3858,1,12,0.7,-5.2,0.42,0.4000067,0.4397633,1,19,11,41,56,720000
"2020-01-19 11:41:59.36",16733,100523,12.01,13.19,87,23.9999,98,26.3768,1,12,0.7,-5.2,0.82,0.3999983,0.4396134,1,19,11,41,58,680000
"2020-01-19 11:42:01.63",16734,100524,24.12,13.25,87,23.9991,98,26.3633,1,12,0.7,-5.1,1.614,0.399985,0.4393883,1,19,11,42,0,950000
"2020-01-19 11:42:03.81",16735,100525,21.77,13.21,87,23.9987,98,26.357,1,12,0.7,-5.1,1.46,0.3999783,0.4392834,1,19,11,42,3,130000
"2020-01-19 11:42:05.92",16736,100526,16.5,13.19,87,23.9982,98,26.3505,1,12,0.7,-5,1.115,0.39997,0.439175,1,19,11,42,5,240000
"2020-01-19 11:42:08.16",16737,100527,10.16,13.18,87,23.998,98,26.3473,1,12,0.7,-5.1,0.70,0.3999666,0.4391217,1,19,11,42,7.000,480000
"2020-01-19 11:42:10.01",16738,100528,5.618,13.18,87,23.9975,98,26.3401,1,12,0.7,-5.1,0.40,0.3999583,0.4390016,1,19,11,42,9,330000
"2020-01-19 11:42:11.88",16739,100529,5.842,13.18,87,23.997,98,26.3311,1,12,0.7,-5.2,0.42,0.39995,0.4388517,1,19,11,42,11,200000
"2020-01-19 11:42:13.68",16740,100530,5.057,13.17,87,23.9965,98,26.3212,1,12,0.7,-5.3,0.37,0.3999416,0.4386867,1,19,11,42,13,0
"2020-01-19 11:42:15.5",16741,100531,4.945,13.16,87,23.9963,98,26.3172,1,12,0.7,-5.3,0.36,0.3999383,0.43862,1,19,11,42,14,820000
"2020-01-19 11:42:17.22",16742,100532,4.833,13.16,87,23.9958,98,26.3084,1,12,0.7,-5.4,0.35,0.39993,0.4384733,1,19,11,42,16,540000
"2020-01-19 11:42:19.07",16743,100533,4.608,13.16,87,23.9953,98,26.2988,1,12,0.7,-5.5,0.34,0.3999217,0.4383133,1,19,11,42,18,390000
"2020-01-19 11:42:20.85",16744,100534,5.225,13.16,87,23.9947,98,26.2891,1,12,0.7,-5.5,0.38,0.3999117,0.4381517,1,19,11,42,20,170000
"2020-01-19 11:42:22.58",16745,100535,5.057,13.16,87,23.994,98,26.2816,1,12,0.7,-5.5,0.37,0.3999,0.4380267,1,19,11,42,21,900000
"2020-01-19 11:42:27.74",16746,100536,4.721,13.15,87,23.9935,98,26.2745,1,12,0.7,-5.5,0.35,0.3998917,0.4379083,1,19,11,42,27,60000
"2020-01-19 11:42:29.46",16747,100537,4.833,13.15,87,23.9935,98,26.2747,1,12,0.7,-5.5,0.35,0.3998917,0.4379116,1,19,11,42,28,780000
"2020-01-19 11:42:31.27",16748,100538,4.833,13.18,87,23.993,98,26.2655,1,12,0.7,-5.4,0.35,0.3998833,0.4377583,1,19,11,42,30,590000
"2020-01-19 11:42:32.84",16749,100539,5.506,13.17,87,23.9924,98,26.2582,1,12,0.7,-5.3,0.40,0.3998733,0.4376367,1,19,11,42,32,160000
"2020-01-19 11:42:34.47",16750,100540,5.169,13.18,87,23.9921,98,26.2545,1,12,0.7,-5.3,0.37,0.3998683,0.437575,1,19,11,42,33,790000
"2020-01-19 11:42:36.15",16751,100541,4.833,13.21,87,23.9913,98,26.2466,1,12,0.7,-5.3,0.35,0.399855,0.4374433,1,19,11,42,35,470000
"2020-01-19 11:42:37.72",16752,100542,4.608,13.21,87,23.9906,98,26.2384,1,12,0.7,-5.2,0.34,0.3998433,0.4373067,1,19,11,42,37,40000
"2020-01-19 11:42:39.32",16753,100543,5.169,13.17,87,23.9902,98,26.2351,1,12,0.7,-5.3,0.37,0.3998366,0.4372516,1,19,11,42,38,640000
"2020-01-19 11:42:40.94",16754,100544,5.169,13.17,87,23.9894,98,26.2268,1,12,0.7,-5.2,0.37,0.3998233,0.4371134,1,19,11,42,40,260000
"2020-01-19 11:42:42.55",16755,100545,4.665,13.16,87,23.9888,98,26.2183,1,12,0.7,-5.4,0.34,0.3998133,0.4369717,1,19,11,42,41,870000
"2020-01-19 11:42:45.58",16756,100546,4.552,13.17,87,23.9878,98,26.2098,1,12,0.7,-5.4,0.33,0.3997967,0.43683,1,19,11,42,44,900000
"2020-01-19 11:42:48.42",16757,100547,6.291,13.14,87,23.9876,98,26.206,1,12,0.7,-5.5,0.45,0.3997933,0.4367666,1,19,11,42,47,740000
"2020-01-19 11:42:50.35",16758,100548,5.73,13.18,87,23.9873,98,26.2026,1,12,0.7,-5.6,0.41,0.3997884,0.43671,1,19,11,42,49,670000
"2020-01-19 11:42:51.96",16759,100549,4.608,13.15,87,23.9868,98,26.1976,1,12,0.7,-5.6,0.34,0.39978,0.4366266,1,19,11,42,51,280000
"2020-01-19 11:42:53.63",16760,100550,4.272,13.14,87,23.9862,98,26.191,1,12,0.7,-5.7,0.32,0.39977,0.4365167,1,19,11,42,52,950000
"2020-01-19 11:42:55.27",16761,100551,4.272,13.17,87,23.9858,98,26.1876,1,12,0.7,-5.7,0.32,0.3997633,0.43646,1,19,11,42,54,590000
"2020-01-19 11:42:56.92",16762,100552,4.272,13.15,87,23.9851,98,26.1796,1,12,0.7,-5.7,0.32,0.3997517,0.4363266,1,19,11,42,56,240000
"2020-01-19 11:42:58.55",16763,100553,4.384,13.15,87,23.9847,98,26.1767,1,12,0.7,-5.7,0.32,0.399745,0.4362784,1,19,11,42,57,870000
"2020-01-19 11:43:00.16",16764,100554,4.384,13.15,87,23.984,98,26.1684,1,12,0.7,-5.7,0.32,0.3997333,0.43614,1,19,11,42,59,480000
"2020-01-19 11:43:01.84",16765,100555,4.721,13.14,87,23.9832,98,26.162,1,12,0.7,-5.8,0.35,0.39972,0.4360333,1,19,11,43,1,160000
"2020-01-19 11:43:03.43",16766,100556,4.945,13.13,87,23.9829,98,26.1586,1,12,0.7,-5.8,0.36,0.399715,0.4359766,1,19,11,43,2,750000
"2020-01-19 11:43:05.07",16767,100557,4.272,13.15,87,23.9821,98,26.1541,1,12,0.7,-5.9,0.32,0.3997016,0.4359017,1,19,11,43,4,390000
"2020-01-19 11:43:06.73",16768,100558,4.945,13.16,87,23.9815,98,26.1473,1,12,0.7,-5.9,0.36,0.3996917,0.4357883,1,19,11,43,6,50000
"2020-01-19 11:43:08.31",16769,100559,4.552,13.14,87,23.981,98,26.1457,1,12,0.7,-6,0.33,0.3996834,0.4357617,1,19,11,43,7.000,630000
"2020-01-19 11:43:10.01",16770,100560,4.833,13.14,87,23.9803,98,26.1391,1,12,0.7,-6,0.35,0.3996717,0.4356516,1,19,11,43,9,330000
"2020-01-19 11:43:11.59",16771,100561,5.506,13.14,87,23.9797,98,26.1299,1,12,0.7,-5.9,0.40,0.3996617,0.4354983,1,19,11,43,10,910000
"2020-01-19 11:43:13.16",16772,100562,4.777,13.13,87,23.9793,98,26.1252,1,12,0.7,-5.9,0.35,0.399655,0.43542,1,19,11,43,12,480000
"2020-01-19 11:43:14.78",16773,100563,4.44,13.14,87,23.9786,98,26.1227,1,12,0.7,-5.7,0.33,0.3996433,0.4353784,1,19,11,43,14,100000
"2020-01-19 11:43:16.38",16774,100564,4.496,13.13,87,23.9782,98,26.1197,1,12,0.7,-5.8,0.33,0.3996367,0.4353283,1,19,11,43,15,700000
"2020-01-19 11:43:17.96",16775,100565,4.496,13.13,87,23.9773,98,26.1109,1,12,0.7,-5.7,0.33,0.3996217,0.4351817,1,19,11,43,17,280000
"2020-01-19 11:43:19.51",16776,100566,4.496,13.14,87,23.977,98,26.1073,1,12,0.7,-5.7,0.33,0.3996166,0.4351216,1,19,11,43,18,830000
"2020-01-19 11:43:21.12",16777,100567,4.496,13.14,87,23.9762,98,26.0993,1,12,0.7,-5.8,0.33,0.3996033,0.4349884,1,19,11,43,20,440000
"2020-01-19 11:43:22.64",16778,100568,5.337,13.13,87,23.9755,98,26.092,1,12,0.7,-5.7,0.39,0.3995916,0.4348666,1,19,11,43,21,960000
"2020-01-19 11:43:24.29",16779,100569,4.552,13.14,87,23.9751,98,26.0888,1,12,0.7,-5.8,0.33,0.399585,0.4348134,1,19,11,43,23,610000
"2020-01-19 11:43:25.98",16780,100570,5.506,13.13,87,23.9744,98,26.0804,1,12,0.7,-5.8,0.40,0.3995733,0.4346733,1,19,11,43,25,300000
"2020-01-19 11:43:27.69",16781,100571,4.384,13.13,87,23.9736,98,26.0739,1,12,0.7,-5.9,0.32,0.39956,0.434565,1,19,11,43,27,10000
"2020-01-19 11:43:29.24",16782,100572,4.384,13.13,87,23.9732,98,26.0714,1,12,0.7,-6,0.32,0.3995533,0.4345233,1,19,11,43,28,560000
"2020-01-19 11:43:30.84",16783,100573,4.833,13.18,87,23.9726,98,26.0639,1,12,0.7,-5.9,0.35,0.3995434,0.4343983,1,19,11,43,30,160000
"2020-01-19 11:43:32.43",16784,100574,4.272,13.19,87,23.9722,98,26.0608,1,12,0.7,-6,0.32,0.3995367,0.4343467,1,19,11,43,31,750000
"2020-01-19 11:43:34.05",16785,100575,5.842,13.15,87,23.9715,98,26.0543,1,12,0.7,-6,0.42,0.399525,0.4342384,1,19,11,43,33,370000
"2020-01-19 11:43:35.71",16786,100576,5.057,13.15,87,23.9708,98,26.0476,1,12,0.7,-5.9,0.37,0.3995133,0.4341267,1,19,11,43,35,30000
"2020-01-19 11:43:37.36",16787,100577,5.169,13.15,87,23.9704,98,26.0448,1,12,0.7,-6,0.37,0.3995066,0.43408,1,19,11,43,36,680000
"2020-01-19 11:43:38.98",16788,100578,4.496,13.15,87,23.9697,98,26.0373,1,12,0.7,-6.1,0.33,0.399495,0.433955,1,19,11,43,38,300000
"2020-01-19 11:43:40.63",16789,100579,4.945,13.14,87,23.9691,98,26.029,1,12,0.7,-6.1,0.36,0.399485,0.4338166,1,19,11,43,39,950000
"2020-01-19 11:43:42.25",16790,100580,5.057,13.13,87,23.9686,98,26.0269,1,12,0.7,-6.1,0.37,0.3994766,0.4337816,1,19,11,43,41,570000
"2020-01-19 11:43:45.02",16791,100581,4.552,13.14,87,23.9676,98,26.0171,1,12,0.7,-6.2,0.33,0.39946,0.4336183,1,19,11,43,44,340000
"2020-01-19 11:43:46.84",16792,100582,4.945,13.12,87,23.9673,98,26.0147,1,12,0.7,-6.2,0.36,0.399455,0.4335784,1,19,11,43,46,160000
"2020-01-19 11:43:48.55",16793,100583,4.833,13.13,87,23.9668,98,26.0086,1,12,0.7,-6.3,0.35,0.3994467,0.4334766,1,19,11,43,47,870000
"2020-01-19 11:43:50.15",16794,100584,5.954,13.12,87,23.9665,98,26.0051,1,12,0.7,-6.2,0.43,0.3994416,0.4334183,1,19,11,43,49,470000
"2020-01-19 11:43:51.74",16795,100585,5.73,13.12,87,23.9658,98,25.9981,1,12,0.7,-6.2,0.41,0.39943,0.4333016,1,19,11,43,51,60000
"2020-01-19 11:43:53.26",16796,100586,5.45,13.12,87,23.9655,98,25.9961,1,12,0.7,-6.3,0.39,0.399425,0.4332683,1,19,11,43,52,580000
"2020-01-19 11:43:54.8",16797,100587,6.851,13.12,87,23.9647,98,25.9892,1,12,0.7,-6.3,0.48,0.3994117,0.4331533,1,19,11,43,54,120000
"2020-01-19 11:43:56.5",16798,100588,6.066,13.12,87,23.9644,98,25.9849,1,12,0.7,-6.3,0.43,0.3994066,0.4330816,1,19,11,43,55,820000
"2020-01-19 11:43:58.13",16799,100589,4.833,13.13,87,23.9637,98,25.9786,1,12,0.7,-6.3,0.35,0.399395,0.4329767,1,19,11,43,57,450000
"2020-01-19 11:43:59.8",16800,100590,5.393,13.12,87,23.9631,98,25.973,1,12,0.7,-6.4,0.39,0.399385,0.4328833,1,19,11,43,59,120000
"2020-01-19 11:44:01.34",16801,100591,7.188,13.12,87,23.9628,98,25.9696,1,12,0.7,-6.5,0.51,0.39938,0.4328267,1,19,11,44,0,660000
"2020-01-19 11:44:03.05",16802,100592,6.515,13.12,87,23.9621,98,25.9619,1,12,0.7,-6.3,0.46,0.3993683,0.4326983,1,19,11,44,2,370000
"2020-01-19 11:44:04.64",16803,100593,6.403,13.11,87,23.9615,98,25.9592,1,12,0.7,-6.4,0.46,0.3993583,0.4326533,1,19,11,44,3,960000
"2020-01-19 11:44:06.27",16804,100594,4.721,13.11,87,23.9611,98,25.9573,1,12,0.7,-6.4,0.35,0.3993516,0.4326216,1,19,11,44,5,590000
"2020-01-19 11:44:08.01",16805,100595,4.496,13.12,87,23.9605,98,25.9513,1,12,0.7,-6.4,0.33,0.3993417,0.4325217,1,19,11,44,7.000,330000
"2020-01-19 11:44:09.6",16806,100596,6.291,13.12,87,23.9599,98,25.9433,1,12,0.7,-6.3,0.45,0.3993316,0.4323883,1,19,11,44,8,920000
"2020-01-19 11:44:11.29",16807,100597,7.188,13.11,87,23.9596,98,25.9402,1,12,0.7,-6.3,0.51,0.3993267,0.4323367,1,19,11,44,10,610000
"2020-01-19 11:44:12.91",16808,100598,7.076,13.12,87,23.9589,98,25.94,1,11,0.8,-6.3,0.50,0.399315,0.4323334,1,19,11,44,12,230000
"2020-01-19 11:44:14.57",16809,100599,9.32,13.11,87,23.9582,98,25.9347,1,11,0.8,-6.4,0.65,0.3993034,0.432245,1,19,11,44,13,890000
"2020-01-19 11:44:16.29",16810,100600,5.393,13.11,87,23.9579,98,25.9323,1,11,0.8,-6.4,0.39,0.3992983,0.432205,1,19,11,44,15,610000
"2020-01-19 11:44:18.14",16811,100601,5.898,13.11,87,23.9573,98,25.9251,1,11,0.8,-6.2,0.42,0.3992883,0.432085,1,19,11,44,17,460000
"2020-01-19 11:44:19.71",16812,100602,5.73,13.12,87,23.9567,98,25.9206,1,11,0.8,-6.2,0.41,0.3992783,0.43201,1,19,11,44,19,30000
"2020-01-19 11:44:21.3",16813,100603,4.609,13.12,87,23.9564,98,25.9195,1,11,0.8,-6.3,0.34,0.3992733,0.4319917,1,19,11,44,20,620000
"2020-01-19 11:44:22.95",16814,100604,5.954,13.12,87,23.9557,98,25.9137,1,11,0.8,-6.5,0.43,0.3992616,0.431895,1,19,11,44,22,270000
"2020-01-19 11:44:24.54",16815,100605,5.73,13.11,87,23.955,98,25.9071,1,11,0.8,-6.7,0.41,0.39925,0.431785,1,19,11,44,23,850000
"2020-01-19 11:44:26.54",16816,100606,5.618,13.11,87,23.9544,98,25.8991,1,11,0.8,-6.5,0.40,0.39924,0.4316516,1,19,11,44,25,850000
"2020-01-19 11:44:28.07",16817,100607,5.674,13.11,87,23.9541,98,25.8967,1,11,0.8,-6.5,0.41,0.399235,0.4316116,1,19,11,44,27,390000
"2020-01-19 11:44:29.76",16818,100608,5.057,13.11,87,23.9536,98,25.893,1,11,0.8,-6.5,0.37,0.3992267,0.43155,1,19,11,44,29,80000
"2020-01-19 11:44:31.44",16819,100609,4.496,13.11,87,23.9532,98,25.8934,1,11,0.8,-6.6,0.33,0.39922,0.4315567,1,19,11,44,30,760000
"2020-01-19 11:44:33.02",16820,100610,4.552,13.11,87,23.9526,98,25.8895,1,11,0.8,-6.8,0.33,0.39921,0.4314917,1,19,11,44,32,340000
"2020-01-19 11:44:34.64",16821,100611,5.057,13.11,87,23.9521,98,25.884,1,11,0.8,-6.7,0.37,0.3992017,0.4314,1,19,11,44,33,960000
"2020-01-19 11:44:36.21",16822,100612,4.496,13.11,87,23.9516,98,25.8797,1,11,0.8,-6.7,0.33,0.3991933,0.4313283,1,19,11,44,35,530000
"2020-01-19 11:44:37.72",16823,100613,4.889,13.11,87,23.951,98,25.8652,1,11,0.8,-6.2,0.36,0.3991833,0.4310866,1,19,11,44,37,40000
"2020-01-19 11:44:39.52",16824,100614,5.057,13.11,87,23.9508,98,25.8586,1,11,0.8,-6.1,0.37,0.39918,0.4309767,1,19,11,44,38,830000
"2020-01-19 11:44:41.1",16825,100615,7.973,13.1,87,23.9503,98,25.8538,1,11,0.8,-6.2,0.56,0.3991717,0.4308967,1,19,11,44,40,420000
"2020-01-19 11:44:42.73",16826,100616,11.06,13.11,87,23.9496,98,25.8543,1,11,0.8,-6,0.76,0.39916,0.430905,1,19,11,44,42,50000
"2020-01-19 11:44:44.31",16827,100617,12.68,13.11,87,23.949,98,25.8552,1,11,0.8,-6.1,0.87,0.39915,0.43092,1,19,11,44,43,630000
"2020-01-19 11:44:46.14",16828,100618,10.89,13.12,87,23.9481,98,25.8538,1,11,0.8,-6,0.75,0.399135,0.4308967,1,19,11,44,45,460000
"2020-01-19 11:44:47.78",16829,100619,7.580,13.11,87,23.9475,98,25.8509,1,11,0.8,-6.2,0.53,0.399125,0.4308483,1,19,11,44,47,100000
"2020-01-19 11:44:49.36",16830,100620,8.14,13.1,87,23.9472,98,25.8473,1,11,0.8,-6.3,0.57,0.39912,0.4307883,1,19,11,44,48,680000
"2020-01-19 11:44:50.95",16831,100621,9.21,13.1,87,23.9465,98,25.8389,1,11,0.8,-6.3,0.64,0.3991084,0.4306483,1,19,11,44,50,270000
"2020-01-19 11:44:52.84",16832,100622,6.122,13.09,87,23.9458,98,25.8298,1,11,0.8,-6.2,0.44,0.3990967,0.4304967,1,19,11,44,52,160000
"2020-01-19 11:44:54.23",16833,100623,4.721,13.09,87,23.9455,98,25.8252,1,11,0.8,-6.2,0.35,0.3990917,0.43042,1,19,11,44,53,550000
"2020-01-19 11:44:55.77",16834,100624,4.44,13.12,87,23.9449,98,25.8119,1,11,0.8,-6.1,0.33,0.3990817,0.4301983,1,19,11,44,55,90000
"2020-01-19 11:44:57.37",16835,100625,4.16,13.11,87,23.9447,98,25.807,1,11,0.8,-6.1,0.31,0.3990783,0.4301166,1,19,11,44,56,690000
"2020-01-19 11:44:59.06",16836,100626,4.16,13.1,87,23.9442,98,25.7943,1,11,0.8,-5.8,0.31,0.39907,0.429905,1,19,11,44,58,380000
"2020-01-19 11:45:01.03",16837,100627,5.562,13.1,87,23.9436,98,25.7825,1,11,0.8,-5.7,0.4,0.39906,0.4297083,1,19,11,45,0,350000
"2020-01-19 11:45:02.46",16838,100628,5.057,13.11,87,23.9432,98,25.7785,1,11,0.8,-5.7,0.37,0.3990533,0.4296417,1,19,11,45,1,780000
"2020-01-19 11:45:04.05",16839,100629,4.384,13.11,87,23.9425,98,25.7665,1,11,0.8,-5.6,0.32,0.3990416,0.4294417,1,19,11,45,3,370000
"2020-01-19 11:45:05.58",16840,100630,4.609,13.11,87,23.9416,98,25.7665,1,11,0.8,-5.6,0.34,0.3990267,0.4294417,1,19,11,45,4,890000
"2020-01-19 11:45:07.17",16841,100631,4.496,13.09,87,23.9413,98,25.7619,1,11,0.8,-5.7,0.33,0.3990216,0.429365,1,19,11,45,6,490000
"2020-01-19 11:45:08.73",16842,100632,5.954,13.1,87,23.9406,98,25.7567,1,11,0.8,-5.4,0.43,0.39901,0.4292784,1,19,11,45,8,50000
"2020-01-19 11:45:10.46",16843,100633,4.833,13.13,87,23.9403,98,25.7526,1,11,0.8,-5.5,0.35,0.399005,0.42921,1,19,11,45,9,780000
"2020-01-19 11:45:12.09",16844,100634,4.833,13.22,87,23.9397,98,25.7431,1,11,0.8,-5.4,0.35,0.398995,0.4290517,1,19,11,45,11,410000
"2020-01-19 11:45:13.75",16845,100635,5.001,13.19,87,23.939,98,25.7353,1,11,0.8,-5.3,0.36,0.3989833,0.4289217,1,19,11,45,13,70000
"2020-01-19 11:45:15.44",16846,100636,4.721,13.19,87,23.9387,98,25.7322,1,11,0.8,-5.4,0.35,0.3989783,0.42887,1,19,11,45,14,760000
"2020-01-19 11:45:17.42",16847,100637,4.048,13.15,87,23.9381,98,25.7248,1,11,0.8,-5.4,0.30,0.3989683,0.4287467,1,19,11,45,16,740000
"2020-01-19 11:45:28.57",16848,100638,4.609,13.13,87,23.9381,98,25.7103,1,11,0.8,-4.9,0.34,0.3989683,0.428505,1,19,11,45,27,880000
"2020-01-19 11:45:30.19",16849,100639,4.833,13.11,87,23.9374,98,25.7024,1,11,0.8,-4.6,0.35,0.3989567,0.4283733,1,19,11,45,29,510000
"2020-01-19 11:45:31.8",16850,100640,4.384,13.11,87,23.9369,98,25.6942,1,11,0.8,-4.4,0.32,0.3989483,0.4282367,1,19,11,45,31,120000
"2020-01-19 11:45:33.49",16851,100641,8.08,13.16,87,23.9366,98,25.6893,1,11,0.8,-4.3,0.57,0.3989433,0.428155,1,19,11,45,32,810000
"2020-01-19 11:45:35.27",16852,100642,17.67,13.15,87,23.9359,98,25.6778,1,10,0.8,-4.1,1.192,0.3989316,0.4279633,1,19,11,45,34,590000
"2020-01-19 11:45:37.1",16853,100643,17.9,13.23,87,23.9352,98,25.6759,1,10,0.8,-4,1.206,0.39892,0.4279317,1,19,11,45,36,420000
"2020-01-19 11:45:38.85",16854,100644,19.75,13.22,87,23.9347,98,25.6685,1,10,0.8,-4,1.328,0.3989116,0.4278084,1,19,11,45,38,170000
"2020-01-19 11:45:40.71",16855,100645,14.25,13.22,87,23.9341,98,25.6669,1,10,0.8,-4.2,0.97,0.3989016,0.4277817,1,19,11,45,40,30000
"2020-01-19 11:45:42.55",16856,100646,9.88,13.15,87,23.9337,98,25.6667,1,10,0.8,-4.3,0.68,0.398895,0.4277783,1,19,11,45,41,860000
"2020-01-19 11:45:44.35",16857,100647,6.403,13.14,87,23.933,98,25.6573,1,10,0.8,-4.2,0.46,0.3988834,0.4276217,1,19,11,45,43,670000
"2020-01-19 11:45:45.91",16858,100648,5.057,13.13,87,23.9325,98,25.6414,1,10,0.8,-3.7,0.37,0.398875,0.4273567,1,19,11,45,45,230000
"2020-01-19 11:45:47.53",16859,100649,5.057,13.12,87,23.9321,98,25.6321,1,10,0.8,-3.7,0.37,0.3988684,0.4272016,1,19,11,45,46,840000
"2020-01-19 11:45:49.31",16860,100650,4.945,13.13,87,23.9318,98,25.6253,1,10,0.8,-3.5,0.36,0.3988634,0.4270883,1,19,11,45,48,630000
"2020-01-19 11:45:51.05",16861,100651,4.272,13.13,87,23.9311,98,25.6197,1,10,0.8,-3.1,0.32,0.3988517,0.426995,1,19,11,45,50,370000
"2020-01-19 11:45:52.59",16862,100652,4.272,13.11,87,23.9303,98,25.6164,1,10,0.8,-3.1,0.32,0.3988384,0.42694,1,19,11,45,51,910000
"2020-01-19 11:45:54.2",16863,100653,4.833,13.11,87,23.9297,98,25.6141,1,10,0.8,-3.1,0.35,0.3988284,0.4269017,1,19,11,45,53,520000
"2020-01-19 11:45:55.77",16864,100654,7.356,13.09,87,23.9292,98,25.6069,1,10,0.8,-3,0.52,0.39882,0.4267816,1,19,11,45,55,90000
"2020-01-19 11:45:57.46",16865,100655,9.26,13.19,87,23.9289,98,25.6003,1,10,0.8,-3,0.64,0.398815,0.4266716,1,19,11,45,56,780000
"2020-01-19 11:45:59.43",16866,100656,11.11,13.22,87,23.9283,98,25.5882,1,10,0.8,-2.7,0.76,0.398805,0.42647,1,19,11,45,58,750000
"2020-01-19 11:46:01.09",16867,100657,13.02,13.16,87,23.9278,98,25.58,1,10,0.8,-2.5,0.89,0.3987966,0.4263333,1,19,11,46,0,410000
"2020-01-19 11:46:02.8",16868,100658,11.22,13.14,87,23.9273,98,25.5748,1,10,0.8,-2.6,0.77,0.3987883,0.4262467,1,19,11,46,2,120000
"2020-01-19 11:46:05.25",16869,100659,29,13.2,87,23.9268,98,25.5716,1,10,0.8,-2.7,1.933,0.39878,0.4261933,1,19,11,46,4,570000
"2020-01-19 11:46:08.18",16870,100660,36.12,13.29,87,23.9263,98,25.5634,1,10,0.8,-2.4,2.398,0.3987717,0.4260567,1,19,11,46,7.000,500000
"2020-01-19 11:46:12.97",16871,100661,37.24,13.22,87,23.9258,98,25.5583,1,10,0.8,-2.5,2.472,0.3987633,0.4259716,1,19,11,46,12,290000
"2020-01-19 11:46:16.22",16872,100662,30.91,13.22,87,23.9253,98,25.5554,1,10,0.8,-2.5,2.057,0.398755,0.4259234,1,19,11,46,15,540000
"2020-01-19 11:46:18.6",16873,100663,23.84,13.17,87,23.9244,98,25.5533,1,10,0.8,-2.8,1.595,0.39874,0.4258884,1,19,11,46,17,920000
"2020-01-19 11:46:20.74",16874,100664,18.63,13.18,87,23.9239,98,25.5518,1,10,0.8,-2.8,1.254,0.3987317,0.4258633,1,19,11,46,20,60000
"2020-01-19 11:46:22.9",16875,100665,12.12,13.13,87,23.9232,98,25.5486,1,10,0.8,-2.8,0.83,0.39872,0.42581,1,19,11,46,22,220000
"2020-01-19 11:46:25.03",16876,100666,8.59,13.11,87,23.9229,98,25.5377,1,10,0.8,-2.5,0.60,0.398715,0.4256283,1,19,11,46,24,350000
"2020-01-19 11:46:27.03",16877,100667,17.79,13.11,87,23.9224,98,25.5433,1,10,0.8,-2.6,1.199,0.3987066,0.4257217,1,19,11,46,26,350000
"2020-01-19 11:46:29.21",16878,100668,6.179,13.11,87,23.9218,98,25.5434,1,10,0.8,-2.3,0.44,0.3986967,0.4257234,1,19,11,46,28,530000
"2020-01-19 11:46:31.04",16879,100669,7.412,13.19,87,23.9212,98,25.5413,1,10,0.8,-2.5,0.52,0.3986867,0.4256883,1,19,11,46,30,360000
"2020-01-19 11:46:32.62",16880,100670,9.60,13.12,87,23.9205,98,25.5407,1,10,0.8,-2.6,0.66,0.398675,0.4256784,1,19,11,46,31,940000
"2020-01-19 11:46:34.27",16881,100671,8.2,13.11,87,23.9201,98,25.54,1,10,0.8,-2.7,0.57,0.3986683,0.4256667,1,19,11,46,33,590000
"2020-01-19 11:46:36.02",16882,100672,15.26,13.12,87,23.9195,98,25.5358,1,10,0.8,-2.6,1.034,0.3986583,0.4255967,1,19,11,46,35,340000
"2020-01-19 11:46:38.05",16883,100673,25.02,13.21,87,23.9189,98,25.5333,1,10,0.8,-2.7,1.672,0.3986483,0.425555,1,19,11,46,37,370000
"2020-01-19 11:46:41.24",16884,100674,24.79,13.16,87,23.9182,98,25.5281,1,10,0.8,-2.4,1.658,0.3986367,0.4254683,1,19,11,46,40,560000
"2020-01-19 11:49:40.6",16885,100675,5.506,13.15,87,23.9062,98,24.534,1,10,0.8,-2.8,0.40,0.3984367,0.4089,1,19,11,49,39,920000
"2020-01-19 11:49:48.06",16886,100676,119.9,13.08,87,23.9062,98,24.5329,1,10,0.8,-2.8,7.877,0.3984367,0.4088817,1,19,11,49,47,380000
"2020-01-19 11:49:49.01",16887,100677,120,13.07,87,23.9062,98,24.5327,1,10,0.8,-2.8,7.881,0.3984367,0.4088783,1,19,11,49,48,330000
"2020-01-19 11:49:49.89",16888,100678,119.9,13.07,87,23.9062,98,24.5322,1,10,0.8,-2.9,7.877,0.3984367,0.40887,1,19,11,49,49,210000
"2020-01-19 11:50:43.98",16889,100679,73.58,13.11,87,23.8762,98,24.5534,1,10,0.8,-3.3,4.848,0.3979367,0.4092234,1,19,11,50,43,300000
"2020-01-19 13:01:10.68",16890,100680,120,13.3,87,24.2765,98,19.5237,1,9,0.8,3.4,7.884,0.4046083,0.325395,1,19,13,1,10,0
"2020-01-19 13:01:11.68",16891,100681,119.9,13.29,87,24.2766,98,19.5247,1,9,0.8,3.3,7.876,0.40461,0.3254117,1,19,13,1,11,0
"2020-01-19 13:01:12.74",16892,100682,119.9,13.28,87,24.2767,98,19.5225,1,9,0.9,3.2,7.880,0.4046116,0.325375,1,19,13,1,12,60000
"2020-01-19 13:01:21.25",16893,100683,24.48,13.3,87,24.2769,98,19.5121,1,9,0.8,2.4,1.637,0.404615,0.3252017,1,19,13,1,20,570000
"2020-01-19 13:01:27.55",16894,100684,27.28,13.35,87,24.2769,98,19.4987,1,9,0.8,1.9,1.82,0.404615,0.3249783,1,19,13,1,26,870000
"2020-01-19 13:01:32.93",16895,100685,21.84,13.36,87,24.2768,98,19.485,1,9,0.8,1.9,1.464,0.4046134,0.32475,1,19,13,1,32,250000
"2020-01-19 13:01:37.37",16896,100686,16.4,13.35,87,24.2768,98,19.4657,1,10,0.8,1.5,1.108,0.4046134,0.3244283,1,19,13,1,36,690000
"2020-01-19 13:01:41.93",16897,100687,20.21,13.34,87,24.2765,98,19.4542,1,10,0.8,1.7,1.358,0.4046083,0.3242367,1,19,13,1,41,250000
"2020-01-19 13:01:46.94",16898,100688,20.83,13.34,87,24.2764,98,19.4384,1,10,0.8,1.6,1.398,0.4046067,0.3239733,1,19,13,1,46,260000
"2020-01-19 13:01:51.25",16899,100689,21.67,13.34,87,24.2763,98,19.4269,1,10,0.8,1.7,1.453,0.404605,0.3237817,1,19,13,1,50,570000
"2020-01-19 13:01:55.47",16900,100690,24.59,13.32,87,24.2762,98,19.4046,1,10,0.8,1.4,1.644,0.4046033,0.32341,1,19,13,1,54,790000
"2020-01-19 13:01:59.33",16901,100691,27.51,13.33,87,24.2761,98,19.391,1,10,0.8,1.6,1.835,0.4046017,0.3231834,1,19,13,1,58,650000
"2020-01-19 13:02:03.98",16902,100692,22.01,13.33,87,24.2759,98,19.3794,1,10,0.8,2.1,1.475,0.4045983,0.32299,1,19,13,2,3,300000
"2020-01-19 13:02:14.16",16903,100693,22.12,13.32,87,24.2759,98,19.3693,1,10,0.8,2.3,1.483,0.4045983,0.3228217,1,19,13,2,13,480000
"2020-01-19 13:02:20.23",16904,100694,28.07,13.31,87,24.2759,98,19.3519,1,10,0.8,2.1,1.872,0.4045983,0.3225317,1,19,13,2,19,550000
"2020-01-19 13:02:30.95",16905,100695,36.49,13.3,87,24.2754,98,19.335,1,10,0.8,2.3,2.422,0.40459,0.32225,1,19,13,2,30,270000
"2020-01-19 13:02:37.89",16906,100696,45.13,13.3,87,24.2754,98,19.3247,1,10,0.8,2.1,2.988,0.40459,0.3220783,1,19,13,2,37,210000
"2020-01-19 13:02:42.66",16907,100697,46.53,13.31,87,24.2752,98,19.3103,1,10,0.8,1.8,3.079,0.4045867,0.3218383,1,19,13,2,41,980000
"2020-01-19 13:02:47.37",16908,100698,48.27,13.3,87,24.2754,98,19.2992,1,10,0.8,1.5,3.193,0.40459,0.3216533,1,19,13,2,46,690000
"2020-01-19 13:02:51.67",16909,100699,44.34,13.31,87,24.2753,98,19.2828,1,10,0.8,1.8,2.936,0.4045883,0.32138,1,19,13,2,50,990000
"2020-01-19 13:03:00.8",16910,100700,56.58,13.31,87,24.2753,98,19.2681,1,10,0.8,1.4,3.736,0.4045883,0.321135,1,19,13,3,0,120000
"2020-01-19 13:03:09.31",16911,100701,84.1,13.29,87,24.2757,98,19.2503,1,10,0.8,2,5.535,0.404595,0.3208383,1,19,13,3,8,630000
"2020-01-19 13:03:19.23",16912,100702,64.66,13.28,87,24.2758,98,19.2315,1,10,0.8,2.2,4.265,0.4045967,0.320525,1,19,13,3,18,550000
"2020-01-19 13:03:25.39",16913,100703,55.01,13.28,87,24.276,98,19.2139,1,10,0.8,2.2,3.634,0.4046,0.3202316,1,19,13,3,24,710000
"2020-01-19 13:03:33.47",16914,100704,28.18,13.29,87,24.2758,98,19.2016,1,9,0.8,2.8,1.879,0.4045967,0.3200267,1,19,13,3,32,790000
"2020-01-19 13:03:43.02",16915,100705,39.86,13.27,87,24.2754,98,19.2054,1,9,0.8,3.3,2.643,0.40459,0.32009,1,19,13,3,42,340000
"2020-01-19 13:03:51.62",16916,100706,24.65,13.19,87,24.2748,98,19.1922,1,9,0.8,3.9,1.648,0.40458,0.31987,1,19,13,3,50,940000
"2020-01-19 13:03:56.97",16917,100707,12.19,13.23,87,24.2748,98,19.1761,1,9,0.8,3.5,0.83,0.40458,0.3196017,1,19,13,3,56,290000
"2020-01-19 13:04:03.25",16918,100708,12.58,13.23,87,24.2752,98,19.162,1,9,0.8,3.2,0.86,0.4045867,0.3193667,1,19,13,4,2,570000
"2020-01-19 13:04:08.68",16919,100709,17.97,13.27,87,24.2751,98,19.1465,1,10,0.7,3.3,1.211,0.404585,0.3191083,1,19,13,4,8,0
"2020-01-19 13:04:23.92",16920,100710,33.57,13.26,87,24.275,98,19.1239,1,10,0.7,2.6,2.232,0.4045833,0.3187317,1,19,13,4,23,240000
"2020-01-19 13:04:31.67",16921,100711,103.4,13.24,87,24.275,98,19.1003,1,10,0.7,2.2,6.801,0.4045833,0.3183383,1,19,13,4,30,990000
"2020-01-19 13:04:43.61",16922,100712,98.3,13.21,87,24.275,98,19.0811,1,10,0.7,1,6.467,0.4045833,0.3180183,1,19,13,4,42,930000
"2020-01-19 13:05:02.16",16923,100713,94.5,13.24,87,24.2749,98,19.0569,1,10,0.7,-1.5,6.217,0.4045817,0.317615,1,19,13,5,1,480000
"2020-01-19 13:05:14.23",16924,100714,92,13.19,87,24.2752,98,19.0368,1,10,0.7,-2.9,6.056,0.4045867,0.31728,1,19,13,5,13,550000
"2020-01-19 13:05:24.9",16925,100715,83.9,13.21,87,24.2751,98,19.0291,1,10,0.7,-2.6,5.52,0.404585,0.3171517,1,19,13,5,24,220000
"2020-01-19 13:05:33.49",16926,100716,51.08,13.17,87,24.2751,98,19.0154,1,10,0.7,-2.4,3.377,0.404585,0.3169233,1,19,13,5,32,810000
"2020-01-19 13:05:39.68",16927,100717,41.88,13.11,87,24.2753,98,18.9967,1,10,0.7,-3.2,2.775,0.4045883,0.3166117,1,19,13,5,39,0
"2020-01-19 13:05:44.53",16928,100718,42.89,13.08,87,24.2752,98,18.9884,1,10,0.7,-2.8,2.841,0.4045867,0.3164733,1,19,13,5,43,850000
"2020-01-19 13:05:49.95",16929,100719,43.11,13.11,87,24.2751,98,18.9778,1,10,0.7,-2.6,2.855,0.404585,0.3162967,1,19,13,5,49,270000
"2020-01-19 13:05:59.02",16930,100720,30.82,13.19,87,24.2749,98,18.9611,1,10,0.7,-2,2.052,0.4045817,0.3160183,1,19,13,5,58,340000
"2020-01-19 13:06:05.95",16931,100721,29.42,13.14,87,24.275,98,18.9467,1,10,0.7,-2.3,1.96,0.4045833,0.3157783,1,19,13,6,5,270000
"2020-01-19 13:06:26.23",16932,100722,41.65,13.07,87,24.2751,98,18.9233,1,10,0.7,-2.4,2.76,0.404585,0.3153883,1,19,13,6,25,550000
"2020-01-19 13:06:31.29",16933,100723,19.54,13.09,87,24.275,98,18.9102,1,10,0.7,-2.4,1.314,0.4045833,0.31517,1,19,13,6,30,610000
"2020-01-19 13:06:37.05",16934,100724,18.42,13.13,87,24.2751,98,18.8948,1,10,0.7,-2.5,1.241,0.404585,0.3149133,1,19,13,6,36,370000
"2020-01-19 13:06:40.19",16935,100725,19.32,13.07,87,24.2751,98,18.888,1,10,0.7,-2.5,1.299,0.404585,0.3148,1,19,13,6,39,510000
"2020-01-19 13:06:44.27",16936,100726,13.48,13.08,87,24.275,98,18.8741,1,11,0.7,-2.3,0.92,0.4045833,0.3145683,1,19,13,6,43,590000
"2020-01-19 13:06:47.85",16937,100727,24.37,13.09,87,24.2748,98,18.8625,1,11,0.7,-2.4,1.63,0.40458,0.314375,1,19,13,6,47,170000
"2020-01-19 13:06:53.39",16938,100728,14.27,13.07,87,24.2747,98,18.8478,1,11,0.7,-2.1,0.97,0.4045783,0.31413,1,19,13,6,52,710000
"2020-01-19 13:06:59.11",16939,100729,71.96,13.16,87,24.2747,98,18.833,1,11,0.7,-2.3,4.742,0.4045783,0.3138833,1,19,13,6,58,430000
"2020-01-19 13:07:04.05",16940,100730,69.94,13.17,87,24.2748,98,18.8256,1,11,0.7,-2.1,4.61,0.40458,0.31376,1,19,13,7.000,3,370000
"2020-01-19 13:07:09.15",16941,100731,51.86,13.14,87,24.2747,98,18.8129,1,11,0.7,-2.1,3.428,0.4045783,0.3135484,1,19,13,7.000,8,470000
"2020-01-19 13:07:13.67",16942,100732,34.19,13.14,87,24.2747,98,18.7883,1,11,0.7,-2.5,2.272,0.4045783,0.3131383,1,19,13,7.000,12,990000
"2020-01-19 13:07:17.38",16943,100733,22.8,13.14,87,24.2747,98,18.7812,1,11,0.7,-2.1,1.527,0.4045783,0.31302,1,19,13,7.000,16,700000
"2020-01-19 13:07:20.92",16944,100734,35.25,13.11,87,24.2747,98,18.7633,1,11,0.7,-2.3,2.342,0.4045783,0.3127217,1,19,13,7.000,20,240000
"2020-01-19 13:07:26.77",16945,100735,9.94,13.09,87,24.2743,98,18.7553,1,11,0.7,-2.5,0.69,0.4045716,0.3125883,1,19,13,7.000,26,90000
"2020-01-19 13:07:30.97",16946,100736,31.66,13.07,87,24.2742,98,18.7394,1,11,0.7,-2.3,2.107,0.40457,0.3123234,1,19,13,7.000,30,290000
"2020-01-19 13:07:34.24",16947,100737,15.39,13.09,87,24.274,98,18.73,1,11,0.7,-2.2,1.042,0.4045667,0.3121667,1,19,13,7.000,33,560000
"2020-01-19 13:07:37.89",16948,100738,20.94,13.08,87,24.2741,98,18.7202,1,11,0.7,-2.6,1.406,0.4045683,0.3120033,1,19,13,7.000,37,210000
"2020-01-19 13:07:41.59",16949,100739,14.94,13.08,87,24.2741,98,18.7017,1,11,0.7,-2.4,1.013,0.4045683,0.311695,1,19,13,7.000,40,900000
"2020-01-19 13:07:45.22",16950,100740,14.38,13.07,87,24.2739,98,18.6907,1,11,0.7,-2.2,0.98,0.404565,0.3115117,1,19,13,7.000,44,540000
"2020-01-19 13:07:48.88",16951,100741,17.18,13.04,87,24.2739,98,18.6736,1,11,0.7,-2.2,1.16,0.404565,0.3112267,1,19,13,7.000,48,200000
"2020-01-19 13:07:53.47",16952,100742,7.419,13.05,87,24.2738,98,18.6652,1,11,0.7,-2.1,0.52,0.4045633,0.3110867,1,19,13,7.000,52,790000
"2020-01-19 13:07:58.15",16953,100743,14.38,13.07,87,24.2737,98,18.6494,1,11,0.7,-1.7,0.98,0.4045617,0.3108234,1,19,13,7.000,57,470000
"2020-01-19 13:08:04.88",16954,100744,119.9,13.11,87,24.2733,98,18.6482,1,11,0.7,-1.3,7.880,0.404555,0.3108033,1,19,13,8,4,200000
"2020-01-19 13:08:05.86",16955,100745,120,13.07,87,24.2733,98,18.6486,1,11,0.7,-1.4,7.884,0.404555,0.31081,1,19,13,8,5,180000
"2020-01-19 13:08:06.83",16956,100746,120,13.05,87,24.2732,98,18.649,1,11,0.7,-1.2,7.884,0.4045533,0.3108167,1,19,13,8,6,150000
"2020-01-19 13:09:13.84",16957,100747,24.25,13.08,87,24.2849,98,19.2813,1,11,0.7,-0.8,1.622,0.4047484,0.321355,1,19,13,9,13,160000
"2020-01-19 13:09:19.43",16958,100748,120,13.13,87,24.2851,98,19.2832,1,11,0.7,-0.5,7.884,0.4047517,0.3213867,1,19,13,9,18,750000
"2020-01-19 13:09:20.42",16959,100749,119.9,13.12,87,24.2852,98,19.2818,1,11,0.7,-0.8,7.876,0.4047533,0.3213633,1,19,13,9,19,740000
"2020-01-19 13:09:21.37",16960,100750,120,13.13,87,24.2853,98,19.2833,1,11,0.7,-1,7.884,0.404755,0.3213883,1,19,13,9,20,690000
"2020-01-19 14:30:49.63",16961,100751,-0.55,13.49,87,24.2823,98,19.2946,1,11,0.7,-1.3,0,0.404705,0.3215767,1,19,14,30,48,950000
