"TOA5","43467","CR800","43467","CR800.Std.32.02","CPU:AWI_V2.1_Katrin.CR8","5929","OperatorView"
"TIMESTAMP","RECORD","Counter","DepthCm","BattVolts","latitude_a","latitude_b","Longitude_a","Longitude_b","fix_quality","nmbr_satellites","HDOP","altitudeB","DepthVolts","LatitudeDDDDD","LongitudeDDDDD","month","dayofmonth","hourofday","minutes","seconds","microseconds"
"TS","RN","","","","degrees","minutes","degrees","minutes","unitless","","","","","","","","","","","",""
"","","Smp","Smp","Smp","Smp","Smp","Smp","Smp","Smp","Smp","Smp","Smp","Smp","Smp","Smp","Smp","Smp","Smp","Smp","Smp","Smp"
"2019-11-21 01:47:41.15",5707,100001,0.054,13.15,85,44.581,120,54.2826,1,11,0.7,3.1,0.007,0.7430166,0.90471,11,21,1,47,40,470000
"2019-11-21 01:47:47.1",5708,100002,120.3,13.15,85,44.581,120,54.2806,1,11,0.7,2.8,7.713,0.7430166,0.9046766,11,21,1,47,46,420000
"2019-11-21 01:51:33.56",5709,100003,17.32,13.1,85,44.5766,120,54.2458,1,11,0.7,5.5,1.114,0.7429434,0.9040966,11,21,1,51,32,880000
"2019-11-21 01:53:37.45",5710,100004,14.25,13.08,85,44.5746,120,54.2162,1,11,0.7,6.9,0.917,0.74291,0.9036034,11,21,1,53,36,760000
"2019-11-21 01:53:43.68",5711,100005,9.71,13.08,85,44.5776,120,54.1858,1,11,0.7,8.3,0.626,0.74296,0.9030966,11,21,1,53,42,990000
"2019-11-21 01:53:46.06",5712,100006,9.94,13.08,85,44.5777,120,54.1755,1,11,0.7,8.4,0.641,0.7429617,0.902925,11,21,1,53,45,380000
"2019-11-21 01:53:48.34",5713,100007,9.71,13.08,85,44.5771,120,54.162,1,11,0.7,8.4,0.626,0.7429516,0.9027,11,21,1,53,47,660000
"2019-11-21 01:53:50.78",5714,100008,9.25,13.08,85,44.5761,120,54.147,1,11,0.7,8.6,0.597,0.742935,0.90245,11,21,1,53,50,100000
"2019-11-21 01:53:53.04",5715,100009,8.8,13.08,85,44.5761,120,54.1336,1,11,0.7,8.6,0.568,0.742935,0.9022266,11,21,1,53,52,360000
"2019-11-21 01:53:55.38",5716,100010,6.641,13.08,85,44.5758,120,54.1172,1,11,0.7,8.5,0.43,0.7429301,0.9019534,11,21,1,53,54,700000
"2019-11-21 01:53:57.53",5717,100011,8.91,13.08,85,44.5754,120,54.0935,1,11,0.7,8.5,0.575,0.7429234,0.9015582,11,21,1,53,56,850000
"2019-11-21 01:53:59.92",5718,100012,8.8,13.08,85,44.5751,120,54.077,1,11,0.7,8.5,0.568,0.7429183,0.9012834,11,21,1,53,59,240000
"2019-11-21 01:54:02.44",5719,100013,11.7,13.08,85,44.5749,120,54.0607,1,12,0.7,8.3,0.754,0.742915,0.9010117,11,21,1,54,1,760000
"2019-11-21 01:54:04.97",5720,100014,13.8,13.08,85,44.5746,120,54.0354,1,12,0.7,8.1,0.888,0.74291,0.90059,11,21,1,54,4,290000
"2019-11-21 01:54:07.47",5721,100015,14.02,13.08,85,44.5747,120,54.0092,1,12,0.7,8,0.903,0.7429116,0.9001534,11,21,1,54,6,780000
"2019-11-21 01:54:10",5722,100016,13.68,13.08,85,44.5748,120,53.9923,1,12,0.7,7.7,0.881,0.7429133,0.8998717,11,21,1,54,9,320000
"2019-11-21 01:54:12.55",5723,100017,9.94,13.08,85,44.5752,120,53.9665,1,12,0.7,7.3,0.641,0.74292,0.8994417,11,21,1,54,11,870000
"2019-11-21 01:54:15.53",5724,100018,8.34,13.08,85,44.5762,120,53.9451,1,12,0.7,6.8,0.539,0.7429366,0.899085,11,21,1,54,14,850000
"2019-11-21 01:54:18.08",5725,100019,6.414,13.08,85,44.5766,120,53.9295,1,12,0.7,6.5,0.415,0.7429434,0.898825,11,21,1,54,17,400000
"2019-11-21 01:54:20.42",5726,100020,8.57,13.08,85,44.5772,120,53.9165,1,12,0.7,6.3,0.553,0.7429534,0.8986083,11,21,1,54,19,740000
"2019-11-21 01:54:22.9",5727,100021,10.73,13.08,85,44.5782,120,53.8978,1,12,0.7,5.8,0.692,0.7429701,0.8982966,11,21,1,54,22,220000
"2019-11-21 01:54:25.63",5728,100022,15.95,13.08,85,44.5792,120,53.883,1,11,0.7,5.6,1.027,0.7429866,0.89805,11,21,1,54,24,950000
"2019-11-21 01:54:28.58",5729,100023,12.21,13.08,85,44.5803,120,53.869,1,11,0.7,5.5,0.786,0.743005,0.8978166,11,21,1,54,27,900000
"2019-11-21 01:54:30.99",5730,100024,11.24,13.08,85,44.5808,120,53.8631,1,11,0.7,5.5,0.724,0.7430134,0.8977183,11,21,1,54,30,310000
"2019-11-21 01:54:33.65",5731,100025,16.98,13.07,85,44.5815,120,53.8452,1,11,0.7,5.2,1.092,0.743025,0.89742,11,21,1,54,32,970000
"2019-11-21 01:54:36.17",5732,100026,15.39,13.08,85,44.5818,120,53.8376,1,11,0.7,5.1,0.99,0.7430299,0.8972934,11,21,1,54,35,490000
"2019-11-21 01:54:40.23",5733,100027,15.16,13.07,85,44.5824,120,53.8236,1,11,0.7,5,0.976,0.74304,0.89706,11,21,1,54,39,550000
"2019-11-21 01:54:42.78",5734,100028,9.25,13.07,85,44.5831,120,53.8069,1,11,0.7,5,0.597,0.7430517,0.8967817,11,21,1,54,42,100000
"2019-11-21 01:54:45.18",5735,100029,5.96,13.06,85,44.5839,120,53.7955,1,11,0.7,4.9,0.386,0.743065,0.8965918,11,21,1,54,44,500000
"2019-11-21 01:54:48.62",5736,100030,15.27,13.07,85,44.5858,120,53.7843,1,11,0.7,5,0.983,0.7430966,0.896405,11,21,1,54,47,940000
"2019-11-21 01:54:51.8",5737,100031,16.07,13.06,85,44.5865,120,53.7774,1,11,0.7,5,1.034,0.7431083,0.89629,11,21,1,54,51,120000
"2019-11-21 01:54:54.78",5738,100032,18.68,13.07,85,44.5881,120,53.7672,1,11,0.7,4.9,1.201,0.743135,0.89612,11,21,1,54,54,100000
"2019-11-21 01:54:58.21",5739,100033,14.25,13.07,85,44.5898,120,53.7621,1,11,0.7,4.7,0.917,0.7431634,0.896035,11,21,1,54,57,530000
"2019-11-21 01:55:01.56",5740,100034,7.096,13.07,85,44.5917,120,53.7588,1,11,0.8,4.6,0.459,0.743195,0.89598,11,21,1,55,0,880000
"2019-11-21 01:55:04.38",5741,100035,19.48,13.06,85,44.5925,120,53.757,1,11,0.8,4.6,1.252,0.7432083,0.89595,11,21,1,55,3,700000
"2019-11-21 01:55:07.95",5742,100036,23,13.06,85,44.5949,120,53.7519,1,11,0.8,4.6,1.478,0.7432483,0.895865,11,21,1,55,7,270000
"2019-11-21 01:55:11.11",5743,100037,14.65,13.06,85,44.596,120,53.7507,1,11,0.8,4.4,0.943,0.7432667,0.895845,11,21,1,55,10,430000
"2019-11-21 01:55:14.32",5744,100038,32.42,13.06,85,44.5973,120,53.7491,1,11,0.7,4.3,2.082,0.7432883,0.8958183,11,21,1,55,13,640000
"2019-11-21 01:55:17.72",5745,100039,16.41,13.06,85,44.5992,120,53.7462,1,11,0.8,4.2,1.056,0.7433201,0.89577,11,21,1,55,17,40000
"2019-11-21 01:55:22.94",5746,100040,19.76,13.06,85,44.5998,120,53.7486,1,11,0.7,3.8,1.271,0.74333,0.89581,11,21,1,55,22,260000
"2019-11-21 01:55:25.38",5747,100041,30.04,13.06,85,44.6008,120,53.7521,1,11,0.7,3.5,1.929,0.7433466,0.8958684,11,21,1,55,24,700000
"2019-11-21 01:55:27.75",5748,100042,19.99,13.06,85,44.6023,120,53.7506,1,11,0.8,3.4,1.285,0.7433717,0.8958434,11,21,1,55,27,70000
"2019-11-21 01:55:30.13",5749,100043,20.5,13.06,85,44.6032,120,53.7506,1,11,0.8,3.1,1.318,0.7433866,0.8958434,11,21,1,55,29,450000
"2019-11-21 01:55:32.49",5750,100044,20.21,13.06,85,44.6048,120,53.7502,1,11,0.8,2.9,1.3,0.7434134,0.8958366,11,21,1,55,31,810000
"2019-11-21 01:55:34.82",5751,100045,27.99,13.06,85,44.6058,120,53.7481,1,11,0.8,2.7,1.798,0.74343,0.8958017,11,21,1,55,34,130000
"2019-11-21 01:55:37.24",5752,100046,49.92,13.06,85,44.6067,120,53.7458,1,11,0.7,2.6,3.204,0.743445,0.8957634,11,21,1,55,36,560000
"2019-11-21 01:55:39.95",5753,100047,45.94,13.05,85,44.608,120,53.7476,1,11,0.7,2.6,2.949,0.7434666,0.8957933,11,21,1,55,39,270000
"2019-11-21 01:55:42.94",5754,100048,32.77,13.06,85,44.6095,120,53.7422,1,11,0.8,2,2.104,0.7434917,0.8957033,11,21,1,55,42,260000
"2019-11-21 01:55:45.22",5755,100049,25.38,13.06,85,44.6104,120,53.7338,1,11,0.7,1.8,1.631,0.7435066,0.8955633,11,21,1,55,44,530000
"2019-11-21 01:55:48.01",5756,100050,16.41,13.06,85,44.6117,120,53.7228,1,11,0.8,1.4,1.056,0.7435283,0.89538,11,21,1,55,47,330000
"2019-11-21 01:55:50.48",5757,100051,6.528,13.06,85,44.6122,120,53.7138,1,11,0.7,1.4,0.422,0.7435367,0.89523,11,21,1,55,49,790000
"2019-11-21 01:55:53.08",5758,100052,7.039,13.06,85,44.6132,120,53.7005,1,11,0.7,1,0.455,0.7435534,0.8950083,11,21,1,55,52,400000
"2019-11-21 01:55:57.2",5759,100053,5.789,13.06,85,44.6142,120,53.6822,1,11,0.7,0.8,0.375,0.74357,0.8947034,11,21,1,55,56,520000
"2019-11-21 01:56:00.52",5760,100054,11.98,13.05,85,44.6159,120,53.674,1,11,0.7,0.3,0.772,0.7435983,0.8945666,11,21,1,55,59,840000
"2019-11-21 01:56:02.83",5761,100055,6.301,13.06,85,44.6169,120,53.667,1,11,0.7,0.3,0.408,0.743615,0.89445,11,21,1,56,2,150000
"2019-11-21 01:56:05.93",5762,100056,35.32,13.05,85,44.6187,120,53.658,1,11,0.7,0,2.268,0.743645,0.8943001,11,21,1,56,5,250000
"2019-11-21 01:56:08.7",5763,100057,19.31,13.05,85,44.6197,120,53.652,1,11,0.7,0,1.241,0.7436617,0.8942,11,21,1,56,8,20000
"2019-11-21 01:56:11.03",5764,100058,11.64,13.05,85,44.6207,120,53.647,1,11,0.7,-0.2,0.75,0.7436783,0.8941166,11,21,1,56,10,350000
"2019-11-21 01:56:13.68",5765,100059,13.74,13.05,85,44.6224,120,53.6392,1,11,0.7,-0.4,0.885,0.7437066,0.8939866,11,21,1,56,13,0
"2019-11-21 01:56:16.5",5766,100060,12.04,13.05,85,44.6239,120,53.6305,1,11,0.7,-0.6,0.775,0.7437317,0.8938417,11,21,1,56,15,820000
"2019-11-21 01:56:19.22",5767,100061,14.14,13.05,85,44.625,120,53.6255,1,11,0.7,-0.8,0.91,0.74375,0.8937583,11,21,1,56,18,540000
"2019-11-21 01:56:21.91",5768,100062,30.27,13.05,85,44.6263,120,53.6174,1,11,0.7,-1,1.944,0.7437717,0.8936234,11,21,1,56,21,230000
"2019-11-21 01:56:25.51",5769,100063,16.07,13.05,85,44.6271,120,53.6026,1,11,0.7,-1,1.034,0.743785,0.8933766,11,21,1,56,24,820000
"2019-11-21 01:56:28.61",5770,100064,20.04,13.05,85,44.6278,120,53.5932,1,11,0.7,-1.2,1.289,0.7437966,0.89322,11,21,1,56,27,920000
"2019-11-21 01:56:32.84",5771,100065,20.38,13.05,85,44.6287,120,53.5666,1,11,0.7,-1.4,1.311,0.7438117,0.8927766,11,21,1,56,32,160000
"2019-11-21 01:56:36.31",5772,100066,16.35,13.05,85,44.6291,120,53.5566,1,11,0.7,-1.7,1.052,0.7438183,0.8926099,11,21,1,56,35,630000
"2019-11-21 01:56:39.18",5773,100067,8.97,13.05,85,44.6297,120,53.5364,1,11,0.7,-1.8,0.579,0.7438283,0.8922733,11,21,1,56,38,500000
"2019-11-21 01:56:42.64",5774,100068,10.84,13.05,85,44.6308,120,53.5089,1,11,0.7,-2,0.699,0.7438466,0.891815,11,21,1,56,41,960000
"2019-11-21 01:56:45.79",5775,100069,13.63,13.05,85,44.6313,120,53.4889,1,11,0.7,-2.2,0.877,0.743855,0.8914816,11,21,1,56,45,110000
"2019-11-21 01:56:50.61",5776,100070,20.67,13.05,85,44.632,120,53.4525,1,11,0.7,-2.1,1.329,0.7438667,0.890875,11,21,1,56,49,930000
"2019-11-21 01:56:51.99",5777,100071,20.73,13.05,85,44.6322,120,53.4508,1,11,0.7,-2.3,1.332,0.74387,0.8908466,11,21,1,56,51,310000
"2019-11-21 01:56:55.21",5778,100072,9.14,13.05,85,44.6324,120,53.446,1,11,0.7,-2.6,0.59,0.7438734,0.8907667,11,21,1,56,54,530000
"2019-11-21 01:56:58.68",5779,100073,27.65,13.05,85,44.6323,120,53.4132,1,11,0.7,-2.3,1.777,0.7438717,0.89022,11,21,1,56,58,0
"2019-11-21 01:57:02.06",5780,100074,4.54,13.05,85,44.6324,120,53.3947,1,11,0.7,-2.4,0.295,0.7438734,0.8899117,11,21,1,57,1,380000
"2019-11-21 01:57:05.33",5781,100075,8.12,13.04,85,44.6325,120,53.3814,1,11,0.7,-2.6,0.524,0.743875,0.8896901,11,21,1,57,4,640000
"2019-11-21 01:57:08.71",5782,100076,24.02,13.05,85,44.6321,120,53.353,1,11,0.7,-2.6,1.544,0.7438683,0.8892166,11,21,1,57,8,30000
"2019-11-21 01:57:12.09",5783,100077,18.79,13.04,85,44.6313,120,53.3299,1,11,0.7,-2.7,1.209,0.743855,0.8888317,11,21,1,57,11,410000
"2019-11-21 01:57:14.98",5784,100078,14.99,13.05,85,44.6309,120,53.3139,1,11,0.7,-3.1,0.965,0.7438484,0.888565,11,21,1,57,14,300000
"2019-11-21 01:57:18.49",5785,100079,9.25,13.04,85,44.6297,120,53.2861,1,11,0.7,-3.2,0.597,0.7438283,0.8881016,11,21,1,57,17,810000
"2019-11-21 01:57:22.42",5786,100080,17.2,13.04,85,44.6286,120,53.2639,1,11,0.7,-2.8,1.107,0.74381,0.8877317,11,21,1,57,21,740000
"2019-11-21 01:57:26.04",5787,100081,12.04,13.04,85,44.6284,120,53.2482,1,11,0.7,-2.8,0.775,0.7438066,0.88747,11,21,1,57,25,360000
"2019-11-21 01:57:30.18",5788,100082,5.449,13.04,85,44.6284,120,53.2233,1,11,0.7,-3.3,0.353,0.7438066,0.887055,11,21,1,57,29,500000
"2019-11-21 01:57:32.83",5789,100083,40.94,13.04,85,44.6279,120,53.2062,1,11,0.7,-3.6,2.628,0.7437983,0.88677,11,21,1,57,32,140000
"2019-11-21 01:57:35.85",5790,100084,33.79,13.04,85,44.6276,120,53.1863,1,11,0.7,-3.7,2.17,0.7437934,0.8864383,11,21,1,57,35,170000
"2019-11-21 01:57:38.3",5791,100085,28.39,13.04,85,44.6272,120,53.1716,1,11,0.7,-3.5,1.824,0.7437867,0.8861934,11,21,1,57,37,620000
"2019-11-21 01:57:41.14",5792,100086,24.7,13.04,85,44.6269,120,53.1477,1,11,0.7,-3,1.587,0.7437817,0.885795,11,21,1,57,40,460000
"2019-11-21 01:57:43.58",5793,100087,26.75,13.04,85,44.627,120,53.1208,1,11,0.7,-2.9,1.718,0.7437833,0.8853466,11,21,1,57,42,900000
"2019-11-21 01:57:46.03",5794,100088,26.06,13.04,85,44.6271,120,53.1047,1,11,0.7,-2.9,1.675,0.743785,0.8850783,11,21,1,57,45,350000
"2019-11-21 01:57:49.52",5795,100089,15.44,13.04,85,44.6277,120,53.077,1,11,0.7,-3.6,0.994,0.743795,0.8846166,11,21,1,57,48,840000
"2019-11-21 01:57:52.42",5796,100090,19.48,13.04,85,44.628,120,53.0646,1,11,0.7,-3.8,1.252,0.7438,0.88441,11,21,1,57,51,730000
"2019-11-21 01:57:55.13",5797,100091,48.67,13.04,85,44.6288,120,53.0422,1,11,0.7,-4.3,3.123,0.7438134,0.8840366,11,21,1,57,54,450000
"2019-11-21 01:57:59.04",5798,100092,24.81,13.04,85,44.6298,120,53.0215,1,11,0.7,-4.8,1.595,0.74383,0.8836917,11,21,1,57,58,360000
"2019-11-21 01:58:02.08",5799,100093,16.13,13.04,85,44.6303,120,53.011,1,11,0.7,-5.1,1.038,0.7438383,0.8835166,11,21,1,58,1,400000
"2019-11-21 01:58:05.17",5800,100094,23,13.04,85,44.6311,120,52.9943,1,11,0.7,-5.1,1.478,0.7438517,0.8832384,11,21,1,58,4,490000
"2019-11-21 01:58:07.79",5801,100095,10.11,13.04,85,44.6322,120,52.9776,1,11,0.7,-5.2,0.652,0.74387,0.88296,11,21,1,58,7,110000
"2019-11-21 01:58:10.26",5802,100096,11.87,13.04,85,44.6329,120,52.966,1,11,0.7,-5.2,0.764,0.7438817,0.8827666,11,21,1,58,9,580000
"2019-11-21 01:58:12.88",5803,100097,21.46,13.04,85,44.6342,120,52.9531,1,11,0.7,-5.5,1.38,0.7439034,0.8825516,11,21,1,58,12,200000
"2019-11-21 01:58:16.63",5804,100098,14.14,13.04,85,44.636,120,52.9353,1,11,0.7,-5.9,0.91,0.7439334,0.882255,11,21,1,58,15,950000
"2019-11-21 01:58:19.68",5805,100099,15.96,13.04,85,44.6374,120,52.9243,1,11,0.7,-6.1,1.027,0.7439567,0.8820717,11,21,1,58,19,0
"2019-11-21 01:58:22.17",5806,100100,14.25,13.04,85,44.6381,120,52.9155,1,11,0.7,-6.2,0.917,0.7439683,0.881925,11,21,1,58,21,490000
"2019-11-21 01:58:25.16",5807,100101,16.58,13.03,85,44.6394,120,52.8991,1,11,0.7,-6.5,1.067,0.74399,0.8816517,11,21,1,58,24,480000
"2019-11-21 01:58:27.66",5808,100102,20.95,13.03,85,44.6407,120,52.8813,1,11,0.7,-6.6,1.347,0.7440117,0.881355,11,21,1,58,26,970000
"2019-11-21 01:58:31.19",5809,100103,22.09,13.04,85,44.6414,120,52.8608,1,11,0.7,-6.6,1.42,0.7440234,0.8810134,11,21,1,58,30,510000
"2019-11-21 01:58:34.09",5810,100104,6.641,13.03,85,44.6416,120,52.841,1,11,0.7,-6.1,0.43,0.7440267,0.8806833,11,21,1,58,33,410000
"2019-11-21 01:58:36.54",5811,100105,18.57,13.03,85,44.6419,120,52.822,1,11,0.7,-5.5,1.194,0.7440317,0.8803666,11,21,1,58,35,860000
"2019-11-21 01:58:39.09",5812,100106,14.71,13.03,85,44.6422,120,52.8064,1,11,0.7,-5.2,0.947,0.7440366,0.8801067,11,21,1,58,38,410000
"2019-11-21 01:58:42.04",5813,100107,20.5,13.03,85,44.6426,120,52.7844,1,11,0.7,-4.8,1.318,0.7440434,0.87974,11,21,1,58,41,360000
"2019-11-21 01:58:44.98",5814,100108,18.17,13.03,85,44.6434,120,52.7684,1,11,0.7,-4.5,1.169,0.7440566,0.8794734,11,21,1,58,44,300000
"2019-11-21 01:58:47.71",5815,100109,15.16,13.03,85,44.645,120,52.7674,1,11,0.8,-4.5,0.976,0.7440834,0.8794566,11,21,1,58,47,30000
"2019-11-21 01:58:49.72",5816,100110,13.17,13.03,85,44.6463,120,52.7675,1,11,0.8,-4.7,0.848,0.744105,0.8794584,11,21,1,58,49,30000
"2019-11-21 01:58:52.31",5817,100111,11.41,13.03,85,44.6474,120,52.7683,1,11,0.8,-4.9,0.735,0.7441234,0.8794717,11,21,1,58,51,630000
"2019-11-21 01:58:54.76",5818,100112,12.43,13.03,85,44.649,120,52.7697,1,11,0.8,-4.7,0.801,0.74415,0.879495,11,21,1,58,54,80000
"2019-11-21 01:58:57.33",5819,100113,14.37,13.03,85,44.6499,120,52.7688,1,11,0.8,-4.4,0.925,0.744165,0.87948,11,21,1,58,56,650000
"2019-11-21 01:58:59.84",5820,100114,21.29,13.03,85,44.6513,120,52.7716,1,11,0.8,-4,1.369,0.7441883,0.8795266,11,21,1,58,59,160000
"2019-11-21 01:59:02.78",5821,100115,17.77,13.03,85,44.6529,120,52.7705,1,11,0.8,-3.9,1.143,0.744215,0.8795083,11,21,1,59,2,100000
"2019-11-21 01:59:05.29",5822,100116,22.94,13.03,85,44.6536,120,52.7714,1,11,0.7,-3.9,1.474,0.7442266,0.8795234,11,21,1,59,4,610000
"2019-11-21 01:59:08.38",5823,100117,28.11,13.03,85,44.6545,120,52.7733,1,11,0.8,-3.5,1.806,0.7442417,0.879555,11,21,1,59,7,700000
"2019-11-21 01:59:11.13",5824,100118,13.57,13.02,85,44.6553,120,52.7769,1,11,0.8,-2.9,0.874,0.744255,0.879615,11,21,1,59,10,450000
"2019-11-21 01:59:22.21",5825,100119,15.22,13.03,85,44.6553,120,52.7811,1,11,0.7,-2.6,0.979,0.744255,0.879685,11,21,1,59,21,530000
"2019-11-21 01:59:30.6",5826,100120,23.57,13.03,85,44.6552,120,52.7837,1,11,0.7,-2.6,1.515,0.7442534,0.8797283,11,21,1,59,29,920000
"2019-11-21 01:59:33.06",5827,100121,17.09,13.02,85,44.6556,120,52.7924,1,11,0.7,-2.6,1.099,0.74426,0.8798734,11,21,1,59,32,380000
"2019-11-21 01:59:35.57",5828,100122,18.8,13.03,85,44.6562,120,52.8097,1,11,0.7,-2.6,1.209,0.74427,0.8801617,11,21,1,59,34,890000
"2019-11-21 01:59:37.74",5829,100123,11.07,13.03,85,44.6568,120,52.8208,1,11,0.7,-2.7,0.714,0.74428,0.8803466,11,21,1,59,37,50000
"2019-11-21 01:59:39.78",5830,100124,6.301,13.02,85,44.6573,120,52.8329,1,11,0.7,-2.7,0.408,0.7442883,0.8805483,11,21,1,59,39,100000
"2019-11-21 01:59:42.4",5831,100125,21.18,13.02,85,44.6575,120,52.844,1,11,0.7,-2.5,1.362,0.7442917,0.8807334,11,21,1,59,41,720000
"2019-11-21 01:59:44.71",5832,100126,13.46,13.02,85,44.658,120,52.8633,1,11,0.7,-2.5,0.867,0.7443,0.881055,11,21,1,59,44,30000
"2019-11-21 01:59:47.15",5833,100127,14.48,13.02,85,44.6584,120,52.8772,1,11,0.7,-2.4,0.932,0.7443067,0.8812867,11,21,1,59,46,470000
"2019-11-21 01:59:49.74",5834,100128,17.32,13.02,85,44.6589,120,52.8964,1,11,0.7,-2.3,1.114,0.744315,0.8816067,11,21,1,59,49,60000
"2019-11-21 01:59:52.38",5835,100129,31.58,13.02,85,44.6593,120,52.9123,1,11,0.7,-2.5,2.028,0.7443217,0.8818717,11,21,1,59,51,700000
"2019-11-21 01:59:54.92",5836,100130,30.5,13.02,85,44.6596,120,52.9334,1,11,0.7,-2.5,1.959,0.7443266,0.8822233,11,21,1,59,54,240000
"2019-11-21 01:59:57.42",5837,100131,20.5,13.02,85,44.6598,120,52.947,1,11,0.7,-2.4,1.318,0.7443301,0.88245,11,21,1,59,56,740000
"2019-11-21 01:59:59.91",5838,100132,29.47,13.02,85,44.6605,120,52.9677,1,11,0.7,-2.5,1.893,0.7443417,0.882795,11,21,1,59,59,230000
"2019-11-21 02:00:02.57",5839,100133,34.42,13.02,85,44.6609,120,52.9884,1,11,0.7,-2.3,2.21,0.7443483,0.88314,11,21,2,0,1,890000
"2019-11-21 02:00:04.91",5840,100134,28.23,13.02,85,44.6612,120,53.0028,1,11,0.7,-2.4,1.813,0.7443534,0.88338,11,21,2,0,4,230000
"2019-11-21 02:00:07.22",5841,100135,14.59,13.02,85,44.6615,120,53.0164,1,11,0.7,-2.4,0.939,0.7443583,0.8836066,11,21,2,0,6,540000
"2019-11-21 02:00:09.58",5842,100136,16.98,13.02,85,44.6618,120,53.038,1,11,0.7,-2.3,1.092,0.7443634,0.8839666,11,21,2,0,8,900000
"2019-11-21 02:00:12.1",5843,100137,38.11,13.02,85,44.6621,120,53.0536,1,11,0.7,-2.4,2.447,0.7443684,0.8842266,11,21,2,0,11,420000
"2019-11-21 02:00:14.46",5844,100138,22.03,13.02,85,44.6624,120,53.077,1,11,0.7,-2.3,1.416,0.7443734,0.8846166,11,21,2,0,13,780000
"2019-11-21 02:00:16.87",5845,100139,18.34,13.02,85,44.6628,120,53.0921,1,11,0.7,-2.3,1.18,0.74438,0.8848683,11,21,2,0,16,190000
"2019-11-21 02:00:19.25",5846,100140,17.72,13.02,85,44.6631,120,53.1046,1,11,0.7,-2.1,1.14,0.744385,0.8850766,11,21,2,0,18,570000
"2019-11-21 02:00:21.69",5847,100141,34.81,13.02,85,44.6635,120,53.1246,1,11,0.7,-2.2,2.236,0.7443917,0.88541,11,21,2,0,21,10000
"2019-11-21 02:00:24.07",5848,100142,18.91,13.01,85,44.6638,120,53.1393,1,11,0.7,-2.3,1.216,0.7443966,0.885655,11,21,2,0,23,390000
"2019-11-21 02:00:26.56",5849,100143,34.25,13.02,85,44.6641,120,53.1525,1,11,0.7,-2.1,2.199,0.7444017,0.885875,11,21,2,0,25,880000
"2019-11-21 02:00:28.89",5850,100144,20.67,13.02,85,44.6645,120,53.1742,1,11,0.7,-2.1,1.329,0.7444084,0.8862366,11,21,2,0,28,210000
"2019-11-21 02:00:31.21",5851,100145,11.98,13.02,85,44.6647,120,53.1876,1,11,0.7,-2,0.772,0.7444117,0.88646,11,21,2,0,30,530000
"2019-11-21 02:00:33.66",5852,100146,30.38,13.01,85,44.6652,120,53.2063,1,11,0.7,-2.1,1.952,0.74442,0.8867716,11,21,2,0,32,980000
"2019-11-21 02:00:36.88",5853,100147,28.11,13.02,85,44.6655,120,53.2262,1,11,0.7,-2.1,1.806,0.744425,0.8871033,11,21,2,0,36,200000
"2019-11-21 02:00:39.19",5854,100148,22.77,13.02,85,44.6659,120,53.2381,1,11,0.7,-2.2,1.464,0.7444317,0.8873016,11,21,2,0,38,510000
"2019-11-21 02:00:41.55",5855,100149,26.98,13.02,85,44.6664,120,53.2585,1,11,0.7,-2.1,1.733,0.74444,0.8876417,11,21,2,0,40,870000
"2019-11-21 02:00:43.91",5856,100150,22.77,13.01,85,44.6668,120,53.2705,1,11,0.7,-2,1.464,0.7444467,0.8878417,11,21,2,0,43,230000
"2019-11-21 02:00:46.53",5857,100151,13.46,13.01,85,44.6671,120,53.2888,1,11,0.7,-1.9,0.867,0.7444517,0.8881466,11,21,2,0,45,850000
"2019-11-21 02:00:49.01",5858,100152,21.86,13.01,85,44.6675,120,53.3008,1,11,0.7,-1.9,1.405,0.7444583,0.8883466,11,21,2,0,48,330000
"2019-11-21 02:00:51.54",5859,100153,25.95,13.01,85,44.668,120,53.3203,1,11,0.7,-1.8,1.668,0.7444666,0.8886717,11,21,2,0,50,860000
"2019-11-21 02:00:54.12",5860,100154,37.09,13.01,85,44.6684,120,53.3305,1,11,0.7,-1.8,2.381,0.7444734,0.8888417,11,21,2,0,53,440000
"2019-11-21 02:00:56.53",5861,100155,35.84,13.01,85,44.6689,120,53.3478,1,11,0.7,-1.8,2.301,0.7444817,0.88913,11,21,2,0,55,850000
"2019-11-21 02:00:59.21",5862,100156,39.47,13.01,85,44.6692,120,53.3601,1,11,0.7,-1.8,2.534,0.7444867,0.889335,11,21,2,0,58,530000
"2019-11-21 02:01:01.77",5863,100157,37.83,13.01,85,44.6699,120,53.3766,1,11,0.7,-1.9,2.429,0.7444983,0.88961,11,21,2,1,1,90000
"2019-11-21 02:01:03.83",5864,100158,25.79,13.01,85,44.6703,120,53.3885,1,11,0.7,-1.9,1.657,0.744505,0.8898083,11,21,2,1,3,150000
"2019-11-21 02:01:06.24",5865,100159,34.87,13.01,85,44.6706,120,53.3989,1,11,0.7,-1.9,2.239,0.74451,0.8899816,11,21,2,1,5,560000
"2019-11-21 02:01:08.18",5866,100160,46.52,13.01,85,44.6709,120,53.4096,1,11,0.7,-1.9,2.986,0.744515,0.89016,11,21,2,1,7,500000
"2019-11-21 02:01:10.1",5867,100161,44.64,13.01,85,44.6714,120,53.4213,1,11,0.7,-1.9,2.866,0.7445233,0.890355,11,21,2,1,9,420000
"2019-11-21 02:01:12.56",5868,100162,20.16,13.01,85,44.6717,120,53.4378,1,11,0.7,-2.1,1.296,0.7445283,0.89063,11,21,2,1,11,880000
"2019-11-21 02:01:14.65",5869,100163,29.82,13.01,85,44.6719,120,53.451,1,11,0.7,-2.2,1.915,0.7445317,0.89085,11,21,2,1,13,970000
"2019-11-21 02:01:17.07",5870,100164,53.11,13.01,85,44.6721,120,53.4654,1,11,0.7,-2.3,3.408,0.744535,0.89109,11,21,2,1,16,390000
"2019-11-21 02:01:19.62",5871,100165,40.84,13.01,85,44.6725,120,53.486,1,11,0.7,-2.3,2.622,0.7445417,0.8914334,11,21,2,1,18,940000
"2019-11-21 02:01:22.09",5872,100166,25.73,13.01,85,44.6727,120,53.4998,1,11,0.7,-2.2,1.653,0.744545,0.8916634,11,21,2,1,21,400000
"2019-11-21 02:01:24.58",5873,100167,33.68,13.01,85,44.6729,120,53.521,1,11,0.7,-2.2,2.163,0.7445484,0.8920166,11,21,2,1,23,900000
"2019-11-21 02:01:27.06",5874,100168,33.57,13.01,85,44.6729,120,53.5355,1,11,0.7,-2.2,2.156,0.7445484,0.8922583,11,21,2,1,26,380000
"2019-11-21 02:01:29.48",5875,100169,31.18,13.01,85,44.673,120,53.5568,1,11,0.7,-2.2,2.003,0.74455,0.8926134,11,21,2,1,28,800000
"2019-11-21 02:01:32.6",5876,100170,17.95,13.01,85,44.6728,120,53.5779,1,11,0.7,-2.2,1.154,0.7445466,0.892965,11,21,2,1,31,920000
"2019-11-21 02:01:35.12",5877,100171,20.96,13.01,85,44.6727,120,53.588,1,11,0.7,-2.3,1.347,0.744545,0.8931334,11,21,2,1,34,440000
"2019-11-21 02:01:37.44",5878,100172,20.67,13.01,85,44.6726,120,53.6019,1,11,0.7,-2.3,1.329,0.7445433,0.893365,11,21,2,1,36,740000
"2019-11-21 02:01:39.92",5879,100173,28,13.01,85,44.6726,120,53.6207,1,11,0.7,-2.3,1.799,0.7445433,0.8936784,11,21,2,1,39,240000
"2019-11-21 02:01:42.29",5880,100174,23.97,13,85,44.6726,120,53.6326,1,11,0.7,-2.3,1.54,0.7445433,0.8938766,11,21,2,1,41,610000
"2019-11-21 02:01:45.07",5881,100175,11.75,13,85,44.6728,120,53.651,1,11,0.7,-2.3,0.757,0.7445466,0.8941834,11,21,2,1,44,390000
"2019-11-21 02:01:51.09",5882,100176,22.72,13,85,44.673,120,53.6689,1,11,0.7,-2.3,1.46,0.74455,0.8944817,11,21,2,1,50,410000
"2019-11-21 02:01:53.87",5883,100177,15.5,13,85,44.6731,120,53.6686,1,11,0.7,-2.4,0.998,0.7445517,0.8944766,11,21,2,1,53,190000
"2019-11-21 02:01:56.5",5884,100178,28.91,13,85,44.6746,120,53.6756,1,11,0.7,-2.4,1.857,0.7445766,0.8945933,11,21,2,1,55,810000
"2019-11-21 02:01:59.03",5885,100179,26.64,13,85,44.6756,120,53.6811,1,11,0.7,-2.4,1.711,0.7445934,0.894685,11,21,2,1,58,350000
"2019-11-21 02:02:01.49",5886,100180,14.31,13,85,44.6771,120,53.6902,1,11,0.7,-2.6,0.921,0.7446183,0.8948366,11,21,2,2,0,810000
"2019-11-21 02:02:03.63",5887,100181,14.48,13,85,44.6781,120,53.6926,1,11,0.8,-2.6,0.932,0.744635,0.8948766,11,21,2,2,2,950000
"2019-11-21 02:02:07.11",5888,100182,24.08,13,85,44.6794,120,53.7,1,11,0.7,-2.5,1.548,0.7446567,0.8950001,11,21,2,2,6,430000
"2019-11-21 02:02:09.97",5889,100183,8.74,13,85,44.6802,120,53.7039,1,11,0.7,-2.5,0.564,0.74467,0.895065,11,21,2,2,9,290000
"2019-11-21 02:02:12.07",5890,100184,8.23,13,85,44.6812,120,53.7084,1,11,0.8,-2.5,0.532,0.7446866,0.89514,11,21,2,2,11,390000
"2019-11-21 02:02:14.49",5891,100185,10.96,13,85,44.6828,120,53.7162,1,11,0.8,-2.5,0.706,0.7447134,0.8952701,11,21,2,2,13,810000
"2019-11-21 02:02:17.04",5892,100186,14.82,13,85,44.6839,120,53.7206,1,11,0.8,-2.6,0.954,0.7447317,0.8953434,11,21,2,2,16,360000
"2019-11-21 02:02:19.72",5893,100187,15.05,13,85,44.6854,120,53.7286,1,11,0.8,-2.5,0.969,0.7447566,0.8954766,11,21,2,2,19,30000
"2019-11-21 02:02:21.93",5894,100188,15.9,13,85,44.6864,120,53.7366,1,11,0.7,-2.5,1.023,0.7447734,0.89561,11,21,2,2,21,250000
"2019-11-21 02:02:24.31",5895,100189,13.69,13,85,44.6874,120,53.7423,1,11,0.7,-2.4,0.881,0.74479,0.895705,11,21,2,2,23,630000
"2019-11-21 02:02:26.86",5896,100190,18.69,13,85,44.6889,120,53.7501,1,11,0.7,-2.3,1.202,0.744815,0.895835,11,21,2,2,26,180000
"2019-11-21 02:02:28.8",5897,100191,17.1,13,85,44.6899,120,53.7562,1,11,0.7,-2.3,1.1,0.7448317,0.8959366,11,21,2,2,28,120000
"2019-11-21 02:02:33.03",5898,100192,16.07,12.99,85,44.6912,120,53.764,1,11,0.8,-2.3,1.034,0.7448533,0.8960666,11,21,2,2,32,350000
"2019-11-21 02:02:36.53",5899,100193,18.91,13,85,44.6927,120,53.7725,1,11,0.8,-2.4,1.216,0.7448783,0.8962083,11,21,2,2,35,850000
"2019-11-21 02:02:39.94",5900,100194,19.82,13,85,44.694,120,53.7786,1,11,0.7,-2.4,1.274,0.7449,0.89631,11,21,2,2,39,260000
"2019-11-21 02:02:42.3",5901,100195,17.38,13,85,44.6949,120,53.7813,1,11,0.8,-2.4,1.118,0.744915,0.896355,11,21,2,2,41,620000
"2019-11-21 02:02:44.83",5902,100196,13.12,13,85,44.6965,120,53.7864,1,11,0.8,-2.5,0.845,0.7449417,0.89644,11,21,2,2,44,140000
"2019-11-21 02:02:47.29",5903,100197,13.57,13,85,44.6975,120,53.7897,1,11,0.8,-2.5,0.874,0.7449583,0.896495,11,21,2,2,46,610000
"2019-11-21 02:02:49.8",5904,100198,12.78,13,85,44.699,120,53.7957,1,11,0.8,-2.4,0.823,0.7449834,0.896595,11,21,2,2,49,120000
"2019-11-21 02:02:52.5",5905,100199,7.268,13,85,44.7004,120,53.8002,1,11,0.7,-2.4,0.47,0.7450067,0.8966701,11,21,2,2,51,810000
"2019-11-21 02:02:55.76",5906,100200,9.48,13,85,44.7018,120,53.8059,1,11,0.7,-2.4,0.612,0.7450301,0.896765,11,21,2,2,55,80000
"2019-11-21 02:02:58.41",5907,100201,9.65,12.99,85,44.7027,120,53.8095,1,11,0.8,-2.4,0.623,0.745045,0.896825,11,21,2,2,57,730000
"2019-11-21 02:03:00.95",5908,100202,10.39,12.99,85,44.7043,120,53.8167,1,11,0.7,-2.6,0.67,0.7450717,0.896945,11,21,2,3,0,270000
"2019-11-21 02:03:03.38",5909,100203,11.53,12.99,85,44.7053,120,53.8203,1,11,0.8,-2.6,0.743,0.7450883,0.897005,11,21,2,3,2,700000
"2019-11-21 02:03:06.25",5910,100204,13.01,12.99,85,44.7067,120,53.8292,1,11,0.8,-2.5,0.838,0.7451117,0.8971533,11,21,2,3,5,570000
"2019-11-21 02:03:09.15",5911,100205,15.11,12.99,85,44.7084,120,53.8398,1,10,0.8,-2.5,0.972,0.74514,0.8973301,11,21,2,3,8,470000
"2019-11-21 02:03:11.95",5912,100206,12.32,12.99,85,44.7102,120,53.8484,1,11,0.7,-2.3,0.794,0.74517,0.8974734,11,21,2,3,11,260000
"2019-11-21 02:03:14.63",5913,100207,12.1,12.99,85,44.7119,120,53.858,1,11,0.7,-2.4,0.779,0.7451983,0.8976334,11,21,2,3,13,950000
"2019-11-21 02:03:16.97",5914,100208,10.73,12.99,85,44.713,120,53.8643,1,10,0.8,-2.3,0.692,0.7452166,0.8977383,11,21,2,3,16,290000
"2019-11-21 02:03:19.42",5915,100209,11.76,12.99,85,44.714,120,53.8706,1,11,0.7,-2.3,0.757,0.7452334,0.8978434,11,21,2,3,18,740000
"2019-11-21 02:03:21.87",5916,100210,11.64,12.99,85,44.7156,120,53.8783,1,10,0.8,-2.2,0.75,0.74526,0.8979717,11,21,2,3,21,190000
"2019-11-21 02:03:24.44",5917,100211,12.72,12.99,85,44.7166,120,53.8851,1,11,0.7,-2.2,0.819,0.7452766,0.898085,11,21,2,3,23,750000
"2019-11-21 02:03:26.78",5918,100212,9.71,12.99,85,44.7181,120,53.8935,1,11,0.7,-2.2,0.626,0.7453017,0.898225,11,21,2,3,26,100000
"2019-11-21 02:03:29.13",5919,100213,12.61,12.99,85,44.7191,120,53.8993,1,11,0.7,-2.2,0.812,0.7453183,0.8983217,11,21,2,3,28,450000
"2019-11-21 02:03:31.71",5920,100214,16.24,12.99,85,44.7204,120,53.9091,1,11,0.7,-2.2,1.045,0.7453401,0.898485,11,21,2,3,31,30000
"2019-11-21 02:03:34.67",5921,100215,23.69,12.99,85,44.7218,120,53.9165,1,11,0.7,-2.1,1.522,0.7453634,0.8986083,11,21,2,3,33,990000
"2019-11-21 02:03:37.17",5922,100216,14.2,12.99,85,44.7226,120,53.9222,1,11,0.7,-2.2,0.914,0.7453766,0.8987034,11,21,2,3,36,490000
"2019-11-21 02:03:40.12",5923,100217,10.68,12.99,85,44.724,120,53.9297,1,11,0.7,-2.2,0.688,0.7454,0.8988283,11,21,2,3,39,440000
"2019-11-21 02:03:43.38",5924,100218,9.82,12.99,85,44.7254,120,53.9394,1,11,0.7,-2.2,0.634,0.7454233,0.89899,11,21,2,3,42,700000
"2019-11-21 02:03:46.51",5925,100219,13.46,12.99,85,44.7274,120,53.9521,1,11,0.7,-2.2,0.867,0.7454567,0.8992016,11,21,2,3,45,830000
"2019-11-21 02:03:49.32",5926,100220,22.09,12.99,85,44.7282,120,53.9566,1,12,0.7,-2.2,1.42,0.74547,0.8992766,11,21,2,3,48,640000
"2019-11-21 02:03:52.88",5927,100221,14.26,12.99,85,44.7298,120,53.9682,1,12,0.7,-2.4,0.918,0.7454967,0.89947,11,21,2,3,52,200000
"2019-11-21 02:03:55.63",5928,100222,12.89,12.99,85,44.7307,120,53.9755,1,12,0.7,-2.7,0.83,0.7455117,0.8995916,11,21,2,3,54,950000
"2019-11-21 02:03:59.07",5929,100223,14.14,12.98,85,44.7317,120,53.9823,1,12,0.7,-2.9,0.91,0.7455283,0.899705,11,21,2,3,58,390000
"2019-11-21 02:04:02.09",5930,100224,16.07,12.98,85,44.7331,120,53.9907,1,12,0.7,-3.1,1.034,0.7455517,0.899845,11,21,2,4,1,400000
"2019-11-21 02:04:06.47",5931,100225,18,12.99,85,44.7342,120,53.9985,1,12,0.7,-3.4,1.158,0.74557,0.899975,11,21,2,4,5,780000
"2019-11-21 02:04:09.21",5932,100226,20.5,12.99,85,44.7355,120,54.0069,1,12,0.7,-3.5,1.318,0.7455917,0.900115,11,21,2,4,8,530000
"2019-11-21 02:04:14.13",5933,100227,21.81,12.98,85,44.7365,120,54.0136,1,12,0.7,-3.7,1.402,0.7456083,0.9002266,11,21,2,4,13,450000
"2019-11-21 02:04:16.74",5934,100228,23.34,12.98,85,44.7381,120,54.0238,1,12,0.7,-3.9,1.5,0.745635,0.9003966,11,21,2,4,16,60000
"2019-11-21 02:04:19.07",5935,100229,23.23,12.98,85,44.739,120,54.0309,1,12,0.7,-4.1,1.493,0.74565,0.900515,11,21,2,4,18,390000
"2019-11-21 02:04:21.45",5936,100230,20.96,12.98,85,44.7403,120,54.0385,1,12,0.7,-4.3,1.347,0.7456716,0.9006417,11,21,2,4,20,770000
"2019-11-21 02:04:23.5",5937,100231,26.19,12.99,85,44.7411,120,54.0434,1,12,0.7,-4.4,1.682,0.745685,0.9007234,11,21,2,4,22,820000
"2019-11-21 02:04:26.14",5938,100232,22.04,12.98,85,44.7419,120,54.0485,1,12,0.7,-4.5,1.417,0.7456983,0.9008083,11,21,2,4,25,460000
"2019-11-21 02:04:28.94",5939,100233,19.03,12.98,85,44.7434,120,54.0564,1,12,0.7,-4.7,1.224,0.7457234,0.90094,11,21,2,4,28,260000
"2019-11-21 02:04:31.35",5940,100234,15.39,12.98,85,44.7444,120,54.0597,1,12,0.8,-4.7,0.99,0.74574,0.900995,11,21,2,4,30,670000
"2019-11-21 02:04:33.66",5941,100235,29.14,12.98,85,44.7457,120,54.0677,1,12,0.7,-4.6,1.872,0.7457617,0.9011283,11,21,2,4,32,980000
"2019-11-21 02:04:36",5942,100236,26.36,12.98,85,44.7467,120,54.0731,1,12,0.7,-4.9,1.693,0.7457783,0.9012183,11,21,2,4,35,320000
"2019-11-21 02:04:38.52",5943,100237,15.79,12.98,85,44.7481,120,54.08,1,11,0.7,-5,1.016,0.7458017,0.9013334,11,21,2,4,37,840000
"2019-11-21 02:04:40.82",5944,100238,18.4,12.98,85,44.7491,120,54.0855,1,12,0.7,-5,1.183,0.7458183,0.901425,11,21,2,4,40,140000
"2019-11-21 02:04:43.08",5945,100239,20.28,12.98,85,44.7501,120,54.0911,1,12,0.7,-5.1,1.304,0.745835,0.9015183,11,21,2,4,42,400000
"2019-11-21 02:04:45.4",5946,100240,22.89,12.98,85,44.751,120,54.0983,1,12,0.7,-5.3,1.471,0.74585,0.9016383,11,21,2,4,44,720000
"2019-11-21 02:04:47.78",5947,100241,26.41,12.98,85,44.7523,120,54.1079,1,12,0.7,-5.5,1.697,0.7458717,0.9017983,11,21,2,4,47,90000
"2019-11-21 02:04:50.03",5948,100242,24.77,12.97,85,44.7531,120,54.1135,1,12,0.7,-5.5,1.591,0.745885,0.9018917,11,21,2,4,49,350000
"2019-11-21 02:05:02.71",5949,100243,25.05,12.97,85,44.7538,120,54.1222,1,12,0.7,-5.5,1.61,0.7458966,0.9020366,11,21,2,5,2,30000
"2019-11-21 02:05:07.79",5950,100244,33.85,12.97,85,44.7553,120,54.1321,1,12,0.7,-6.1,2.174,0.7459217,0.9022017,11,21,2,5,7,110000
"2019-11-21 02:05:11.62",5951,100245,34.25,12.97,85,44.7557,120,54.1354,1,12,0.7,-5.9,2.2,0.7459283,0.9022566,11,21,2,5,10,940000
"2019-11-21 02:05:14.42",5952,100246,30.5,12.97,85,44.7564,120,54.1404,1,12,0.7,-6,1.959,0.74594,0.90234,11,21,2,5,13,730000
"2019-11-21 02:05:16.65",5953,100247,17.32,12.97,85,44.7578,120,54.1475,1,12,0.8,-6,1.114,0.7459634,0.9024583,11,21,2,5,15,970000
"2019-11-21 02:05:19.16",5954,100248,21.41,12.97,85,44.7587,120,54.1542,1,12,0.7,-5.9,1.376,0.7459783,0.90257,11,21,2,5,18,480000
"2019-11-21 02:05:21.98",5955,100249,26.47,12.97,85,44.7599,120,54.163,1,12,0.7,-5.8,1.701,0.7459983,0.9027166,11,21,2,5,21,300000
"2019-11-21 02:05:24.73",5956,100250,28,12.97,85,44.7612,120,54.1751,1,12,0.7,-5.9,1.799,0.74602,0.9029182,11,21,2,5,24,50000
"2019-11-21 02:05:27.27",5957,100251,22.32,12.97,85,44.7621,120,54.1812,1,12,0.7,-6,1.435,0.746035,0.90302,11,21,2,5,26,590000
"2019-11-21 02:05:30.06",5958,100252,14.03,12.97,85,44.7634,120,54.1897,1,12,0.7,-6,0.903,0.7460566,0.9031617,11,21,2,5,29,380000
"2019-11-21 02:05:32.58",5959,100253,13.23,12.97,85,44.7647,120,54.2009,1,12,0.7,-5.9,0.852,0.7460784,0.9033483,11,21,2,5,31,900000
"2019-11-21 02:05:35.08",5960,100254,17.44,12.97,85,44.7654,120,54.2066,1,12,0.7,-5.9,1.122,0.74609,0.9034434,11,21,2,5,34,400000
"2019-11-21 02:05:37.55",5961,100255,17.15,12.97,85,44.7667,120,54.2146,1,12,0.7,-5.9,1.103,0.7461117,0.9035766,11,21,2,5,36,870000
"2019-11-21 02:05:39.77",5962,100256,20.45,12.97,85,44.7676,120,54.2215,1,12,0.7,-5.8,1.315,0.7461267,0.9036917,11,21,2,5,39,90000
"2019-11-21 02:05:42.4",5963,100257,41.75,12.97,85,44.7684,120,54.2296,1,12,0.7,-5.9,2.68,0.7461399,0.9038266,11,21,2,5,41,710000
"2019-11-21 02:05:46.62",5964,100258,14.26,12.97,85,44.7697,120,54.2391,1,12,0.7,-5.8,0.918,0.7461616,0.903985,11,21,2,5,45,940000
"2019-11-21 02:05:48.83",5965,100259,18.46,12.97,85,44.7704,120,54.2457,1,12,0.7,-5.8,1.187,0.7461734,0.904095,11,21,2,5,48,150000
"2019-11-21 02:05:51.3",5966,100260,47.26,12.97,85,44.7714,120,54.2537,1,12,0.7,-5.8,3.033,0.74619,0.9042283,11,21,2,5,50,620000
"2019-11-21 02:05:53.9",5967,100261,51.24,12.97,85,44.7727,120,54.2638,1,12,0.8,-5.9,3.288,0.7462117,0.9043967,11,21,2,5,53,220000
"2019-11-21 02:05:57.61",5968,100262,66.12,12.97,85,44.7741,120,54.2767,1,12,0.7,-5.9,4.242,0.746235,0.9046117,11,21,2,5,56,930000
"2019-11-21 02:06:02.81",5969,100263,47.32,12.96,85,44.7745,120,54.2795,1,11,0.8,-6.2,3.037,0.7462417,0.9046583,11,21,2,6,2,130000
"2019-11-21 02:06:04.86",5970,100264,19.94,12.97,85,44.7746,120,54.2798,1,12,0.7,-5.8,1.282,0.7462434,0.9046634,11,21,2,6,4,180000
"2019-11-21 02:06:06.92",5971,100265,17.27,12.96,85,44.7752,120,54.2836,1,12,0.7,-5.7,1.111,0.7462533,0.9047267,11,21,2,6,6,240000
"2019-11-21 02:06:09.21",5972,100266,31.98,12.97,85,44.7761,120,54.2875,1,12,0.7,-5.8,2.054,0.7462683,0.9047917,11,21,2,6,8,530000
"2019-11-21 02:06:11.23",5973,100267,23.17,12.97,85,44.7771,120,54.2932,1,12,0.7,-6,1.489,0.746285,0.9048866,11,21,2,6,10,550000
"2019-11-21 02:06:13.94",5974,100268,14.6,12.96,85,44.778,120,54.3048,1,12,0.7,-6.2,0.94,0.7463,0.90508,11,21,2,6,13,260000
"2019-11-21 02:06:16.56",5975,100269,12.1,12.96,85,44.779,120,54.3195,1,12,0.7,-6.2,0.779,0.7463166,0.905325,11,21,2,6,15,880000
"2019-11-21 02:06:19.02",5976,100270,16.02,12.96,85,44.7799,120,54.327,1,12,0.7,-6.3,1.031,0.7463316,0.90545,11,21,2,6,18,340000
"2019-11-21 02:06:21.62",5977,100271,22.21,12.96,85,44.7812,120,54.3386,1,12,0.7,-6.5,1.427,0.7463534,0.9056434,11,21,2,6,20,940000
"2019-11-21 02:06:24.19",5978,100272,23.17,12.96,85,44.7821,120,54.3464,1,11,0.7,-6.4,1.489,0.7463683,0.9057734,11,21,2,6,23,510000
"2019-11-21 02:06:26.81",5979,100273,14.03,12.96,85,44.7834,120,54.3554,1,11,0.7,-6.5,0.903,0.7463901,0.9059233,11,21,2,6,26,130000
"2019-11-21 02:06:29.88",5980,100274,16.7,12.96,85,44.7847,120,54.3635,1,11,0.7,-6.5,1.074,0.7464116,0.9060583,11,21,2,6,29,200000
"2019-11-21 02:06:32.8",5981,100275,23.57,12.96,85,44.7861,120,54.3706,1,11,0.7,-6.4,1.515,0.746435,0.9061767,11,21,2,6,32,120000
"2019-11-21 02:06:35.71",5982,100276,13.8,12.96,85,44.7872,120,54.3855,1,11,0.7,-6.4,0.889,0.7464534,0.906425,11,21,2,6,35,30000
"2019-11-21 02:06:38.03",5983,100277,17.1,12.96,85,44.788,120,54.3944,1,11,0.7,-6.3,1.1,0.7464666,0.9065734,11,21,2,6,37,350000
"2019-11-21 02:06:40.85",5984,100278,17.83,12.96,85,44.7891,120,54.409,1,11,0.7,-6.3,1.147,0.746485,0.9068166,11,21,2,6,40,170000
"2019-11-21 02:06:43.29",5985,100279,14.37,12.96,85,44.7899,120,54.4189,1,11,0.7,-6.2,0.925,0.7464983,0.9069817,11,21,2,6,42,610000
"2019-11-21 02:06:45.79",5986,100280,31.18,12.96,85,44.791,120,54.4332,1,11,0.7,-6.3,2.003,0.7465166,0.90722,11,21,2,6,45,110000
"2019-11-21 02:06:49.75",5987,100281,13.97,12.96,85,44.7926,120,54.4477,1,11,0.7,-6.1,0.899,0.7465433,0.9074617,11,21,2,6,49,70000
"2019-11-21 02:06:53.46",5988,100282,49.42,12.96,85,44.7933,120,54.4381,1,11,0.7,-6.2,3.172,0.746555,0.9073017,11,21,2,6,52,770000
"2019-11-21 02:06:58.28",5989,100283,12.67,12.96,85,44.7939,120,54.4123,1,11,0.7,-6.3,0.816,0.746565,0.9068717,11,21,2,6,57,600000
"2019-11-21 02:07:01.18",5990,100284,53.79,12.96,85,44.794,120,54.4046,1,11,0.7,-6.2,3.452,0.7465666,0.9067433,11,21,2,7,0,500000
"2019-11-21 02:07:03.99",5991,100285,48.57,12.96,85,44.7946,120,54.3891,1,11,0.7,-6.1,3.117,0.7465766,0.906485,11,21,2,7,3,310000
"2019-11-21 02:07:07",5992,100286,31.98,12.96,85,44.7951,120,54.3741,1,11,0.7,-6.2,2.054,0.746585,0.906235,11,21,2,7,6,320000
"2019-11-21 02:07:09.44",5993,100287,23.8,12.96,85,44.7955,120,54.3597,1,11,0.7,-6.1,1.529,0.7465917,0.905995,11,21,2,7,8,750000
"2019-11-21 02:07:12.15",5994,100288,18.01,12.96,85,44.7958,120,54.3497,1,11,0.7,-6.2,1.158,0.7465966,0.9058283,11,21,2,7,11,470000
"2019-11-21 02:07:15.08",5995,100289,15.39,12.96,85,44.7965,120,54.3363,1,11,0.8,-6.2,0.991,0.7466084,0.905605,11,21,2,7,14,400000
"2019-11-21 02:07:17.98",5996,100290,19.2,12.95,85,44.7971,120,54.3214,1,11,0.7,-6.2,1.235,0.7466183,0.9053566,11,21,2,7,17,300000
"2019-11-21 02:07:21.41",5997,100291,17.21,12.96,85,44.7976,120,54.3035,1,11,0.7,-6.2,1.107,0.7466266,0.9050583,11,21,2,7,20,720000
"2019-11-21 02:07:24.23",5998,100292,13.8,12.96,85,44.7982,120,54.286,1,11,0.7,-6.5,0.889,0.7466366,0.9047666,11,21,2,7,23,550000
"2019-11-21 02:07:27.18",5999,100293,9.94,12.95,85,44.7988,120,54.2664,1,11,0.7,-6.6,0.641,0.7466467,0.90444,11,21,2,7,26,500000
"2019-11-21 02:07:30.1",6000,100294,48.06,12.95,85,44.7993,120,54.2457,1,11,0.7,-6.6,3.084,0.746655,0.904095,11,21,2,7,29,420000
"2019-11-21 02:07:34.31",6001,100295,17.32,12.96,85,44.7998,120,54.2345,1,11,0.7,-6.4,1.114,0.7466634,0.9039084,11,21,2,7,33,630000
"2019-11-21 02:07:37.15",6002,100296,15.68,12.95,85,44.8001,120,54.2149,1,11,0.7,-6.5,1.009,0.7466682,0.9035817,11,21,2,7,36,470000
"2019-11-21 02:07:39.88",6003,100297,17.1,12.95,85,44.8004,120,54.1948,1,11,0.7,-6.5,1.1,0.7466734,0.9032467,11,21,2,7,39,200000
"2019-11-21 02:07:42.47",6004,100298,18.69,12.95,85,44.8009,120,54.172,1,11,0.7,-6.7,1.202,0.7466816,0.9028666,11,21,2,7,41,790000
"2019-11-21 02:07:45.12",6005,100299,15.85,12.95,85,44.801,120,54.1596,1,11,0.7,-6.6,1.02,0.7466833,0.90266,11,21,2,7,44,440000
"2019-11-21 02:07:47.75",6006,100300,18.69,12.95,85,44.8015,120,54.1374,1,11,0.7,-6.8,1.202,0.7466917,0.9022901,11,21,2,7,47,60000
"2019-11-21 02:07:50.97",6007,100301,17.61,12.95,85,44.8019,120,54.1223,1,11,0.7,-6.8,1.133,0.7466983,0.9020383,11,21,2,7,50,290000
"2019-11-21 02:07:53.6",6008,100302,17.72,12.95,85,44.8023,120,54.1008,1,11,0.7,-6.7,1.14,0.746705,0.90168,11,21,2,7,52,920000
"2019-11-21 02:07:56.61",6009,100303,15.56,12.95,85,44.8027,120,54.0797,1,11,0.7,-6.8,1.001,0.7467117,0.9013283,11,21,2,7,55,930000
"2019-11-21 02:07:59.35",6010,100304,15.39,12.95,85,44.8031,120,54.0651,1,11,0.7,-6.8,0.991,0.7467183,0.901085,11,21,2,7,58,670000
"2019-11-21 02:08:02.38",6011,100305,16.53,12.95,85,44.8037,120,54.0384,1,11,0.7,-6.7,1.063,0.7467283,0.9006399,11,21,2,8,1,690000
"2019-11-21 02:08:04.82",6012,100306,14.82,12.95,85,44.8044,120,54.0167,1,11,0.7,-6.7,0.954,0.7467401,0.9002783,11,21,2,8,4,140000
"2019-11-21 02:08:07.44",6013,100307,19.99,12.95,85,44.8045,120,53.9967,1,11,0.7,-6.6,1.285,0.7467417,0.899945,11,21,2,8,6,750000
"2019-11-21 02:08:10.16",6014,100308,34.42,12.95,85,44.8041,120,53.9831,1,11,0.7,-6.6,2.21,0.746735,0.8997183,11,21,2,8,9,480000
"2019-11-21 02:08:12.97",6015,100309,26.81,12.95,85,44.8032,120,53.9637,1,11,0.7,-6.6,1.722,0.74672,0.899395,11,21,2,8,12,290000
"2019-11-21 02:08:15.82",6016,100310,29.59,12.95,85,44.8025,120,53.9449,1,11,0.7,-6.7,1.901,0.7467083,0.8990817,11,21,2,8,15,140000
"2019-11-21 02:08:19.38",6017,100311,10.05,12.95,85,44.8016,120,53.9278,1,11,0.7,-6.5,0.648,0.7466934,0.8987966,11,21,2,8,18,700000
"2019-11-21 02:08:22.39",6018,100312,21.93,12.95,85,44.8013,120,53.9123,1,11,0.7,-6.4,1.409,0.7466883,0.8985383,11,21,2,8,21,710000
"2019-11-21 02:08:25.03",6019,100313,21.19,12.95,85,44.8007,120,53.8896,1,11,0.7,-6.4,1.362,0.7466783,0.89816,11,21,2,8,24,340000
"2019-11-21 02:08:27.88",6020,100314,28.69,12.95,85,44.7999,120,53.8698,1,11,0.7,-6.3,1.843,0.746665,0.89783,11,21,2,8,27,200000
"2019-11-21 02:08:31.27",6021,100315,37.04,12.95,85,44.7992,120,53.85,1,11,0.7,-6.2,2.378,0.7466533,0.8975,11,21,2,8,30,590000
"2019-11-21 02:08:34.72",6022,100316,33.34,12.95,85,44.7985,120,53.8323,1,11,0.7,-5.9,2.141,0.7466417,0.897205,11,21,2,8,34,40000
"2019-11-21 02:08:37.49",6023,100317,15.28,12.95,85,44.7975,120,53.8153,1,11,0.7,-5.8,0.983,0.746625,0.8969217,11,21,2,8,36,810000
"2019-11-21 02:08:40.42",6024,100318,27.55,12.94,85,44.7969,120,53.8044,1,11,0.7,-5.7,1.77,0.746615,0.89674,11,21,2,8,39,730000
"2019-11-21 02:08:44.37",6025,100319,18.57,12.94,85,44.7957,120,53.7833,1,11,0.7,-5.8,1.194,0.746595,0.8963883,11,21,2,8,43,690000
"2019-11-21 02:08:47.59",6026,100320,40.84,12.95,85,44.7948,120,53.7589,1,11,0.7,-5.9,2.622,0.74658,0.8959817,11,21,2,8,46,910000
"2019-11-21 02:08:51.72",6027,100321,11.25,12.95,85,44.7937,120,53.7299,1,11,0.7,-5.7,0.725,0.7465617,0.8954983,11,21,2,8,51,40000
"2019-11-21 02:08:55.03",6028,100322,15.85,12.94,85,44.793,120,53.7128,1,11,0.7,-5.7,1.02,0.74655,0.8952133,11,21,2,8,54,350000
"2019-11-21 02:08:57.71",6029,100323,25.16,12.94,85,44.7922,120,53.6924,1,11,0.7,-5.5,1.617,0.7465366,0.8948734,11,21,2,8,57,30000
"2019-11-21 02:09:00.05",6030,100324,11.13,12.94,85,44.7916,120,53.6807,1,11,0.7,-5.4,0.717,0.7465266,0.8946783,11,21,2,8,59,370000
"2019-11-21 02:09:04.04",6031,100325,16.41,12.94,85,44.7904,120,53.6571,1,11,0.7,-5.2,1.056,0.7465067,0.894285,11,21,2,9,3,360000
"2019-11-21 02:09:07.08",6032,100326,25.39,12.94,85,44.7899,120,53.6436,1,11,0.7,-5.4,1.631,0.7464983,0.89406,11,21,2,9,6,400000
"2019-11-21 02:09:09.96",6033,100327,20.96,12.94,85,44.7897,120,53.6273,1,11,0.7,-5.5,1.347,0.746495,0.8937883,11,21,2,9,9,280000
"2019-11-21 02:09:13.9",6034,100328,23.12,12.94,85,44.7894,120,53.5961,1,11,0.7,-5.8,1.486,0.7464899,0.8932683,11,21,2,9,13,220000
"2019-11-21 02:09:16.62",6035,100329,34.71,12.94,85,44.7887,120,53.5817,1,11,0.7,-5.9,2.229,0.7464783,0.8930283,11,21,2,9,15,940000
"2019-11-21 02:09:19.21",6036,100330,25.11,12.94,85,44.7876,120,53.5811,1,11,0.7,-6,1.613,0.74646,0.8930184,11,21,2,9,18,530000
"2019-11-21 02:09:21.39",6037,100331,59.14,12.94,85,44.7866,120,53.5814,1,11,0.7,-5.9,3.795,0.7464434,0.8930234,11,21,2,9,20,710000
"2019-11-21 02:09:23.55",6038,100332,28.57,12.94,85,44.7853,120,53.5823,1,11,0.7,-6,1.835,0.7464217,0.8930383,11,21,2,9,22,870000
"2019-11-21 02:09:26.61",6039,100333,43,12.94,85,44.7844,120,53.578,1,11,0.7,-5.8,2.76,0.7464066,0.8929666,11,21,2,9,25,930000
"2019-11-21 02:09:29.18",6040,100334,35.28,12.94,85,44.7837,120,53.5777,1,11,0.7,-5.7,2.265,0.746395,0.8929617,11,21,2,9,28,500000
"2019-11-21 02:09:32.12",6041,100335,27.32,12.94,85,44.7826,120,53.5773,1,11,0.7,-5.4,1.755,0.7463767,0.892955,11,21,2,9,31,440000
"2019-11-21 02:09:35.44",6042,100336,42.83,12.94,85,44.7816,120,53.5753,1,11,0.7,-5.4,2.749,0.74636,0.8929216,11,21,2,9,34,750000
"2019-11-21 02:09:38.7",6043,100337,44.93,12.94,85,44.78,120,53.5681,1,11,0.7,-5.7,2.884,0.7463333,0.8928017,11,21,2,9,38,20000
"2019-11-21 02:09:41.78",6044,100338,83.1,12.93,85,44.7789,120,53.5664,1,11,0.7,-5.7,5.331,0.746315,0.8927734,11,21,2,9,41,100000
"2019-11-21 02:09:44.58",6045,100339,67.71,12.94,85,44.7783,120,53.5643,1,11,0.7,-5.9,4.345,0.746305,0.8927383,11,21,2,9,43,900000
"2019-11-21 02:09:47.33",6046,100340,20.28,12.94,85,44.7777,120,53.5646,1,11,0.7,-6,1.304,0.746295,0.8927434,11,21,2,9,46,650000
"2019-11-21 02:09:49.89",6047,100341,18.29,12.94,85,44.7765,120,53.5622,1,11,0.7,-6.3,1.176,0.746275,0.8927033,11,21,2,9,49,210000
"2019-11-21 02:09:52.28",6048,100342,20.45,12.94,85,44.7752,120,53.5595,1,11,0.7,-6.4,1.315,0.7462533,0.8926583,11,21,2,9,51,600000
"2019-11-21 02:09:54.77",6049,100343,19.6,12.94,85,44.7733,120,53.5575,1,11,0.7,-6.5,1.26,0.7462217,0.892625,11,21,2,9,54,80000
"2019-11-21 02:09:57.25",6050,100344,16.47,12.94,85,44.7722,120,53.555,1,11,0.7,-6.6,1.06,0.7462034,0.8925833,11,21,2,9,56,570000
"2019-11-21 02:09:59.77",6051,100345,10.34,12.93,85,44.7704,120,53.548,1,11,0.7,-6.6,0.666,0.7461734,0.8924666,11,21,2,9,59,90000
"2019-11-21 02:10:02.23",6052,100346,16.98,12.93,85,44.7695,120,53.5403,1,11,0.7,-6.7,1.092,0.7461584,0.8923383,11,21,2,10,1,550000
"2019-11-21 02:10:04.56",6053,100347,25.85,12.93,85,44.7684,120,53.5216,1,11,0.7,-6.8,1.661,0.7461399,0.8920266,11,21,2,10,3,880000
"2019-11-21 02:10:08.52",6054,100348,17.44,12.94,85,44.7675,120,53.4956,1,11,0.7,-6.8,1.122,0.746125,0.8915934,11,21,2,10,7,840000
"2019-11-21 02:10:10.99",6055,100349,25.45,12.93,85,44.7672,120,53.4826,1,11,0.7,-6.8,1.635,0.74612,0.8913766,11,21,2,10,10,310000
"2019-11-21 02:10:14.15",6056,100350,13.92,12.93,85,44.7673,120,53.4587,1,11,0.7,-6.9,0.896,0.7461217,0.8909782,11,21,2,10,13,460000
"2019-11-21 02:10:16.86",6057,100351,13.8,12.93,85,44.7673,120,53.4338,1,11,0.7,-6.9,0.889,0.7461217,0.8905633,11,21,2,10,16,180000
"2019-11-21 02:10:19.39",6058,100352,12.84,12.93,85,44.7674,120,53.4168,1,11,0.7,-6.9,0.827,0.7461233,0.89028,11,21,2,10,18,710000
"2019-11-21 02:10:22.96",6059,100353,17.27,12.93,85,44.7679,120,53.3835,1,11,0.7,-6.8,1.111,0.7461317,0.889725,11,21,2,10,22,280000
"2019-11-21 02:10:26.04",6060,100354,18.97,12.93,85,44.7682,120,53.3618,1,11,0.7,-7,1.22,0.7461366,0.8893634,11,21,2,10,25,360000
"2019-11-21 02:10:29.68",6061,100355,17.32,12.93,85,44.7687,120,53.3329,1,11,0.7,-7,1.114,0.746145,0.8888817,11,21,2,10,29,0
"2019-11-21 02:10:32.6",6062,100356,23.29,12.93,85,44.7691,120,53.3117,1,11,0.7,-7.1,1.497,0.7461517,0.8885283,11,21,2,10,31,920000
"2019-11-21 02:10:35.74",6063,100357,21.64,12.93,85,44.7696,120,53.2897,1,11,0.7,-7.2,1.391,0.74616,0.8881617,11,21,2,10,35,60000
"2019-11-21 02:10:39.2",6064,100358,19.94,12.93,85,44.7697,120,53.2691,1,11,0.7,-7.3,1.282,0.7461616,0.8878183,11,21,2,10,38,520000
"2019-11-21 02:10:42.13",6065,100359,21.07,12.93,85,44.7698,120,53.2482,1,11,0.7,-7.3,1.355,0.7461633,0.88747,11,21,2,10,41,450000
"2019-11-21 02:10:45.88",6066,100360,30.22,12.93,85,44.77,120,53.2206,1,11,0.7,-7.3,1.941,0.7461666,0.88701,11,21,2,10,45,200000
"2019-11-21 02:10:49.86",6067,100361,25.85,12.93,85,44.7702,120,53.1941,1,11,0.7,-7.2,1.661,0.74617,0.8865683,11,21,2,10,49,180000
"2019-11-21 02:10:53.7",6068,100362,16.3,12.93,85,44.7706,120,53.1685,1,11,0.7,-7.1,1.049,0.7461766,0.8861417,11,21,2,10,53,20000
"2019-11-21 02:10:57.24",6069,100363,36.98,12.93,85,44.771,120,53.146,1,11,0.7,-7.1,2.374,0.7461834,0.8857667,11,21,2,10,56,560000
"2019-11-21 02:11:00.71",6070,100364,11.98,12.93,85,44.7715,120,53.1174,1,11,0.7,-7.1,0.772,0.7461917,0.88529,11,21,2,11,0,30000
"2019-11-21 02:11:04.66",6071,100365,5.394,12.93,85,44.7717,120,53.0883,1,11,0.7,-7.1,0.35,0.746195,0.884805,11,21,2,11,3,980000
"2019-11-21 02:11:07.24",6072,100366,20.62,12.93,85,44.772,120,53.0744,1,11,0.7,-7.1,1.326,0.7462,0.8845734,11,21,2,11,6,560000
"2019-11-21 02:11:10.08",6073,100367,14.54,12.93,85,44.7725,120,53.0535,1,11,0.7,-7,0.936,0.7462083,0.884225,11,21,2,11,9,400000
"2019-11-21 02:11:13.18",6074,100368,22.32,12.93,85,44.773,120,53.034,1,11,0.7,-7,1.435,0.7462166,0.8839,11,21,2,11,12,500000
"2019-11-21 02:11:16.44",6075,100369,25.39,12.93,85,44.773,120,53.0043,1,11,0.7,-7.1,1.631,0.7462166,0.883405,11,21,2,11,15,760000
"2019-11-21 02:11:18.96",6076,100370,22.66,12.93,85,44.773,120,52.9872,1,11,0.7,-7.1,1.457,0.7462166,0.88312,11,21,2,11,18,280000
"2019-11-21 02:11:21.43",6077,100371,22.66,12.93,85,44.7729,120,52.9704,1,11,0.7,-7.1,1.457,0.746215,0.88284,11,21,2,11,20,750000
"2019-11-21 02:11:24.45",6078,100372,14.6,12.93,85,44.7729,120,52.9392,1,11,0.7,-6.9,0.94,0.746215,0.8823201,11,21,2,11,23,770000
"2019-11-21 02:11:26.96",6079,100373,30.28,12.93,85,44.7729,120,52.9243,1,11,0.7,-6.7,1.945,0.746215,0.8820717,11,21,2,11,26,280000
"2019-11-21 02:11:32.9",6080,100374,19.71,12.93,85,44.7724,120,52.9098,1,11,0.7,-6.4,1.267,0.7462066,0.88183,11,21,2,11,32,220000
"2019-11-21 02:11:35.49",6081,100375,22.32,12.93,85,44.7722,120,52.8932,1,11,0.7,-6.4,1.435,0.7462034,0.8815534,11,21,2,11,34,810000
"2019-11-21 02:11:38.15",6082,100376,37.43,12.92,85,44.772,120,52.876,1,11,0.7,-6.4,2.404,0.7462,0.8812666,11,21,2,11,37,470000
"2019-11-21 02:11:41.06",6083,100377,24.37,12.92,85,44.7718,120,52.8519,1,11,0.7,-6.5,1.566,0.7461967,0.880865,11,21,2,11,40,380000
"2019-11-21 02:11:43.26",6084,100378,14.31,12.92,85,44.7717,120,52.8366,1,11,0.7,-6.6,0.921,0.746195,0.8806101,11,21,2,11,42,580000
"2019-11-21 02:11:45.63",6085,100379,28.97,12.92,85,44.7715,120,52.8101,1,11,0.7,-6.7,1.861,0.7461917,0.8801683,11,21,2,11,44,950000
"2019-11-21 02:11:48.84",6086,100380,15.39,12.92,85,44.7711,120,52.7869,1,11,0.7,-6.6,0.991,0.746185,0.8797817,11,21,2,11,48,160000
"2019-11-21 02:11:51.83",6087,100381,8.18,12.93,85,44.7707,120,52.7631,1,11,0.7,-6.4,0.528,0.7461783,0.879385,11,21,2,11,51,150000
"2019-11-21 02:11:54.46",6088,100382,37.09,12.92,85,44.7707,120,52.7419,1,11,0.7,-6.5,2.382,0.7461783,0.8790317,11,21,2,11,53,780000
"2019-11-21 02:11:57.83",6089,100383,13.8,12.92,85,44.7708,120,52.7189,1,11,0.7,-6.5,0.889,0.74618,0.8786483,11,21,2,11,57,150000
"2019-11-21 02:12:01.17",6090,100384,20.05,12.92,85,44.7707,120,52.7057,1,11,0.7,-6.6,1.289,0.7461783,0.8784283,11,21,2,12,0,490000
"2019-11-21 02:12:04.76",6091,100385,17.78,12.91,85,44.7706,120,52.6716,1,11,0.7,-6.6,1.143,0.7461766,0.87786,11,21,2,12,4,80000
"2019-11-21 02:12:07.22",6092,100386,16.81,12.92,85,44.7702,120,52.6546,1,11,0.7,-6.6,1.082,0.74617,0.8775766,11,21,2,12,6,540000
"2019-11-21 02:12:09.73",6093,100387,18.52,12.92,85,44.77,120,52.6293,1,11,0.7,-6.7,1.191,0.7461666,0.877155,11,21,2,12,9,50000
"2019-11-21 02:12:15.28",6094,100388,19.94,12.91,85,44.77,120,52.6155,1,11,0.7,-6.8,1.282,0.7461666,0.876925,11,21,2,12,14,600000
"2019-11-21 02:12:17.69",6095,100389,23.8,12.91,85,44.7701,120,52.5926,1,11,0.7,-6.9,1.53,0.7461683,0.8765434,11,21,2,12,17,10000
"2019-11-21 02:12:20.12",6096,100390,29.14,12.91,85,44.7701,120,52.5766,1,11,0.7,-6.9,1.872,0.7461683,0.8762766,11,21,2,12,19,440000
"2019-11-21 02:12:22.72",6097,100391,28.35,12.92,85,44.7699,120,52.5548,1,11,0.7,-6.8,1.821,0.746165,0.8759134,11,21,2,12,22,40000
"2019-11-21 02:12:25.15",6098,100392,16.81,12.92,85,44.7698,120,52.5408,1,11,0.7,-6.9,1.082,0.7461633,0.87568,11,21,2,12,24,470000
"2019-11-21 02:12:27.61",6099,100393,15.39,12.91,85,44.7696,120,52.5198,1,11,0.7,-6.8,0.991,0.74616,0.87533,11,21,2,12,26,930000
"2019-11-21 02:12:30.14",6100,100394,14.37,12.91,85,44.7692,120,52.5054,1,11,0.7,-6.8,0.925,0.7461533,0.87509,11,21,2,12,29,460000
"2019-11-21 02:12:32.63",6101,100395,13.69,12.91,85,44.7688,120,52.4835,1,11,0.7,-6.7,0.881,0.7461466,0.874725,11,21,2,12,31,950000
"2019-11-21 02:12:35.28",6102,100396,19.54,12.91,85,44.7685,120,52.4706,1,11,0.7,-6.6,1.256,0.7461417,0.87451,11,21,2,12,34,600000
"2019-11-21 02:12:37.64",6103,100397,20.9,12.91,85,44.7681,120,52.447,1,11,0.7,-6.6,1.344,0.746135,0.8741166,11,21,2,12,36,960000
"2019-11-21 02:12:40.21",6104,100398,10.51,12.91,85,44.768,120,52.4313,1,11,0.7,-6.7,0.677,0.7461334,0.873855,11,21,2,12,39,530000
"2019-11-21 02:12:42.95",6105,100399,15.9,12.91,85,44.768,120,52.4081,1,11,0.7,-6.8,1.023,0.7461334,0.8734683,11,21,2,12,42,270000
"2019-11-21 02:12:45.66",6106,100400,28.8,12.91,85,44.7676,120,52.3856,1,11,0.7,-6.8,1.85,0.7461267,0.8730934,11,21,2,12,44,980000
"2019-11-21 02:12:54.66",6107,100401,13.35,12.91,85,44.7672,120,52.3754,1,11,0.7,-6.7,0.859,0.74612,0.8729233,11,21,2,12,53,980000
"2019-11-21 02:12:57.36",6108,100402,20.85,12.91,85,44.767,120,52.3591,1,11,0.7,-6.7,1.34,0.7461166,0.8726517,11,21,2,12,56,680000
"2019-11-21 02:12:59.83",6109,100403,13.35,12.91,85,44.7668,120,52.3326,1,11,0.7,-6.5,0.859,0.7461134,0.87221,11,21,2,12,59,150000
"2019-11-21 02:13:02.28",6110,100404,23.8,12.91,85,44.7669,120,52.315,1,11,0.7,-6.3,1.53,0.746115,0.8719166,11,21,2,13,1,600000
"2019-11-21 02:13:04.75",6111,100405,34.03,12.91,85,44.7667,120,52.2883,1,11,0.7,-6.1,2.185,0.7461117,0.8714717,11,21,2,13,4,70000
"2019-11-21 02:13:07.46",6112,100406,29.65,12.91,85,44.7665,120,52.2723,1,11,0.7,-6.2,1.905,0.7461083,0.871205,11,21,2,13,6,770000
"2019-11-21 02:13:10.09",6113,100407,30.73,12.91,85,44.7663,120,52.2526,1,11,0.7,-6.3,1.974,0.746105,0.8708766,11,21,2,13,9,410000
"2019-11-21 02:13:13.77",6114,100408,9.48,12.91,85,44.7658,120,52.2285,1,11,0.7,-6.2,0.612,0.7460966,0.870475,11,21,2,13,13,90000
"2019-11-21 02:13:43.62",6115,100409,25.9,12.91,85,44.7649,120,52.1937,1,11,0.7,-6,1.664,0.7460817,0.869895,11,21,2,13,42,940000
"2019-11-21 02:13:46.12",6116,100410,25.39,12.9,85,44.7647,120,52.1775,1,11,0.7,-6,1.631,0.7460784,0.869625,11,21,2,13,45,440000
"2019-11-21 02:13:48.48",6117,100411,11.02,12.9,85,44.7643,120,52.1537,1,11,0.7,-6.1,0.71,0.7460717,0.8692284,11,21,2,13,47,800000
"2019-11-21 02:13:50.91",6118,100412,24.31,12.9,85,44.7643,120,52.1373,1,11,0.7,-6.1,1.562,0.7460717,0.868955,11,21,2,13,50,230000
"2019-11-21 02:13:53.38",6119,100413,12.89,12.91,85,44.7644,120,52.1208,1,11,0.7,-6.1,0.83,0.7460734,0.86868,11,21,2,13,52,700000
"2019-11-21 02:13:55.78",6120,100414,18.23,12.91,85,44.7648,120,52.0964,1,11,0.7,-6.2,1.173,0.7460801,0.8682734,11,21,2,13,55,100000
"2019-11-21 02:13:58.18",6121,100415,24.71,12.9,85,44.7653,120,52.0791,1,11,0.7,-6.2,1.588,0.7460883,0.867985,11,21,2,13,57,500000
"2019-11-21 02:14:00.53",6122,100416,35.9,12.9,85,44.7662,120,52.0553,1,11,0.7,-6.2,2.305,0.7461034,0.8675883,11,21,2,13,59,850000
"2019-11-21 02:14:03.01",6123,100417,7.666,12.91,85,44.7666,120,52.0428,1,11,0.7,-6.1,0.495,0.74611,0.86738,11,21,2,14,2,330000
"2019-11-21 02:14:05.37",6124,100418,15.17,12.9,85,44.767,120,52.0324,1,11,0.7,-5.7,0.976,0.7461166,0.8672066,11,21,2,14,4,690000
"2019-11-21 02:14:07.97",6125,100419,22.44,12.9,85,44.7674,120,52.0111,1,11,0.7,-5.9,1.442,0.7461233,0.8668517,11,21,2,14,7,290000
"2019-11-21 02:14:12.07",6126,100420,26.07,12.9,85,44.7677,120,51.99,1,11,0.8,-6.2,1.675,0.7461283,0.8665,11,21,2,14,11,390000
"2019-11-21 02:14:14.77",6127,100421,17.15,12.9,85,44.7682,120,51.965,1,11,0.7,-6.2,1.103,0.7461366,0.8660834,11,21,2,14,14,90000
"2019-11-21 02:14:17.39",6128,100422,15.28,12.9,85,44.7685,120,51.9479,1,11,0.7,-6.3,0.983,0.7461417,0.8657983,11,21,2,14,16,710000
"2019-11-21 02:14:19.93",6129,100423,28.57,12.9,85,44.7689,120,51.9219,1,11,0.7,-6.3,1.835,0.7461483,0.865365,11,21,2,14,19,250000
"2019-11-21 02:14:22.71",6130,100424,31.98,12.9,85,44.7692,120,51.8958,1,11,0.7,-6.2,2.054,0.7461533,0.86493,11,21,2,14,22,30000
"2019-11-21 02:14:25.06",6131,100425,21.81,12.9,85,44.7692,120,51.8815,1,11,0.7,-6.2,1.402,0.7461533,0.8646917,11,21,2,14,24,380000
"2019-11-21 02:14:27.64",6132,100426,29.59,12.9,85,44.7691,120,51.8624,1,11,0.7,-6.2,1.901,0.7461517,0.8643734,11,21,2,14,26,960000
"2019-11-21 02:14:30.17",6133,100427,18.57,12.9,85,44.7692,120,51.849,1,11,0.7,-6.2,1.194,0.7461533,0.86415,11,21,2,14,29,490000
"2019-11-21 02:14:32.73",6134,100428,20.51,12.9,85,44.7697,120,51.8265,1,11,0.7,-6.3,1.318,0.7461616,0.863775,11,21,2,14,32,50000
"2019-11-21 02:14:35.17",6135,100429,23.69,12.9,85,44.7701,120,51.8126,1,11,0.7,-6.3,1.522,0.7461683,0.8635434,11,21,2,14,34,490000
"2019-11-21 02:14:37.86",6136,100430,8.97,12.9,85,44.7702,120,51.7913,1,11,0.7,-6.2,0.579,0.74617,0.8631884,11,21,2,14,37,180000
"2019-11-21 02:14:40.03",6137,100431,12.67,12.9,85,44.7703,120,51.7786,1,11,0.7,-6.1,0.816,0.7461717,0.8629766,11,21,2,14,39,350000
"2019-11-21 02:14:43.86",6138,100432,25.45,12.9,85,44.7704,120,51.7521,1,11,0.7,-6,1.635,0.7461734,0.862535,11,21,2,14,43,180000
"2019-11-21 02:14:47.01",6139,100433,22.32,12.9,85,44.7706,120,51.733,1,11,0.7,-6.1,1.435,0.7461766,0.8622167,11,21,2,14,46,330000
"2019-11-21 02:14:49.54",6140,100434,21.3,12.9,85,44.7707,120,51.7115,1,11,0.7,-6,1.369,0.7461783,0.8618583,11,21,2,14,48,860000
"2019-11-21 02:14:52.26",6141,100435,8.46,12.9,85,44.7707,120,51.6954,1,11,0.7,-5.9,0.546,0.7461783,0.86159,11,21,2,14,51,580000
"2019-11-21 02:14:54.52",6142,100436,12.78,12.9,85,44.7709,120,51.6736,1,11,0.7,-5.9,0.823,0.7461817,0.8612266,11,21,2,14,53,840000
"2019-11-21 02:14:57.03",6143,100437,17.32,12.9,85,44.7711,120,51.6566,1,11,0.7,-5.9,1.114,0.746185,0.8609434,11,21,2,14,56,350000
"2019-11-21 02:14:59.52",6144,100438,8.58,12.9,85,44.7713,120,51.6318,1,11,0.7,-5.9,0.554,0.7461883,0.86053,11,21,2,14,58,840000
"2019-11-21 02:15:02.22",6145,100439,11.25,12.89,85,44.7714,120,51.6163,1,11,0.7,-5.9,0.725,0.74619,0.8602716,11,21,2,15,1,540000
"2019-11-21 02:15:04.73",6146,100440,17.1,12.9,85,44.7719,120,51.5944,1,11,0.7,-6.1,1.1,0.7461983,0.8599066,11,21,2,15,4,50000
"2019-11-21 02:15:07.22",6147,100441,20.51,12.9,85,44.772,120,51.5778,1,11,0.7,-6.1,1.318,0.7462,0.85963,11,21,2,15,6,540000
"2019-11-21 02:15:09.63",6148,100442,13.12,12.9,85,44.7724,120,51.5537,1,11,0.7,-6.2,0.845,0.7462066,0.8592283,11,21,2,15,8,950000
"2019-11-21 02:15:12.11",6149,100443,18.57,12.9,85,44.7725,120,51.537,1,11,0.7,-6.2,1.194,0.7462083,0.8589499,11,21,2,15,11,430000
"2019-11-21 02:15:15.08",6150,100444,28.46,12.89,85,44.7721,120,51.5127,1,11,0.7,-6.1,1.828,0.7462016,0.858545,11,21,2,15,14,400000
"2019-11-21 02:15:18.28",6151,100445,57.32,12.9,85,44.7718,120,51.4949,1,11,0.7,-6,3.678,0.7461967,0.8582483,11,21,2,15,17,600000
"2019-11-21 02:15:24.71",6152,100446,27.44,12.89,85,44.7712,120,51.4766,1,11,0.7,-6.1,1.763,0.7461866,0.8579434,11,21,2,15,24,30000
"2019-11-21 02:15:26.79",6153,100447,34.82,12.89,85,44.7711,120,51.4753,1,11,0.7,-5.9,2.236,0.746185,0.8579217,11,21,2,15,26,110000
"2019-11-21 02:15:29.8",6154,100448,33.86,12.89,85,44.7708,120,51.4595,1,11,0.7,-6,2.174,0.74618,0.8576583,11,21,2,15,29,120000
"2019-11-21 02:15:32.52",6155,100449,41.75,12.89,85,44.7704,120,51.4442,1,11,0.7,-5.9,2.68,0.7461734,0.8574034,11,21,2,15,31,840000
"2019-11-21 02:15:35.02",6156,100450,39.93,12.89,85,44.7699,120,51.4327,1,11,0.7,-5.9,2.564,0.746165,0.8572117,11,21,2,15,34,340000
"2019-11-21 02:15:37.83",6157,100451,44.25,12.89,85,44.7692,120,51.4196,1,11,0.7,-5.8,2.841,0.7461533,0.8569934,11,21,2,15,37,150000
"2019-11-21 02:16:09.08",6158,100452,11.02,12.89,85,44.7684,120,51.407,1,11,0.7,-5.3,0.71,0.7461399,0.8567834,11,21,2,16,8,400000
"2019-11-21 02:16:12.01",6159,100453,26.41,12.89,85,44.7684,120,51.4088,1,11,0.7,-5.2,1.697,0.7461399,0.8568133,11,21,2,16,11,330000
"2019-11-21 02:16:14.31",6160,100454,35.39,12.89,85,44.7676,120,51.4039,1,11,0.7,-5.7,2.272,0.7461267,0.8567317,11,21,2,16,13,630000
"2019-11-21 02:16:16.54",6161,100455,30.67,12.89,85,44.7663,120,51.3942,1,11,0.7,-5.8,1.97,0.746105,0.85657,11,21,2,16,15,860000
"2019-11-21 02:16:19.33",6162,100456,40.62,12.89,85,44.7655,120,51.3891,1,11,0.7,-5.8,2.607,0.7460917,0.856485,11,21,2,16,18,650000
"2019-11-21 02:16:21.97",6163,100457,32.66,12.89,85,44.7644,120,51.3792,1,11,0.7,-5.7,2.098,0.7460734,0.85632,11,21,2,16,21,290000
"2019-11-21 02:16:24.79",6164,100458,34.14,12.88,85,44.7632,120,51.3672,1,11,0.7,-5.7,2.192,0.7460534,0.85612,11,21,2,16,24,110000
"2019-11-21 02:16:27.64",6165,100459,12.72,12.89,85,44.7622,120,51.3553,1,11,0.7,-5.6,0.819,0.7460366,0.8559217,11,21,2,16,26,960000
"2019-11-21 02:16:31.05",6166,100460,18.86,12.89,85,44.7611,120,51.3434,1,11,0.7,-5.4,1.213,0.7460183,0.8557234,11,21,2,16,30,370000
"2019-11-21 02:16:33.79",6167,100461,24.31,12.89,85,44.7598,120,51.3258,1,11,0.7,-5.7,1.562,0.7459966,0.85543,11,21,2,16,33,110000
"2019-11-21 02:16:36.32",6168,100462,27.44,12.89,85,44.7589,120,51.3149,1,11,0.7,-5.8,1.763,0.7459816,0.8552483,11,21,2,16,35,640000
"2019-11-21 02:16:39.08",6169,100463,23,12.89,85,44.7576,120,51.3013,1,11,0.7,-5.8,1.479,0.74596,0.8550217,11,21,2,16,38,400000
"2019-11-21 02:16:41.56",6170,100464,22.66,12.89,85,44.7563,120,51.2864,1,11,0.7,-5.7,1.457,0.7459384,0.8547734,11,21,2,16,40,880000
"2019-11-21 02:16:44.05",6171,100465,11.98,12.89,85,44.7553,120,51.2764,1,11,0.7,-5.7,0.772,0.7459217,0.8546067,11,21,2,16,43,370000
"2019-11-21 02:16:46.64",6172,100466,17.32,12.88,85,44.7539,120,51.2604,1,11,0.7,-5.6,1.114,0.7458983,0.8543399,11,21,2,16,45,960000
"2019-11-21 02:16:48.95",6173,100467,24.48,12.88,85,44.7529,120,51.2498,1,11,0.7,-5.6,1.573,0.7458817,0.8541634,11,21,2,16,48,270000
"2019-11-21 02:16:51.53",6174,100468,25.5,12.88,85,44.7515,120,51.2348,1,11,0.7,-5.8,1.639,0.7458583,0.8539133,11,21,2,16,50,850000
"2019-11-21 02:16:53.95",6175,100469,23.8,12.88,85,44.7507,120,51.2246,1,11,0.7,-5.7,1.53,0.745845,0.8537434,11,21,2,16,53,270000
"2019-11-21 02:16:56.4",6176,100470,19.6,12.88,85,44.7497,120,51.2157,1,11,0.7,-5.7,1.26,0.7458283,0.853595,11,21,2,16,55,710000
"2019-11-21 02:16:58.86",6177,100471,27.38,12.88,85,44.7483,120,51.203,1,11,0.7,-5.7,1.759,0.745805,0.8533833,11,21,2,16,58,180000
"2019-11-21 02:17:01.69",6178,100472,16.98,12.89,85,44.747,120,51.1887,1,11,0.7,-5.7,1.093,0.7457834,0.853145,11,21,2,17,1,10000
"2019-11-21 02:17:04.4",6179,100473,16.19,12.88,85,44.7457,120,51.174,1,11,0.7,-5.8,1.042,0.7457617,0.8529,11,21,2,17,3,720000
"2019-11-21 02:17:07.24",6180,100474,17.49,12.88,85,44.745,120,51.1636,1,11,0.7,-5.8,1.125,0.74575,0.8527267,11,21,2,17,6,560000
"2019-11-21 02:17:11.03",6181,100475,21.41,12.88,85,44.7433,120,51.1473,1,11,0.7,-5.6,1.377,0.7457217,0.852455,11,21,2,17,10,350000
"2019-11-21 02:17:14.07",6182,100476,15.85,12.88,85,44.742,120,51.1332,1,11,0.7,-5.5,1.02,0.7457,0.85222,11,21,2,17,13,390000
"2019-11-21 02:17:16.53",6183,100477,14.94,12.88,85,44.7406,120,51.1162,1,11,0.7,-5.4,0.961,0.7456767,0.8519366,11,21,2,17,15,850000
"2019-11-21 02:17:18.87",6184,100478,16.13,12.88,85,44.7398,120,51.1046,1,11,0.7,-5.3,1.038,0.7456634,0.8517434,11,21,2,17,18,190000
"2019-11-21 02:17:21.32",6185,100479,24.65,12.88,85,44.7388,120,51.0952,1,11,0.7,-5.3,1.584,0.7456466,0.8515866,11,21,2,17,20,640000
"2019-11-21 02:17:23.98",6186,100480,7.439,12.88,85,44.7375,120,51.08,1,11,0.7,-5.3,0.481,0.745625,0.8513334,11,21,2,17,23,300000
"2019-11-21 02:17:26.54",6187,100481,30.62,12.88,85,44.7364,120,51.0662,1,11,0.7,-5.3,1.967,0.7456066,0.8511034,11,21,2,17,25,860000
"2019-11-21 02:17:29.31",6188,100482,19.48,12.88,85,44.7357,120,51.0558,1,11,0.7,-5.3,1.253,0.745595,0.85093,11,21,2,17,28,630000
"2019-11-21 02:17:31.83",6189,100483,17.04,12.88,85,44.7344,120,51.0394,1,11,0.7,-5.2,1.096,0.7455734,0.8506566,11,21,2,17,31,150000
"2019-11-21 02:17:34.47",6190,100484,27.66,12.88,85,44.733,120,51.0228,1,11,0.7,-5.2,1.777,0.74555,0.85038,11,21,2,17,33,790000
"2019-11-21 02:17:37.29",6191,100485,24.25,12.88,85,44.7321,120,51.013,1,11,0.7,-5.3,1.559,0.745535,0.8502167,11,21,2,17,36,610000
"2019-11-21 02:17:39.74",6192,100486,18.91,12.88,85,44.7308,120,50.9975,1,11,0.7,-5.5,1.216,0.7455133,0.8499584,11,21,2,17,39,60000
"2019-11-21 02:17:42.23",6193,100487,21.41,12.88,85,44.7299,120,50.9879,1,11,0.7,-5.5,1.377,0.7454983,0.8497983,11,21,2,17,41,550000
"2019-11-21 02:17:44.61",6194,100488,11.76,12.88,85,44.7285,120,50.9725,1,11,0.7,-5.5,0.757,0.745475,0.8495417,11,21,2,17,43,930000
"2019-11-21 02:17:47.27",6195,100489,18.46,12.88,85,44.7276,120,50.9643,1,11,0.7,-5.5,1.187,0.74546,0.849405,11,21,2,17,46,590000
"2019-11-21 02:17:49.59",6196,100490,22.21,12.88,85,44.7261,120,50.9473,1,11,0.7,-5.6,1.428,0.745435,0.8491217,11,21,2,17,48,910000
"2019-11-21 02:17:52.43",6197,100491,18.74,12.88,85,44.7251,120,50.9381,1,11,0.7,-5.6,1.205,0.7454184,0.8489683,11,21,2,17,51,740000
"2019-11-21 02:17:55.07",6198,100492,21.81,12.88,85,44.7238,120,50.9248,1,11,0.7,-5.7,1.402,0.7453966,0.8487466,11,21,2,17,54,390000
"2019-11-21 02:17:57.53",6199,100493,21.47,12.88,85,44.7224,120,50.9092,1,11,0.7,-5.5,1.38,0.7453734,0.8484866,11,21,2,17,56,850000
"2019-11-21 02:17:59.94",6200,100494,16.59,12.88,85,44.7215,120,50.8993,1,11,0.7,-5.5,1.067,0.7453583,0.8483217,11,21,2,17,59,260000
"2019-11-21 02:18:02.56",6201,100495,18.23,12.88,85,44.7202,120,50.8864,1,11,0.7,-5.7,1.173,0.7453366,0.8481066,11,21,2,18,1,880000
"2019-11-21 02:18:05.6",6202,100496,23.69,12.88,85,44.7188,120,50.8748,1,11,0.7,-5.7,1.522,0.7453134,0.8479134,11,21,2,18,4,920000
"2019-11-21 02:18:08.31",6203,100497,23.12,12.87,85,44.718,120,50.8658,1,11,0.7,-5.7,1.486,0.7453,0.8477633,11,21,2,18,7,630000
"2019-11-21 02:18:10.9",6204,100498,18.23,12.88,85,44.7167,120,50.8549,1,11,0.7,-5.8,1.173,0.7452783,0.8475817,11,21,2,18,10,220000
"2019-11-21 02:18:13.52",6205,100499,18.57,12.88,85,44.7153,120,50.8421,1,11,0.7,-5.9,1.194,0.745255,0.8473683,11,21,2,18,12,840000
"2019-11-21 02:18:16.62",6206,100500,15.85,12.88,85,44.7141,120,50.8436,1,11,0.7,-6.1,1.02,0.745235,0.8473934,11,21,2,18,15,940000
"2019-11-21 02:18:19.38",6207,100501,13.69,12.88,85,44.7137,120,50.8526,1,11,0.7,-6.1,0.881,0.7452283,0.8475434,11,21,2,18,18,700000
"2019-11-21 02:18:22.1",6208,100502,14.6,12.88,85,44.7133,120,50.8669,1,11,0.7,-6.2,0.94,0.7452217,0.8477817,11,21,2,18,21,420000
"2019-11-21 02:18:40.03",6209,100503,15.11,12.87,85,44.7124,120,50.876,1,11,0.7,-6.2,0.972,0.7452066,0.8479334,11,21,2,18,39,350000
"2019-11-21 02:18:42.88",6210,100504,11.47,12.87,85,44.7122,120,50.8892,1,11,0.7,-6.3,0.739,0.7452033,0.8481533,11,21,2,18,42,200000
"2019-11-21 02:18:45.36",6211,100505,12.55,12.87,85,44.7119,120,50.9039,1,11,0.7,-6.3,0.808,0.7451983,0.8483983,11,21,2,18,44,680000
"2019-11-21 02:18:48.27",6212,100506,15.62,12.87,85,44.7112,120,50.9196,1,11,0.7,-6.3,1.005,0.7451867,0.8486601,11,21,2,18,47,590000
"2019-11-21 02:18:50.89",6213,100507,19.09,12.87,85,44.7104,120,50.9367,1,11,0.7,-6.4,1.227,0.7451734,0.848945,11,21,2,18,50,210000
"2019-11-21 02:18:53.32",6214,100508,32.09,12.87,85,44.7098,120,50.9477,1,11,0.7,-6.3,2.061,0.7451634,0.8491284,11,21,2,18,52,640000
"2019-11-21 02:18:55.73",6215,100509,32.32,12.87,85,44.7089,120,50.9621,1,11,0.7,-6.2,2.076,0.7451484,0.8493683,11,21,2,18,55,50000
"2019-11-21 02:18:58.76",6216,100510,14.82,12.87,85,44.708,120,50.9734,1,11,0.7,-6.1,0.954,0.7451334,0.8495567,11,21,2,18,58,80000
"2019-11-21 02:19:01.18",6217,100511,4.939,12.87,85,44.7077,120,50.9825,1,11,0.7,-5.9,0.32,0.7451283,0.8497083,11,21,2,19,0,500000
"2019-11-21 02:19:04.05",6218,100512,38.68,12.87,85,44.7072,120,50.9971,1,11,0.7,-5.8,2.484,0.74512,0.8499517,11,21,2,19,3,370000
"2019-11-21 02:19:06.75",6219,100513,63.23,12.87,85,44.7066,120,51.0125,1,11,0.7,-6,4.057,0.74511,0.8502083,11,21,2,19,6,70000
"2019-11-21 02:19:09.86",6220,100514,17.32,12.87,85,44.7064,120,51.0217,1,11,0.7,-6.2,1.114,0.7451067,0.8503617,11,21,2,19,9,180000
"2019-11-21 02:19:12.56",6221,100515,31.3,12.87,85,44.7058,120,51.037,1,11,0.7,-6.2,2.01,0.7450966,0.8506166,11,21,2,19,11,880000
"2019-11-21 02:19:15.44",6222,100516,36.81,12.87,85,44.7051,120,51.0512,1,11,0.7,-6.3,2.363,0.745085,0.8508534,11,21,2,19,14,760000
"2019-11-21 02:19:18.2",6223,100517,31.58,12.87,85,44.7046,120,51.0604,1,11,0.7,-6.2,2.028,0.7450767,0.8510066,11,21,2,19,17,520000
"2019-11-21 02:19:20.69",6224,100518,42.09,12.87,85,44.7038,120,51.0778,1,11,0.7,-6.1,2.702,0.7450634,0.8512966,11,21,2,19,20,10000
"2019-11-21 02:19:23.4",6225,100519,56.86,12.87,85,44.7033,120,51.0889,1,11,0.7,-6.2,3.649,0.745055,0.8514817,11,21,2,19,22,710000
"2019-11-21 02:19:26.13",6226,100520,28.46,12.87,85,44.7025,120,51.1039,1,11,0.7,-6.5,1.828,0.7450417,0.8517317,11,21,2,19,25,450000
"2019-11-21 02:19:28.7",6227,100521,34.42,12.87,85,44.7016,120,51.1204,1,11,0.7,-6.5,2.211,0.7450266,0.8520066,11,21,2,19,28,20000
"2019-11-21 02:19:31.43",6228,100522,33.91,12.87,85,44.7008,120,51.1383,1,11,0.7,-6.5,2.178,0.7450134,0.852305,11,21,2,19,30,750000
"2019-11-21 02:19:33.94",6229,100523,38.8,12.87,85,44.7002,120,51.1479,1,11,0.7,-6.4,2.491,0.7450034,0.852465,11,21,2,19,33,260000
"2019-11-21 02:19:36.37",6230,100524,35.39,12.87,85,44.6996,120,51.1585,1,11,0.7,-6.4,2.272,0.7449934,0.8526417,11,21,2,19,35,690000
"2019-11-21 02:19:39.76",6231,100525,24.82,12.86,85,44.6986,120,51.1783,1,11,0.7,-6.5,1.595,0.7449767,0.8529717,11,21,2,19,39,80000
"2019-11-21 02:19:41.91",6232,100526,22.44,12.86,85,44.6981,120,51.1898,1,11,0.7,-6.5,1.442,0.7449683,0.8531634,11,21,2,19,41,230000
"2019-11-21 02:19:44.28",6233,100527,25.56,12.87,85,44.6975,120,51.2024,1,11,0.7,-6.6,1.642,0.7449583,0.8533734,11,21,2,19,43,600000
"2019-11-21 02:19:46.69",6234,100528,9.94,12.87,85,44.6966,120,51.2209,1,11,0.7,-6.7,0.641,0.7449434,0.8536817,11,21,2,19,46,10000
"2019-11-21 02:19:49.17",6235,100529,22.78,12.86,85,44.6961,120,51.2328,1,11,0.7,-6.6,1.464,0.744935,0.85388,11,21,2,19,48,490000
"2019-11-21 02:19:51.96",6236,100530,30.05,12.87,85,44.6951,120,51.2495,1,11,0.7,-6.7,1.93,0.7449183,0.8541583,11,21,2,19,51,280000
"2019-11-21 02:19:54.58",6237,100531,42.43,12.87,85,44.6942,120,51.2662,1,11,0.7,-6.8,2.724,0.7449034,0.8544367,11,21,2,19,53,900000
"2019-11-21 02:19:57.16",6238,100532,31.75,12.86,85,44.6936,120,51.2761,1,11,0.7,-6.8,2.039,0.7448933,0.8546017,11,21,2,19,56,480000
"2019-11-21 02:19:59.74",6239,100533,27.21,12.87,85,44.6927,120,51.2926,1,11,0.7,-6.7,1.748,0.7448783,0.8548766,11,21,2,19,59,60000
"2019-11-21 02:20:02.45",6240,100534,51.52,12.86,85,44.6918,120,51.3125,1,11,0.7,-6.9,3.307,0.7448634,0.8552083,11,21,2,20,1,770000
"2019-11-21 02:20:06.87",6241,100535,54.53,12.86,85,44.6911,120,51.3224,1,11,0.7,-6.9,3.5,0.7448517,0.8553734,11,21,2,20,6,190000
"2019-11-21 02:20:09.58",6242,100536,57.77,12.86,85,44.6905,120,51.3317,1,11,0.7,-6.7,3.707,0.7448416,0.8555283,11,21,2,20,8,900000
"2019-11-21 02:20:12.95",6243,100537,61.01,12.86,85,44.6898,120,51.3438,1,11,0.7,-6.7,3.915,0.74483,0.85573,11,21,2,20,12,270000
"2019-11-21 02:20:16",6244,100538,71.8,12.86,85,44.6891,120,51.3525,1,11,0.7,-6.6,4.607,0.7448183,0.855875,11,21,2,20,15,320000
"2019-11-21 02:20:19.61",6245,100539,45.5,12.86,85,44.6883,120,51.3661,1,11,0.7,-6.5,2.921,0.744805,0.8561017,11,21,2,20,18,930000
"2019-11-21 02:20:22.52",6246,100540,12.95,12.86,85,44.6876,120,51.3765,1,11,0.7,-6.4,0.834,0.7447933,0.856275,11,21,2,20,21,840000
"2019-11-21 02:20:25.15",6247,100541,28.63,12.86,85,44.6871,120,51.3853,1,11,0.7,-6.4,1.839,0.744785,0.8564217,11,21,2,20,24,470000
"2019-11-21 02:20:28.31",6248,100542,25.85,12.86,85,44.6862,120,51.3992,1,11,0.7,-6.3,1.661,0.74477,0.8566534,11,21,2,20,27,630000
"2019-11-21 02:20:31.36",6249,100543,47.04,12.86,85,44.6856,120,51.4102,1,11,0.7,-6.4,3.019,0.74476,0.8568366,11,21,2,20,30,680000
"2019-11-21 02:20:34.28",6250,100544,28.91,12.86,85,44.6849,120,51.4194,1,11,0.7,-6.5,1.857,0.7447483,0.85699,11,21,2,20,33,600000
"2019-11-21 02:20:36.93",6251,100545,33.12,12.85,85,44.6837,120,51.4363,1,11,0.7,-6.6,2.127,0.7447283,0.8572716,11,21,2,20,36,250000
"2019-11-21 02:20:39.6",6252,100546,22.32,12.86,85,44.6827,120,51.4545,1,11,0.7,-6.8,1.435,0.7447117,0.857575,11,21,2,20,38,920000
"2019-11-21 02:20:42.06",6253,100547,13.23,12.86,85,44.682,120,51.4679,1,11,0.7,-6.9,0.852,0.7447,0.8577983,11,21,2,20,41,380000
"2019-11-21 02:20:44.74",6254,100548,35.62,12.85,85,44.6811,120,51.4885,1,11,0.7,-7,2.287,0.744685,0.8581417,11,21,2,20,44,60000
"2019-11-21 02:20:47.31",6255,100549,27.32,12.86,85,44.6804,120,51.5008,1,11,0.7,-7,1.755,0.7446734,0.8583467,11,21,2,20,46,630000
"2019-11-21 02:20:49.9",6256,100550,24.26,12.85,85,44.6793,120,51.5191,1,11,0.7,-7.1,1.559,0.744655,0.8586517,11,21,2,20,49,220000
"2019-11-21 02:20:52.44",6257,100551,16.24,12.85,85,44.6784,120,51.5364,1,11,0.7,-7.1,1.045,0.74464,0.85894,11,21,2,20,51,760000
"2019-11-21 02:20:54.93",6258,100552,13.63,12.86,85,44.6776,120,51.5488,1,11,0.7,-7.3,0.878,0.7446267,0.8591467,11,21,2,20,54,250000
"2019-11-21 02:20:57.58",6259,100553,11.42,12.85,85,44.6766,120,51.5696,1,11,0.7,-7.4,0.736,0.74461,0.8594933,11,21,2,20,56,900000
"2019-11-21 02:21:00.14",6260,100554,9.37,12.85,85,44.6757,120,51.5824,1,11,0.7,-7.5,0.605,0.744595,0.8597067,11,21,2,20,59,460000
"2019-11-21 02:21:02.63",6261,100555,12.32,12.85,85,44.6744,120,51.6012,1,11,0.7,-7.6,0.794,0.7445734,0.86002,11,21,2,21,1,950000
"2019-11-21 02:21:05.53",6262,100556,17.44,12.85,85,44.6733,120,51.619,1,11,0.7,-7.6,1.122,0.744555,0.8603166,11,21,2,21,4,850000
"2019-11-21 02:21:07.92",6263,100557,16.07,12.85,85,44.6728,120,51.6319,1,11,0.7,-7.6,1.034,0.7445466,0.8605317,11,21,2,21,7,240000
"2019-11-21 02:21:10.34",6264,100558,12.78,12.85,85,44.6723,120,51.6451,1,11,0.7,-7.6,0.823,0.7445383,0.8607517,11,21,2,21,9,660000
"2019-11-21 02:21:12.81",6265,100559,14.77,12.85,85,44.6715,120,51.6627,1,11,0.7,-7.7,0.95,0.744525,0.861045,11,21,2,21,12,130000
"2019-11-21 02:21:15.33",6266,100560,13.35,12.85,85,44.6709,120,51.6749,1,11,0.7,-7.6,0.859,0.744515,0.8612483,11,21,2,21,14,650000
"2019-11-21 02:21:17.66",6267,100561,10.85,12.85,85,44.67,120,51.6915,1,11,0.7,-7.5,0.699,0.7445,0.861525,11,21,2,21,16,980000
"2019-11-21 02:21:20.09",6268,100562,10.62,12.85,85,44.6694,120,51.7034,1,11,0.7,-7.6,0.685,0.74449,0.8617233,11,21,2,21,19,410000
"2019-11-21 02:21:22.5",6269,100563,12.1,12.85,85,44.6684,120,51.7222,1,11,0.7,-7.5,0.779,0.7444734,0.8620366,11,21,2,21,21,820000
"2019-11-21 02:21:24.81",6270,100564,11.19,12.85,85,44.6679,120,51.7347,1,11,0.7,-7.4,0.721,0.744465,0.862245,11,21,2,21,24,130000
"2019-11-21 02:21:27.36",6271,100565,9.83,12.85,85,44.6673,120,51.7479,1,11,0.7,-7.4,0.634,0.744455,0.862465,11,21,2,21,26,680000
"2019-11-21 02:21:29.75",6272,100566,9.26,12.85,85,44.6663,120,51.7658,1,11,0.7,-7.4,0.597,0.7444383,0.8627634,11,21,2,21,29,70000
"2019-11-21 02:21:32.17",6273,100567,13.63,12.85,85,44.6657,120,51.7787,1,11,0.7,-7.4,0.878,0.7444283,0.8629783,11,21,2,21,31,490000
"2019-11-21 02:21:35.3",6274,100568,16.64,12.85,85,44.665,120,51.7974,1,11,0.7,-7.3,1.071,0.7444166,0.86329,11,21,2,21,34,620000
"2019-11-21 02:21:37.71",6275,100569,10.73,12.85,85,44.6643,120,51.8093,1,11,0.7,-7.3,0.692,0.744405,0.8634883,11,21,2,21,37,30000
"2019-11-21 02:21:40.13",6276,100570,11.98,12.85,85,44.6637,120,51.8226,1,11,0.7,-7.2,0.772,0.744395,0.8637101,11,21,2,21,39,450000
"2019-11-21 02:21:42.48",6277,100571,17.55,12.85,85,44.6628,120,51.8424,1,11,0.7,-7.1,1.129,0.74438,0.86404,11,21,2,21,41,800000
"2019-11-21 02:21:44.98",6278,100572,17.61,12.85,85,44.6621,120,51.8565,1,11,0.7,-7.1,1.133,0.7443684,0.864275,11,21,2,21,44,300000
"2019-11-21 02:21:47.49",6279,100573,20.68,12.85,85,44.6612,120,51.8762,1,11,0.7,-7,1.329,0.7443534,0.8646034,11,21,2,21,46,810000
"2019-11-21 02:21:49.82",6280,100574,11.13,12.85,85,44.6606,120,51.8889,1,11,0.7,-6.9,0.717,0.7443434,0.864815,11,21,2,21,49,140000
"2019-11-21 02:21:52.66",6281,100575,31.47,12.85,85,44.6597,120,51.9106,1,11,0.7,-6.8,2.021,0.7443283,0.8651766,11,21,2,21,51,980000
"2019-11-21 02:21:54.88",6282,100576,12.1,12.85,85,44.6592,120,51.9231,1,11,0.7,-6.7,0.779,0.74432,0.865385,11,21,2,21,54,200000
"2019-11-21 02:21:57.31",6283,100577,14.48,12.85,85,44.6587,120,51.9354,1,11,0.7,-6.7,0.932,0.7443116,0.86559,11,21,2,21,56,630000
"2019-11-21 02:22:00.17",6284,100578,20.51,12.85,85,44.6577,120,51.9535,1,11,0.7,-6.7,1.318,0.744295,0.8658916,11,21,2,21,59,490000
"2019-11-21 02:22:02.71",6285,100579,16.3,12.85,85,44.6566,120,51.9726,1,11,0.7,-6.7,1.049,0.7442767,0.86621,11,21,2,22,2,30000
"2019-11-21 02:22:05.25",6286,100580,26.87,12.85,85,44.6561,120,51.9857,1,11,0.7,-6.8,1.726,0.7442683,0.8664283,11,21,2,22,4,570000
"2019-11-21 02:22:07.75",6287,100581,24.03,12.85,85,44.6553,120,52.0048,1,11,0.7,-6.8,1.544,0.744255,0.8667466,11,21,2,22,7,70000
"2019-11-21 02:22:10.31",6288,100582,16.42,12.85,85,44.6547,120,52.0176,1,11,0.7,-6.8,1.056,0.744245,0.86696,11,21,2,22,9,630000
"2019-11-21 02:22:12.78",6289,100583,22.72,12.84,85,44.6539,120,52.0373,1,11,0.7,-6.9,1.46,0.7442317,0.8672883,11,21,2,22,12,100000
"2019-11-21 02:22:15.21",6290,100584,17.5,12.84,85,44.6531,120,52.0504,1,11,0.7,-7,1.125,0.7442183,0.8675067,11,21,2,22,14,530000
"2019-11-21 02:22:17.69",6291,100585,10.51,12.85,85,44.6522,120,52.0717,1,11,0.7,-7.1,0.677,0.7442034,0.8678617,11,21,2,22,17,10000
"2019-11-21 02:22:20.15",6292,100586,9.03,12.84,85,44.6515,120,52.0848,1,11,0.7,-7.2,0.583,0.7441917,0.86808,11,21,2,22,19,470000
"2019-11-21 02:22:22.74",6293,100587,9.6,12.85,85,44.6507,120,52.1055,1,11,0.7,-7.2,0.619,0.7441783,0.868425,11,21,2,22,22,60000
"2019-11-21 02:22:25",6294,100588,9.37,12.85,85,44.6499,120,52.1188,1,11,0.7,-7.2,0.605,0.744165,0.8686467,11,21,2,22,24,320000
"2019-11-21 02:22:27.46",6295,100589,9.94,12.84,85,44.649,120,52.1394,1,11,0.7,-7.2,0.641,0.74415,0.86899,11,21,2,22,26,780000
"2019-11-21 02:22:29.87",6296,100590,11.64,12.84,85,44.6484,120,52.1535,1,11,0.7,-7.1,0.75,0.74414,0.869225,11,21,2,22,29,190000
"2019-11-21 02:22:32.44",6297,100591,17.72,12.84,85,44.6474,120,52.1762,1,11,0.7,-7,1.14,0.7441234,0.8696034,11,21,2,22,31,760000
"2019-11-21 02:22:34.8",6298,100592,10.73,12.84,85,44.6468,120,52.1894,1,11,0.7,-7,0.692,0.7441134,0.8698234,11,21,2,22,34,120000
"2019-11-21 02:22:37.29",6299,100593,13.69,12.84,85,44.6462,120,52.2028,1,11,0.7,-6.9,0.881,0.7441033,0.8700466,11,21,2,22,36,610000
"2019-11-21 02:22:39.67",6300,100594,15.05,12.84,85,44.6453,120,52.2223,1,11,0.7,-7.1,0.969,0.7440883,0.8703717,11,21,2,22,38,990000
"2019-11-21 02:22:42.95",6301,100595,11.76,12.84,85,44.6445,120,52.2405,1,11,0.7,-7.3,0.758,0.744075,0.870675,11,21,2,22,42,270000
"2019-11-21 02:22:45.18",6302,100596,13.35,12.84,85,44.6442,120,52.2533,1,11,0.7,-7.3,0.86,0.74407,0.8708883,11,21,2,22,44,500000
"2019-11-21 02:22:47.74",6303,100597,12.1,12.84,85,44.6432,120,52.2712,1,11,0.7,-7.3,0.779,0.7440533,0.8711866,11,21,2,22,47,60000
"2019-11-21 02:22:50.11",6304,100598,7.894,12.84,85,44.6426,120,52.2843,1,11,0.7,-7.2,0.51,0.7440434,0.871405,11,21,2,22,49,430000
"2019-11-21 02:22:52.44",6305,100599,10.96,12.84,85,44.6415,120,52.3014,1,11,0.7,-7,0.707,0.744025,0.87169,11,21,2,22,51,760000
"2019-11-21 02:22:54.8",6306,100600,13.29,12.84,85,44.6409,120,52.315,1,11,0.7,-7.1,0.856,0.744015,0.8719166,11,21,2,22,54,120000
"2019-11-21 02:22:57.16",6307,100601,15.28,12.84,85,44.6403,120,52.3292,1,11,0.7,-7,0.983,0.744005,0.8721534,11,21,2,22,56,480000
"2019-11-21 02:22:59.46",6308,100602,13.52,12.84,85,44.6394,120,52.3484,1,11,0.7,-7,0.87,0.74399,0.8724734,11,21,2,22,58,780000
"2019-11-21 02:23:01.91",6309,100603,26.87,12.84,85,44.6389,120,52.3606,1,11,0.7,-7,1.726,0.7439817,0.8726766,11,21,2,23,1,230000
"2019-11-21 02:23:04.65",6310,100604,15.34,12.84,85,44.6379,120,52.3798,1,11,0.7,-7.2,0.987,0.743965,0.8729966,11,21,2,23,3,970000
"2019-11-21 02:23:06.92",6311,100605,13.46,12.84,85,44.6373,120,52.3921,1,11,0.7,-7.3,0.867,0.743955,0.8732017,11,21,2,23,6,240000
"2019-11-21 02:23:09.16",6312,100606,13.92,12.84,85,44.6368,120,52.4052,1,11,0.7,-7.1,0.896,0.7439466,0.87342,11,21,2,23,8,480000
"2019-11-21 02:23:11.52",6313,100607,9.37,12.84,85,44.6361,120,52.4245,1,11,0.7,-7.2,0.605,0.743935,0.8737417,11,21,2,23,10,840000
"2019-11-21 02:23:13.72",6314,100608,15.85,12.84,85,44.6357,120,52.4381,1,11,0.7,-7.2,1.02,0.7439283,0.8739683,11,21,2,23,13,40000
"2019-11-21 02:23:16.27",6315,100609,9.6,12.84,85,44.6352,120,52.4498,1,11,0.7,-7.1,0.619,0.74392,0.8741634,11,21,2,23,15,590000
"2019-11-21 02:23:18.62",6316,100610,11.93,12.84,85,44.6341,120,52.4672,1,11,0.7,-7,0.768,0.7439017,0.8744534,11,21,2,23,17,940000
"2019-11-21 02:23:21.01",6317,100611,16.19,12.84,85,44.6337,120,52.478,1,11,0.7,-6.9,1.042,0.743895,0.8746334,11,21,2,23,20,330000
"2019-11-21 02:23:23.41",6318,100612,5.735,12.84,85,44.6331,120,52.4902,1,11,0.7,-6.8,0.371,0.743885,0.8748367,11,21,2,23,22,720000
"2019-11-21 02:23:25.74",6319,100613,7.667,12.84,85,44.6322,120,52.5111,1,11,0.7,-6.9,0.495,0.74387,0.875185,11,21,2,23,25,60000
"2019-11-21 02:23:28.13",6320,100614,13.69,12.84,85,44.6317,120,52.5252,1,11,0.7,-6.9,0.881,0.7438616,0.87542,11,21,2,23,27,450000
"2019-11-21 02:23:30.63",6321,100615,20.9,12.84,85,44.6307,120,52.5429,1,11,0.7,-6.9,1.344,0.743845,0.875715,11,21,2,23,29,950000
"2019-11-21 02:23:33.22",6322,100616,33.69,12.84,85,44.6302,120,52.5531,1,11,0.7,-6.9,2.163,0.7438366,0.875885,11,21,2,23,32,540000
"2019-11-21 02:23:35.89",6323,100617,34.03,12.84,85,44.6293,120,52.5671,1,11,0.7,-6.7,2.185,0.7438217,0.8761184,11,21,2,23,35,210000
"2019-11-21 02:23:38.67",6324,100618,53.35,12.84,85,44.6285,120,52.5795,1,11,0.7,-6.6,3.423,0.7438084,0.876325,11,21,2,23,37,990000
"2019-11-21 02:23:41.77",6325,100619,12.1,12.84,85,44.6277,120,52.5902,1,11,0.7,-6.7,0.779,0.743795,0.8765033,11,21,2,23,41,90000
"2019-11-21 02:23:45.45",6326,100620,24.14,12.84,85,44.6263,120,52.5882,1,11,0.7,-6.9,1.551,0.7437717,0.87647,11,21,2,23,44,760000
"2019-11-21 02:23:47.65",6327,100621,23.46,12.84,85,44.6253,120,52.5865,1,11,0.7,-6.9,1.508,0.743755,0.8764417,11,21,2,23,46,970000
"2019-11-21 02:23:50.17",6328,100622,12.21,12.84,85,44.6242,120,52.5833,1,11,0.7,-6.9,0.787,0.7437366,0.8763884,11,21,2,23,49,490000
"2019-11-21 02:23:52.13",6329,100623,11.3,12.83,85,44.623,120,52.5795,1,11,0.7,-7,0.728,0.7437166,0.876325,11,21,2,23,51,450000
"2019-11-21 02:23:54.57",6330,100624,12.16,12.83,85,44.6212,120,52.5753,1,11,0.7,-6.9,0.783,0.7436866,0.876255,11,21,2,23,53,890000
"2019-11-21 02:23:56.75",6331,100625,12.1,12.84,85,44.6202,120,52.5738,1,11,0.7,-6.8,0.779,0.7436701,0.87623,11,21,2,23,56,70000
"2019-11-21 02:23:59.17",6332,100626,14.26,12.84,85,44.6192,120,52.5741,1,11,0.7,-6.8,0.918,0.7436534,0.876235,11,21,2,23,58,490000
"2019-11-21 02:24:01.27",6333,100627,12.78,12.84,85,44.6181,120,52.5741,1,11,0.7,-6.7,0.823,0.743635,0.876235,11,21,2,24,0,590000
"2019-11-21 02:24:03.84",6334,100628,18.23,12.84,85,44.6167,120,52.5778,1,11,0.7,-6.6,1.173,0.7436116,0.8762967,11,21,2,24,3,160000
"2019-11-21 02:24:06.74",6335,100629,16.3,12.84,85,44.6155,120,52.585,1,11,0.7,-6.8,1.049,0.7435917,0.8764166,11,21,2,24,6,60000
"2019-11-21 02:24:09.21",6336,100630,13.86,12.84,85,44.6148,120,52.5931,1,11,0.7,-6.9,0.892,0.74358,0.8765517,11,21,2,24,8,530000
"2019-11-21 02:24:11.74",6337,100631,16.36,12.83,85,44.6142,120,52.6092,1,11,0.7,-7,1.053,0.74357,0.87682,11,21,2,24,11,60000
"2019-11-21 02:24:14.25",6338,100632,6.531,12.83,85,44.6138,120,52.6191,1,11,0.7,-6.9,0.422,0.7435634,0.876985,11,21,2,24,13,570000
"2019-11-21 02:24:16.83",6339,100633,24.14,12.83,85,44.6133,120,52.6356,1,11,0.7,-6.8,1.552,0.743555,0.87726,11,21,2,24,16,150000
"2019-11-21 02:24:19.31",6340,100634,19.48,12.83,85,44.613,120,52.6476,1,11,0.7,-7,1.253,0.74355,0.8774599,11,21,2,24,18,630000
"2019-11-21 02:24:21.82",6341,100635,21.59,12.83,85,44.6123,120,52.6642,1,11,0.7,-7,1.388,0.7435383,0.8777367,11,21,2,24,21,140000
"2019-11-21 02:24:24.36",6342,100636,11.76,12.83,85,44.6118,120,52.6752,1,11,0.7,-7,0.758,0.74353,0.87792,11,21,2,24,23,680000
"2019-11-21 02:24:26.96",6343,100637,11.93,12.83,85,44.6109,120,52.6903,1,11,0.7,-7.1,0.768,0.743515,0.8781717,11,21,2,24,26,280000
"2019-11-21 02:24:29.39",6344,100638,19.14,12.83,85,44.6101,120,52.6998,1,11,0.7,-7.1,1.231,0.7435017,0.87833,11,21,2,24,28,710000
"2019-11-21 02:24:31.98",6345,100639,16.7,12.83,85,44.6091,120,52.7129,1,11,0.7,-7.1,1.074,0.743485,0.8785483,11,21,2,24,31,300000
"2019-11-21 02:24:34.39",6346,100640,14.6,12.83,85,44.6084,120,52.7209,1,11,0.7,-7.1,0.94,0.7434733,0.8786817,11,21,2,24,33,710000
"2019-11-21 02:24:37.84",6347,100641,16.53,12.83,85,44.6068,120,52.737,1,11,0.7,-7,1.064,0.7434466,0.87895,11,21,2,24,37,160000
"2019-11-21 02:24:40",6348,100642,20.74,12.83,85,44.6062,120,52.7414,1,11,0.7,-6.9,1.333,0.7434367,0.8790234,11,21,2,24,39,320000
"2019-11-21 02:24:42.02",6349,100643,16.87,12.83,85,44.6052,120,52.7454,1,11,0.7,-6.8,1.085,0.74342,0.87909,11,21,2,24,41,340000
"2019-11-21 02:24:44.16",6350,100644,14.09,12.83,85,44.6045,120,52.7525,1,11,0.7,-6.7,0.907,0.7434083,0.8792083,11,21,2,24,43,480000
"2019-11-21 02:24:46.38",6351,100645,11.81,12.83,85,44.6038,120,52.7586,1,11,0.7,-6.7,0.761,0.7433967,0.8793099,11,21,2,24,45,700000
"2019-11-21 02:24:48.52",6352,100646,14.83,12.83,85,44.6026,120,52.7703,1,11,0.7,-6.6,0.954,0.7433766,0.879505,11,21,2,24,47,840000
"2019-11-21 02:24:51.07",6353,100647,16.53,12.83,85,44.602,120,52.7797,1,11,0.7,-6.6,1.064,0.7433666,0.8796617,11,21,2,24,50,390000
"2019-11-21 02:24:53.7",6354,100648,32.38,12.83,85,44.601,120,52.7929,1,11,0.7,-6.6,2.08,0.74335,0.8798817,11,21,2,24,53,20000
"2019-11-21 02:24:55.96",6355,100649,41.36,12.83,85,44.6004,120,52.8021,1,11,0.7,-6.7,2.655,0.7433399,0.880035,11,21,2,24,55,280000
"2019-11-21 02:24:58.71",6356,100650,15.17,12.83,85,44.5994,120,52.8154,1,11,0.7,-6.6,0.976,0.7433234,0.8802566,11,21,2,24,58,30000
"2019-11-21 02:25:01.12",6357,100651,4.372,12.83,85,44.5991,120,52.8235,1,11,0.7,-6.6,0.284,0.7433183,0.8803917,11,21,2,25,0,440000
"2019-11-21 02:25:03.42",6358,100652,5.395,12.83,85,44.5986,120,52.8396,1,11,0.7,-6.7,0.35,0.74331,0.88066,11,21,2,25,2,740000
"2019-11-21 02:25:05.59",6359,100653,10.79,12.83,85,44.5983,120,52.8531,1,11,0.7,-6.7,0.696,0.743305,0.880885,11,21,2,25,4,910000
"2019-11-21 02:25:08.24",6360,100654,36.64,12.83,85,44.5982,120,52.866,1,11,0.7,-6.7,2.353,0.7433034,0.8811,11,21,2,25,7,560000
"2019-11-21 02:25:12.86",6361,100655,5.679,12.83,85,44.598,120,52.8798,1,11,0.7,-6.8,0.368,0.7433,0.8813299,11,21,2,25,12,180000
"2019-11-21 02:25:15.54",6362,100656,18.01,12.83,85,44.5982,120,52.8845,1,11,0.7,-6.8,1.158,0.7433034,0.8814083,11,21,2,25,14,860000
"2019-11-21 02:25:17.78",6363,100657,6.645,12.83,85,44.5979,120,52.8975,1,11,0.7,-6.8,0.43,0.7432983,0.881625,11,21,2,25,17,100000
"2019-11-21 02:25:20.62",6364,100658,36.53,12.83,85,44.5976,120,52.9197,1,11,0.7,-6.8,2.346,0.7432934,0.881995,11,21,2,25,19,940000
"2019-11-21 02:25:23.34",6365,100659,28.69,12.83,85,44.5978,120,52.9334,1,11,0.7,-6.9,1.843,0.7432967,0.8822233,11,21,2,25,22,660000
"2019-11-21 02:25:26.09",6366,100660,43.86,12.83,85,44.5977,120,52.9564,1,11,0.7,-6.9,2.816,0.743295,0.8826067,11,21,2,25,25,410000
"2019-11-21 02:25:28.62",6367,100661,17.84,12.83,85,44.5979,120,52.9776,1,11,0.7,-6.7,1.147,0.7432983,0.88296,11,21,2,25,27,940000
"2019-11-21 02:25:31.13",6368,100662,5.849,12.83,85,44.598,120,52.9901,1,11,0.7,-6.7,0.379,0.7433,0.8831683,11,21,2,25,30,450000
"2019-11-21 02:25:33.23",6369,100663,6.304,12.82,85,44.5982,120,53.0035,1,11,0.7,-6.6,0.408,0.7433034,0.8833917,11,21,2,25,32,550000
"2019-11-21 02:25:35.64",6370,100664,10.11,12.83,85,44.5984,120,53.0243,1,11,0.7,-6.7,0.652,0.7433067,0.8837383,11,21,2,25,34,960000
"2019-11-21 02:25:37.84",6371,100665,8.01,12.83,85,44.5983,120,53.0403,1,11,0.7,-6.7,0.517,0.743305,0.884005,11,21,2,25,37,160000
"2019-11-21 02:25:39.95",6372,100666,13.86,12.83,85,44.5987,120,53.0545,1,11,0.7,-6.7,0.892,0.7433117,0.8842417,11,21,2,25,39,270000
"2019-11-21 02:25:42.5",6373,100667,32.44,12.82,85,44.5992,120,53.0723,1,11,0.7,-6.8,2.083,0.7433201,0.8845383,11,21,2,25,41,820000
"2019-11-21 02:25:45.22",6374,100668,28.24,12.83,85,44.5995,120,53.084,1,11,0.7,-6.8,1.814,0.743325,0.8847333,11,21,2,25,44,540000
"2019-11-21 02:25:47.75",6375,100669,34.66,12.83,85,44.5999,120,53.1017,1,11,0.7,-6.8,2.226,0.7433317,0.8850283,11,21,2,25,47,70000
"2019-11-21 02:25:50.27",6376,100670,12.67,12.83,85,44.6003,120,53.1117,1,11,0.7,-6.7,0.816,0.7433383,0.885195,11,21,2,25,49,590000
"2019-11-21 02:25:52.82",6377,100671,22.33,12.83,85,44.6006,120,53.1291,1,11,0.7,-6.4,1.435,0.7433434,0.885485,11,21,2,25,52,140000
"2019-11-21 02:25:55.26",6378,100672,24.71,12.82,85,44.6007,120,53.1406,1,11,0.7,-6.4,1.588,0.743345,0.8856766,11,21,2,25,54,580000
"2019-11-21 02:25:58.47",6379,100673,14.77,12.82,85,44.6009,120,53.1638,1,11,0.7,-6.4,0.951,0.7433483,0.8860634,11,21,2,25,57,790000
"2019-11-21 02:26:00.77",6380,100674,25.28,12.82,85,44.601,120,53.1766,1,11,0.7,-6.4,1.625,0.74335,0.8862766,11,21,2,26,0,90000
"2019-11-21 02:26:03.23",6381,100675,21.42,12.82,85,44.601,120,53.1917,1,11,0.7,-6.5,1.377,0.74335,0.8865283,11,21,2,26,2,550000
"2019-11-21 02:26:05.62",6382,100676,21.76,12.82,85,44.6007,120,53.2118,1,11,0.7,-6.6,1.399,0.743345,0.8868634,11,21,2,26,4,940000
"2019-11-21 02:26:08.15",6383,100677,13.92,12.82,85,44.6005,120,53.2256,1,11,0.7,-6.7,0.896,0.7433416,0.8870934,11,21,2,26,7,470000
"2019-11-21 02:26:10.7",6384,100678,12.95,12.82,85,44.6001,120,53.2486,1,11,0.7,-6.7,0.834,0.743335,0.8874767,11,21,2,26,10,20000
"2019-11-21 02:26:13.26",6385,100679,10.57,12.82,85,44.5997,120,53.263,1,11,0.7,-6.7,0.681,0.7433283,0.8877166,11,21,2,26,12,580000
"2019-11-21 02:26:15.64",6386,100680,7.838,12.82,85,44.599,120,53.286,1,11,0.7,-6.7,0.506,0.7433166,0.8881,11,21,2,26,14,960000
"2019-11-21 02:26:18.05",6387,100681,12.55,12.82,85,44.5985,120,53.3004,1,11,0.7,-6.7,0.809,0.7433083,0.88834,11,21,2,26,17,370000
"2019-11-21 02:26:20.38",6388,100682,7.668,12.82,85,44.5979,120,53.3133,1,11,0.7,-6.7,0.495,0.7432983,0.888555,11,21,2,26,19,700000
"2019-11-21 02:26:22.75",6389,100683,10.05,12.82,85,44.597,120,53.3308,1,11,0.7,-6.5,0.648,0.7432834,0.8888466,11,21,2,26,22,70000
"2019-11-21 02:26:25.44",6390,100684,22.44,12.82,85,44.596,120,53.3468,1,11,0.7,-6.5,1.442,0.7432667,0.8891134,11,21,2,26,24,750000
"2019-11-21 02:26:28.24",6391,100685,15.62,12.82,85,44.5954,120,53.3555,1,11,0.7,-6.3,1.005,0.7432567,0.8892583,11,21,2,26,27,560000
"2019-11-21 02:26:30.77",6392,100686,15,12.82,85,44.5946,120,53.3696,1,11,0.7,-6.2,0.965,0.7432434,0.8894933,11,21,2,26,30,90000
"2019-11-21 02:26:33.9",6393,100687,31.31,12.82,85,44.5937,120,53.3801,1,11,0.7,-6.3,2.011,0.7432283,0.8896683,11,21,2,26,33,220000
"2019-11-21 02:26:35.99",6394,100688,21.53,12.82,85,44.5929,120,53.3797,1,11,0.7,-6.4,1.384,0.743215,0.8896617,11,21,2,26,35,310000
"2019-11-21 02:26:38.35",6395,100689,10.62,12.82,85,44.5919,120,53.3833,1,11,0.7,-6.4,0.685,0.7431983,0.8897217,11,21,2,26,37,670000
"2019-11-21 02:26:40.7",6396,100690,13.69,12.82,85,44.5903,120,53.3909,1,11,0.7,-6.4,0.881,0.7431717,0.8898483,11,21,2,26,40,20000
"2019-11-21 02:26:42.98",6397,100691,13.92,12.82,85,44.5893,120,53.3962,1,11,0.7,-6.4,0.896,0.743155,0.8899366,11,21,2,26,42,300000
"2019-11-21 02:26:45.33",6398,100692,22.9,12.82,85,44.5885,120,53.402,1,11,0.7,-6.2,1.472,0.7431417,0.8900334,11,21,2,26,44,650000
"2019-11-21 02:26:47.7",6399,100693,4.372,12.82,85,44.587,120,53.4123,1,11,0.7,-6.1,0.284,0.7431166,0.890205,11,21,2,26,47,20000
"2019-11-21 02:26:50.06",6400,100694,9.09,12.82,85,44.5859,120,53.4185,1,11,0.7,-6.1,0.586,0.7430983,0.8903083,11,21,2,26,49,380000
"2019-11-21 02:26:52.57",6401,100695,8.24,12.82,85,44.5842,120,53.4295,1,11,0.7,-6.2,0.532,0.74307,0.8904917,11,21,2,26,51,890000
"2019-11-21 02:26:55.08",6402,100696,5.282,12.82,85,44.5832,120,53.4361,1,11,0.7,-6.3,0.342,0.7430533,0.8906017,11,21,2,26,54,400000
"2019-11-21 02:26:57.74",6403,100697,13.58,12.82,85,44.5818,120,53.4452,1,11,0.7,-6.2,0.874,0.7430299,0.8907534,11,21,2,26,57,60000
"2019-11-21 02:27:00.24",6404,100698,14.32,12.82,85,44.5808,120,53.4516,1,11,0.7,-6.2,0.922,0.7430134,0.89086,11,21,2,26,59,560000
"2019-11-21 02:27:02.63",6405,100699,13.86,12.82,85,44.5797,120,53.4656,1,11,0.7,-6.2,0.892,0.742995,0.8910933,11,21,2,27,1,950000
"2019-11-21 02:27:05.15",6406,100700,13.92,12.82,85,44.579,120,53.473,1,11,0.7,-6.2,0.896,0.7429833,0.8912166,11,21,2,27,4,470000
"2019-11-21 02:27:07.48",6407,100701,17.78,12.82,85,44.5778,120,53.4852,1,11,0.7,-6.1,1.144,0.7429634,0.89142,11,21,2,27,6,800000
"2019-11-21 02:27:09.75",6408,100702,26.7,12.82,85,44.577,120,53.4921,1,11,0.7,-6.2,1.716,0.74295,0.891535,11,21,2,27,9,70000
"2019-11-21 02:27:12.23",6409,100703,34.26,12.82,85,44.5761,120,53.4974,1,11,0.7,-6.2,2.2,0.742935,0.8916233,11,21,2,27,11,550000
"2019-11-21 02:27:15.09",6410,100704,53.13,12.82,85,44.5747,120,53.5029,1,11,0.7,-6,3.41,0.7429116,0.891715,11,21,2,27,14,410000
"2019-11-21 02:27:18.17",6411,100705,43.24,12.81,85,44.5736,120,53.5046,1,11,0.7,-5.8,2.776,0.7428934,0.8917434,11,21,2,27,17,490000
"2019-11-21 02:27:20.38",6412,100706,23.92,12.81,85,44.5727,120,53.5057,1,11,0.7,-6,1.537,0.7428783,0.8917617,11,21,2,27,19,700000
"2019-11-21 02:27:22.52",6413,100707,25.28,12.81,85,44.571,120,53.5057,1,11,0.7,-6.1,1.625,0.74285,0.8917617,11,21,2,27,21,840000
"2019-11-21 02:27:24.71",6414,100708,21.08,12.82,85,44.5698,120,53.5045,1,11,0.7,-6,1.355,0.74283,0.8917417,11,21,2,27,24,30000
"2019-11-21 02:27:27.25",6415,100709,16.19,12.81,85,44.5687,120,53.5015,1,11,0.7,-6,1.042,0.7428116,0.8916916,11,21,2,27,26,570000
"2019-11-21 02:27:29.4",6416,100710,20.11,12.82,85,44.5675,120,53.5023,1,11,0.7,-6,1.293,0.7427917,0.891705,11,21,2,27,28,710000
"2019-11-21 02:27:31.53",6417,100711,17.95,12.81,85,44.5658,120,53.5036,1,11,0.7,-5.9,1.155,0.7427634,0.8917266,11,21,2,27,30,850000
"2019-11-21 02:27:34",6418,100712,28.69,12.81,85,44.5646,120,53.5023,1,11,0.7,-5.8,1.843,0.7427434,0.891705,11,21,2,27,33,320000
"2019-11-21 02:27:36.39",6419,100713,12.9,12.81,85,44.5636,120,53.5031,1,11,0.7,-5.8,0.831,0.7427266,0.8917183,11,21,2,27,35,700000
"2019-11-21 02:27:38.33",6420,100714,12.5,12.81,85,44.5626,120,53.5031,1,11,0.7,-5.8,0.805,0.74271,0.8917183,11,21,2,27,37,650000
"2019-11-21 02:27:40.47",6421,100715,31.82,12.82,85,44.5609,120,53.5045,1,11,0.7,-5.9,2.044,0.7426817,0.8917417,11,21,2,27,39,790000
"2019-11-21 02:27:43.33",6422,100716,17.73,12.81,85,44.5599,120,53.5054,1,11,0.7,-5.8,1.14,0.742665,0.8917567,11,21,2,27,42,650000
"2019-11-21 02:27:46.3",6423,100717,16.42,12.81,85,44.5581,120,53.5049,1,11,0.7,-5.8,1.056,0.742635,0.8917484,11,21,2,27,45,620000
"2019-11-21 02:27:48.66",6424,100718,8.92,12.82,85,44.5569,120,53.5058,1,11,0.7,-5.7,0.576,0.742615,0.8917634,11,21,2,27,47,980000
"2019-11-21 02:27:51.16",6425,100719,22.67,12.81,85,44.5558,120,53.5065,1,11,0.7,-5.8,1.457,0.7425967,0.891775,11,21,2,27,50,480000
"2019-11-21 02:27:53.72",6426,100720,16.02,12.81,85,44.5541,120,53.507,1,11,0.7,-5.7,1.031,0.7425683,0.8917834,11,21,2,27,53,40000
"2019-11-21 02:27:56.28",6427,100721,17.1,12.81,85,44.5532,120,53.5101,1,11,0.7,-5.6,1.1,0.7425534,0.891835,11,21,2,27,55,600000
"2019-11-21 02:27:58.52",6428,100722,14.26,12.81,85,44.5515,120,53.5125,1,11,0.7,-5.6,0.918,0.742525,0.891875,11,21,2,27,57,840000
"2019-11-21 02:28:01.83",6429,100723,12.33,12.81,85,44.5501,120,53.5204,1,11,0.7,-5.6,0.794,0.7425016,0.8920067,11,21,2,28,1,150000
"2019-11-21 02:28:04.1",6430,100724,10.74,12.81,85,44.5495,120,53.5241,1,11,0.7,-5.6,0.692,0.7424917,0.8920683,11,21,2,28,3,420000
"2019-11-21 02:28:06.48",6431,100725,9.71,12.81,85,44.5483,120,53.5333,1,11,0.7,-5.8,0.627,0.7424717,0.8922216,11,21,2,28,5,800000
"2019-11-21 02:28:09.17",6432,100726,12.39,12.81,85,44.5477,120,53.5428,1,11,0.7,-5.8,0.798,0.7424616,0.89238,11,21,2,28,8,490000
"2019-11-21 02:28:11.31",6433,100727,15.28,12.81,85,44.5471,120,53.553,1,11,0.7,-5.7,0.984,0.7424517,0.8925501,11,21,2,28,10,630000
"2019-11-21 02:28:13.67",6434,100728,14.03,12.81,85,44.5463,120,53.5686,1,11,0.7,-5.8,0.903,0.7424383,0.89281,11,21,2,28,12,990000
"2019-11-21 02:28:16",6435,100729,13.58,12.81,85,44.546,120,53.5796,1,11,0.7,-5.8,0.874,0.7424334,0.8929934,11,21,2,28,15,320000
"2019-11-21 02:28:18.07",6436,100730,14.26,12.81,85,44.5457,120,53.5913,1,11,0.7,-5.7,0.918,0.7424284,0.8931883,11,21,2,28,17,390000
"2019-11-21 02:28:20.35",6437,100731,17.67,12.81,85,44.5452,120,53.6017,1,11,0.7,-5.6,1.137,0.74242,0.8933617,11,21,2,28,19,670000
"2019-11-21 02:28:22.54",6438,100732,15.06,12.81,85,44.5444,120,53.617,1,11,0.7,-5.9,0.969,0.7424066,0.8936166,11,21,2,28,21,860000
"2019-11-21 02:28:24.67",6439,100733,10.17,12.81,85,44.5437,120,53.6272,1,11,0.7,-6.1,0.656,0.742395,0.8937866,11,21,2,28,23,990000
"2019-11-21 02:28:26.8",6440,100734,8.58,12.81,85,44.543,120,53.6384,1,11,0.7,-6.1,0.554,0.7423833,0.8939734,11,21,2,28,26,120000
"2019-11-21 02:28:28.94",6441,100735,9.2,12.81,85,44.5425,120,53.6504,1,11,0.7,-6,0.594,0.742375,0.8941734,11,21,2,28,28,260000
"2019-11-21 02:28:31.35",6442,100736,9.71,12.81,85,44.5418,120,53.6616,1,11,0.7,-5.9,0.627,0.7423634,0.8943599,11,21,2,28,30,670000
"2019-11-21 02:28:33.9",6443,100737,10.51,12.81,85,44.5408,120,53.6757,1,11,0.7,-6,0.678,0.7423466,0.894595,11,21,2,28,33,220000
"2019-11-21 02:28:36.42",6444,100738,13.81,12.81,85,44.5396,120,53.6936,1,11,0.7,-6.1,0.889,0.7423266,0.8948934,11,21,2,28,35,730000
"2019-11-21 02:28:38.73",6445,100739,14.37,12.81,85,44.5392,120,53.7071,1,11,0.7,-6,0.925,0.74232,0.8951183,11,21,2,28,38,50000
"2019-11-21 02:28:41.1",6446,100740,17.56,12.81,85,44.5388,120,53.7216,1,11,0.7,-5.9,1.129,0.7423134,0.89536,11,21,2,28,40,420000
"2019-11-21 02:28:43.43",6447,100741,12.33,12.81,85,44.5387,120,53.7439,1,11,0.7,-5.8,0.794,0.7423117,0.8957317,11,21,2,28,42,750000
"2019-11-21 02:28:45.73",6448,100742,9.94,12.81,85,44.5386,120,53.7597,1,11,0.7,-5.9,0.641,0.74231,0.895995,11,21,2,28,45,50000
"2019-11-21 02:28:48.06",6449,100743,7.441,12.81,85,44.5384,120,53.7753,1,11,0.7,-6,0.481,0.7423066,0.896255,11,21,2,28,47,380000
"2019-11-21 02:28:50.43",6450,100744,8.01,12.81,85,44.5385,120,53.7961,1,11,0.7,-6.2,0.517,0.7423084,0.8966017,11,21,2,28,49,750000
"2019-11-21 02:28:52.79",6451,100745,7.214,12.8,85,44.5385,120,53.8107,1,11,0.7,-6.3,0.466,0.7423084,0.896845,11,21,2,28,52,110000
"2019-11-21 02:28:55.19",6452,100746,8.46,12.81,85,44.5384,120,53.8269,1,11,0.7,-6.3,0.546,0.7423066,0.897115,11,21,2,28,54,510000
"2019-11-21 02:28:57.48",6453,100747,10.51,12.81,85,44.5383,120,53.8488,1,11,0.7,-6.3,0.678,0.742305,0.89748,11,21,2,28,56,800000
"2019-11-21 02:28:59.83",6454,100748,8.24,12.81,85,44.5381,120,53.8642,1,11,0.7,-6.2,0.532,0.7423017,0.8977366,11,21,2,28,59,150000
"2019-11-21 02:29:02.18",6455,100749,9.66,12.8,85,44.538,120,53.8803,1,11,0.7,-6.2,0.623,0.7423,0.898005,11,21,2,29,1,500000
"2019-11-21 02:29:05.39",6456,100750,10.96,12.81,85,44.5382,120,53.9029,1,10,0.8,-6.1,0.707,0.7423033,0.8983817,11,21,2,29,4,710000
