"TOA5","43467","CR800","43467","CR800.Std.32.02","CPU:AWI_V2.1_Katrin.CR8","5929","OperatorView"
"TIMESTAMP","RECORD","Counter","DepthCm","BattVolts","latitude_a","latitude_b","Longitude_a","Longitude_b","fix_quality","nmbr_satellites","HDOP","altitudeB","DepthVolts","LatitudeDDDDD","LongitudeDDDDD","month","dayofmonth","hourofday","minutes","seconds","microseconds"
"TS","RN","","","","degrees","minutes","degrees","minutes","unitless","","","","","","","","","","","",""
"","","Smp","Smp","Smp","Smp","Smp","Smp","Smp","Smp","Smp","Smp","Smp","Smp","Smp","Smp","Smp","Smp","Smp","Smp","Smp","Smp"
"2019-10-23 23:18:24.71",0,100001,15.84,13.58,85,23.4681,129,12.3372,1,11,0.7,-0.8,1.019,0.391135,0.20562,10,23,23,20,8,30000
"2019-10-23 23:20:16.37",1,100002,0.11,13.58,85,23.4688,129,12.3306,1,11,0.7,-1.4,0.011,0.3911466,0.20551,10,23,23,20,15,690000
"2019-10-23 23:20:17.41",2,100003,0.054,13.58,85,23.4688,129,12.3301,1,11,0.7,-1.3,0.007,0.3911466,0.2055017,10,23,23,20,16,730000
"2019-10-23 23:20:18.35",3,100004,0.054,13.58,85,23.4688,129,12.3301,1,11,0.7,-1.3,0.007,0.3911466,0.2055017,10,23,23,20,17,660000
"2019-10-23 23:20:20.4",4,100005,0.054,13.58,85,23.469,129,12.3283,1,11,0.7,-1.4,0.007,0.39115,0.2054717,10,23,23,20,19,710000
"2019-10-23 23:20:26.47",5,100006,120.3,13.58,85,23.4693,129,12.3254,1,11,0.7,-1.4,7.718,0.391155,0.2054233,10,23,23,20,25,790000
"2019-10-23 23:20:27.42",6,100007,120.3,13.57,85,23.4694,129,12.3248,1,11,0.7,-1.4,7.714,0.3911567,0.2054133,10,23,23,20,26,740000
"2019-10-23 23:20:29.06",7,100008,120.2,13.57,85,23.4694,129,12.3243,1,11,0.7,-1.4,7.71,0.3911567,0.205405,10,23,23,20,28,380000
"2019-10-23 23:22:42.04",8,100009,12.21,13.55,85,23.474,129,12.2379,1,11,0.7,-3.2,0.786,0.3912334,0.203965,10,23,23,22,41,360000
"2019-10-23 23:23:09.23",9,100010,9.37,13.55,85,23.4757,129,12.2302,1,11,0.7,-2.9,0.604,0.3912617,0.2038367,10,23,23,23,8,550000
"2019-10-23 23:23:14.45",10,100011,6.073,13.55,85,23.4768,129,12.2332,1,11,0.7,-2.6,0.393,0.39128,0.2038867,10,23,23,23,13,760000
"2019-10-23 23:23:21.6",11,100012,11.75,13.55,85,23.4779,129,12.2369,1,11,0.7,-2.3,0.757,0.3912983,0.2039483,10,23,23,23,20,920000
"2019-10-23 23:23:25.36",12,100013,10.28,13.55,85,23.4797,129,12.2441,1,11,0.7,-2.6,0.663,0.3913283,0.2040683,10,23,23,23,24,680000
"2019-10-23 23:23:28.33",13,100014,12.43,13.55,85,23.4808,129,12.2506,1,11,0.7,-2.6,0.801,0.3913467,0.2041767,10,23,23,23,27,650000
"2019-10-23 23:23:31.36",14,100015,16.86,13.55,85,23.4819,129,12.255,1,11,0.7,-2.7,1.085,0.391365,0.20425,10,23,23,23,30,670000
"2019-10-23 23:23:34.11",15,100016,18.68,13.55,85,23.4825,129,12.2567,1,11,0.7,-2.6,1.201,0.391375,0.2042783,10,23,23,23,33,430000
"2019-10-23 23:23:37.02",16,100017,23.57,13.55,85,23.4832,129,12.2569,1,11,0.7,-2.9,1.514,0.3913866,0.2042817,10,23,23,23,36,340000
"2019-10-23 23:23:40.07",17,100018,26.97,13.55,85,23.4841,129,12.2582,1,11,0.7,-3.1,1.733,0.3914017,0.2043033,10,23,23,23,39,390000
"2019-10-23 23:23:43.67",18,100019,13.06,13.55,85,23.4852,129,12.2624,1,11,0.7,-3.3,0.841,0.39142,0.2043733,10,23,23,23,42,990000
"2019-10-23 23:23:46.78",19,100020,19.36,13.55,85,23.4859,129,12.2617,1,11,0.7,-3.4,1.245,0.3914317,0.2043617,10,23,23,23,46,100000
"2019-10-23 23:23:51.09",20,100021,14.99,13.55,85,23.4873,129,12.2676,1,11,0.7,-3.6,0.965,0.391455,0.20446,10,23,23,23,50,410000
"2019-10-23 23:23:54.82",21,100022,18,13.55,85,23.4887,129,12.2735,1,11,0.7,-3.4,1.158,0.3914784,0.2045583,10,23,23,23,54,140000
"2019-10-23 23:23:58.26",22,100023,21.29,13.55,85,23.4895,129,12.2726,1,11,0.7,-3.6,1.369,0.3914917,0.2045433,10,23,23,23,57,580000
"2019-10-23 23:24:01.62",23,100024,29.7,13.54,85,23.4909,129,12.2786,1,11,0.7,-3.5,1.908,0.391515,0.2046433,10,23,23,24,0,940000
"2019-10-23 23:24:05.17",24,100025,25.5,13.54,85,23.4917,129,12.2793,1,11,0.7,-3.9,1.638,0.3915283,0.204655,10,23,23,24,4,490000
"2019-10-23 23:24:09.01",25,100026,8.35,13.55,85,23.4932,129,12.2842,1,11,0.7,-3.9,0.539,0.3915534,0.2047367,10,23,23,24,8,330000
"2019-10-23 23:24:10.12",26,100027,9.65,13.54,85,23.4935,129,12.2855,1,11,0.7,-3.9,0.623,0.3915583,0.2047583,10,23,23,24,9,440000
"2019-10-23 23:24:12.49",27,100028,9.82,13.54,85,23.4942,129,12.2866,1,11,0.7,-4.1,0.633,0.39157,0.2047767,10,23,23,24,11,810000
"2019-10-23 23:24:15.96",28,100029,10.73,13.54,85,23.4952,129,12.2895,1,11,0.7,-4,0.692,0.3915867,0.204825,10,23,23,24,15,280000
"2019-10-23 23:24:19.71",29,100030,22.54,13.54,85,23.4965,129,12.2934,1,11,0.7,-4.4,1.449,0.3916083,0.20489,10,23,23,24,19,30000
"2019-10-23 23:24:23.07",30,100031,20.04,13.54,85,23.4972,129,12.2957,1,11,0.7,-4.3,1.289,0.39162,0.2049283,10,23,23,24,22,390000
"2019-10-23 23:24:25.95",31,100032,12.78,13.54,85,23.4981,129,12.2983,1,11,0.7,-4.4,0.823,0.391635,0.2049717,10,23,23,24,25,270000
"2019-10-23 23:24:28.91",32,100033,8.57,13.54,85,23.499,129,12.3021,1,11,0.7,-4.6,0.553,0.39165,0.205035,10,23,23,24,28,230000
"2019-10-23 23:24:32.05",33,100034,8.69,13.54,85,23.5,129,12.3048,1,11,0.7,-4.7,0.561,0.3916667,0.20508,10,23,23,24,31,370000
"2019-10-23 23:24:35.48",34,100035,7.266,13.54,85,23.5014,129,12.3085,1,11,0.7,-4.5,0.47,0.39169,0.2051417,10,23,23,24,34,800000
"2019-10-23 23:24:38.98",35,100036,10.45,13.54,85,23.5022,129,12.3118,1,11,0.7,-4.9,0.674,0.3917033,0.2051967,10,23,23,24,38,300000
"2019-10-23 23:24:42.78",36,100037,19.36,13.54,85,23.5036,129,12.3199,1,11,0.7,-5,1.245,0.3917266,0.2053317,10,23,23,24,42,100000
"2019-10-23 23:24:46.98",37,100038,23.68,13.53,85,23.5054,129,12.3226,1,11,0.7,-4.9,1.522,0.3917566,0.2053767,10,23,23,24,46,290000
"2019-10-23 23:24:51.48",38,100039,14.14,13.53,85,23.5069,129,12.3282,1,11,0.7,-5,0.91,0.3917817,0.20547,10,23,23,24,50,800000
"2019-10-23 23:24:55.32",39,100040,14.54,13.53,85,23.5075,129,12.3322,1,11,0.7,-5.2,0.936,0.3917917,0.2055367,10,23,23,24,54,640000
"2019-10-23 23:24:58.84",40,100041,18.23,13.53,85,23.509,129,12.3389,1,11,0.7,-5.3,1.172,0.3918167,0.2056483,10,23,23,24,58,160000
"2019-10-23 23:25:03.02",41,100042,19.76,13.53,85,23.5105,129,12.3424,1,10,0.8,-5,1.271,0.3918417,0.2057067,10,23,23,25,2,340000
"2019-10-23 23:25:07.86",42,100043,22.32,13.54,85,23.5124,129,12.3453,1,10,0.8,-4.6,1.434,0.3918733,0.205755,10,23,23,25,7,180000
"2019-10-23 23:25:12.26",43,100044,17.89,13.53,85,23.5133,129,12.3494,1,11,0.7,-4.7,1.15,0.3918883,0.2058233,10,23,23,25,11,580000
"2019-10-23 23:25:16.71",44,100045,17.32,13.53,85,23.5141,129,12.3587,1,11,0.7,-5.2,1.114,0.3919016,0.2059783,10,23,23,25,16,30000
"2019-10-23 23:25:22.29",45,100046,18.51,13.53,85,23.5153,129,12.3629,1,11,0.7,-5.7,1.191,0.3919217,0.2060483,10,23,23,25,21,610000
"2019-10-23 23:25:28.81",46,100047,20.5,13.53,85,23.5173,129,12.3679,1,11,0.7,-6,1.318,0.391955,0.2061317,10,23,23,25,28,130000
"2019-10-23 23:25:33.94",47,100048,26.98,13.53,85,23.519,129,12.3725,1,11,0.7,-6.2,1.733,0.3919833,0.2062083,10,23,23,25,33,260000
"2019-10-23 23:25:38.36",48,100049,20.05,13.53,85,23.5207,129,12.3773,1,11,0.7,-6.5,1.289,0.3920117,0.2062883,10,23,23,25,37,680000
"2019-10-23 23:25:41.72",49,100050,29.36,13.53,85,23.5213,129,12.3785,1,11,0.7,-6.6,1.886,0.3920216,0.2063083,10,23,23,25,41,40000
"2019-10-23 23:25:44.81",50,100051,34.59,13.53,85,23.5218,129,12.382,1,11,0.7,-6.6,2.221,0.39203,0.2063667,10,23,23,25,44,130000
"2019-10-23 23:25:48.34",51,100052,17.32,13.53,85,23.5221,129,12.3806,1,11,0.7,-6.8,1.114,0.392035,0.2063433,10,23,23,25,47,650000
"2019-10-23 23:25:51.89",52,100053,35.5,13.52,85,23.5232,129,12.3819,1,11,0.7,-7,2.279,0.3920533,0.206365,10,23,23,25,51,210000
"2019-10-23 23:25:55.13",53,100054,33.56,13.53,85,23.5249,129,12.3813,1,11,0.7,-6.8,2.155,0.3920817,0.206355,10,23,23,25,54,440000
"2019-10-23 23:25:59.81",54,100055,24.31,13.53,85,23.5269,129,12.3817,1,11,0.7,-6.1,1.562,0.392115,0.2063617,10,23,23,25,59,130000
"2019-10-23 23:26:03.52",55,100056,18.74,13.52,85,23.5279,129,12.3818,1,11,0.7,-5.8,1.205,0.3921317,0.2063633,10,23,23,26,2,840000
"2019-10-23 23:26:07.15",56,100057,14.25,13.52,85,23.5284,129,12.3825,1,11,0.7,-5.8,0.918,0.39214,0.206375,10,23,23,26,6,470000
"2019-10-23 23:26:11.89",57,100058,20.1,13.52,85,23.5295,129,12.388,1,11,0.7,-6.2,1.293,0.3921583,0.2064667,10,23,23,26,11,210000
"2019-10-23 23:26:17.81",58,100059,21.86,13.52,85,23.531,129,12.3886,1,11,0.7,-5.4,1.405,0.3921833,0.2064767,10,23,23,26,17,130000
"2019-10-23 23:26:21.41",59,100060,21.41,13.52,85,23.532,129,12.392,1,11,0.7,-5.5,1.376,0.3922,0.2065333,10,23,23,26,20,730000
"2019-10-23 23:26:25.36",60,100061,20.62,13.52,85,23.5332,129,12.3968,1,11,0.7,-5.7,1.325,0.39222,0.2066133,10,23,23,26,24,680000
"2019-10-23 23:26:30.11",61,100062,22.89,13.52,85,23.5343,129,12.3998,1,11,0.7,-5.7,1.471,0.3922383,0.2066633,10,23,23,26,29,430000
"2019-10-23 23:26:34.04",62,100063,19.93,13.52,85,23.5355,129,12.4051,1,11,0.7,-5.8,1.282,0.3922583,0.2067517,10,23,23,26,33,360000
"2019-10-23 23:26:36.68",63,100064,0.11,13.52,85,23.5362,129,12.409,1,11,0.7,-5.9,0.011,0.39227,0.2068167,10,23,23,26,36,0
"2019-10-23 23:26:38.93",64,100065,9.14,13.52,85,23.537,129,12.4108,1,11,0.7,-5.8,0.59,0.3922834,0.2068467,10,23,23,26,38,250000
"2019-10-23 23:26:43.82",65,100066,11.98,13.52,85,23.5385,129,12.4126,1,11,0.7,-5.8,0.772,0.3923083,0.2068767,10,23,23,26,43,140000
"2019-10-23 23:26:46.91",66,100067,24.48,13.52,85,23.5393,129,12.4143,1,11,0.7,-5.8,1.573,0.3923217,0.206905,10,23,23,26,46,230000
"2019-10-23 23:26:49.82",67,100068,9.48,13.52,85,23.5401,129,12.4145,1,11,0.7,-5.5,0.612,0.392335,0.2069083,10,23,23,26,49,140000
"2019-10-23 23:26:54.19",68,100069,8.01,13.52,85,23.541,129,12.4185,1,11,0.7,-5.6,0.517,0.39235,0.206975,10,23,23,26,53,510000
"2019-10-23 23:26:57.87",69,100070,7.665,13.52,85,23.5428,129,12.4238,1,11,0.7,-5.6,0.495,0.39238,0.2070633,10,23,23,26,57,190000
"2019-10-23 23:27:01.75",70,100071,11.87,13.51,85,23.5442,129,12.428,1,11,0.7,-5.7,0.765,0.3924033,0.2071333,10,23,23,27,1,70000
"2019-10-23 23:27:06.09",71,100072,9.48,13.51,85,23.5456,129,12.4334,1,11,0.7,-5.5,0.612,0.3924267,0.2072233,10,23,23,27,5,410000
"2019-10-23 23:27:09.94",72,100073,11.64,13.51,85,23.547,129,12.4394,1,11,0.7,-5.5,0.75,0.39245,0.2073233,10,23,23,27,9,260000
"2019-10-23 23:27:15.28",73,100074,9.2,13.51,85,23.548,129,12.4388,1,11,0.7,-5.6,0.594,0.3924667,0.2073133,10,23,23,27,14,590000
"2019-10-23 23:27:21.49",74,100075,17.09,13.51,85,23.5501,129,12.449,1,11,0.7,-5.6,1.1,0.3925017,0.2074833,10,23,23,27,20,810000
"2019-10-23 23:27:26.09",75,100076,24.82,13.51,85,23.5512,129,12.4523,1,11,0.7,-5.7,1.595,0.39252,0.2075383,10,23,23,27,25,410000
"2019-10-23 23:27:29.24",76,100077,15.28,13.51,85,23.5519,129,12.4537,1,11,0.7,-5.7,0.983,0.3925317,0.2075617,10,23,23,27,28,560000
"2019-10-23 23:27:32.84",77,100078,16.58,13.51,85,23.5533,129,12.457,1,11,0.7,-5.7,1.067,0.392555,0.2076167,10,23,23,27,32,160000
"2019-10-23 23:27:37.23",78,100079,17.21,13.51,85,23.555,129,12.4639,1,11,0.7,-5.7,1.107,0.3925834,0.2077317,10,23,23,27,36,550000
"2019-10-23 23:27:40.89",79,100080,18.06,13.51,85,23.5566,129,12.4703,1,11,0.7,-5.9,1.162,0.39261,0.2078383,10,23,23,27,40,210000
"2019-10-23 23:27:44.39",80,100081,23.57,13.51,85,23.5583,129,12.4764,1,11,0.7,-5.8,1.515,0.3926383,0.20794,10,23,23,27,43,710000
"2019-10-23 23:27:47.17",81,100082,11.3,13.51,85,23.5589,129,12.4774,1,11,0.7,-5.8,0.728,0.3926483,0.2079567,10,23,23,27,46,490000
"2019-10-23 23:27:50.15",82,100083,11.41,13.51,85,23.5599,129,12.4794,1,11,0.7,-5.8,0.736,0.392665,0.20799,10,23,23,27,49,460000
"2019-10-23 23:27:53.49",83,100084,11.98,13.51,85,23.5614,129,12.4842,1,11,0.7,-6,0.772,0.39269,0.20807,10,23,23,27,52,810000
"2019-10-23 23:27:56.92",84,100085,9.37,13.51,85,23.5624,129,12.4869,1,11,0.7,-6.1,0.604,0.3927067,0.208115,10,23,23,27,56,240000
"2019-10-23 23:27:59.87",85,100086,12.32,13.51,85,23.5633,129,12.4914,1,11,0.7,-6.2,0.794,0.3927216,0.20819,10,23,23,27,59,190000
"2019-10-23 23:28:02.88",86,100087,9.6,13.51,85,23.5646,129,12.4949,1,11,0.7,-6.2,0.619,0.3927433,0.2082483,10,23,23,28,2,200000
"2019-10-23 23:28:05.42",87,100088,8.92,13.51,85,23.5659,129,12.4997,1,11,0.7,-6.2,0.575,0.392765,0.2083283,10,23,23,28,4,740000
"2019-10-23 23:28:09.16",88,100089,11.3,13.51,85,23.5668,129,12.5025,1,11,0.7,-6.2,0.728,0.39278,0.208375,10,23,23,28,8,480000
"2019-10-23 23:28:16.97",89,100090,8.29,13.5,85,23.5681,129,12.5029,1,11,0.7,-6,0.535,0.3928017,0.2083817,10,23,23,28,16,290000
"2019-10-23 23:28:20.88",90,100091,7.552,13.51,85,23.5694,129,12.5057,1,11,0.7,-5.9,0.488,0.3928233,0.2084283,10,23,23,28,20,200000
"2019-10-23 23:28:26.63",91,100092,10.39,13.5,85,23.5716,129,12.5132,1,11,0.7,-5.8,0.67,0.39286,0.2085533,10,23,23,28,25,950000
"2019-10-23 23:28:31.15",92,100093,17.1,13.5,85,23.573,129,12.5173,1,11,0.7,-5.8,1.1,0.3928833,0.2086217,10,23,23,28,30,470000
"2019-10-23 23:28:35.83",93,100094,18.8,13.5,85,23.575,129,12.5232,1,11,0.7,-5.5,1.209,0.3929167,0.20872,10,23,23,28,35,150000
"2019-10-23 23:28:40.9",94,100095,13.23,13.5,85,23.577,129,12.5293,1,11,0.7,-5.5,0.852,0.39295,0.2088217,10,23,23,28,40,220000
"2019-10-23 23:28:44.63",95,100096,11.3,13.5,85,23.5788,129,12.5327,1,11,0.7,-5.6,0.728,0.39298,0.2088783,10,23,23,28,43,950000
"2019-10-23 23:28:48.18",96,100097,10.51,13.5,85,23.5801,129,12.5374,1,11,0.7,-5.5,0.677,0.3930016,0.2089567,10,23,23,28,47,500000
"2019-10-23 23:28:52.26",97,100098,12.32,13.5,85,23.5817,129,12.5448,1,11,0.7,-5.6,0.794,0.3930283,0.20908,10,23,23,28,51,580000
"2019-10-23 23:28:57.1",98,100099,12.1,13.5,85,23.5837,129,12.553,1,11,0.7,-5.4,0.779,0.3930617,0.2092167,10,23,23,28,56,420000
"2019-10-23 23:29:02.54",99,100100,9.6,13.5,85,23.5862,129,12.5621,1,11,0.7,-5.3,0.619,0.3931033,0.2093683,10,23,23,29,1,860000
"2019-10-23 23:29:07.43",100,100101,10.28,13.5,85,23.5882,129,12.569,1,11,0.7,-5.3,0.663,0.3931366,0.2094833,10,23,23,29,6,750000
"2019-10-23 23:29:11.44",101,100102,11.07,13.5,85,23.5897,129,12.5776,1,11,0.7,-5.4,0.714,0.3931617,0.2096267,10,23,23,29,10,750000
"2019-10-23 23:29:16.87",102,100103,8.23,13.5,85,23.5915,129,12.5874,1,11,0.7,-5.3,0.532,0.3931917,0.20979,10,23,23,29,16,190000
"2019-10-23 23:29:20.71",103,100104,8.46,13.5,85,23.5931,129,12.5956,1,11,0.7,-5.2,0.546,0.3932183,0.2099267,10,23,23,29,20,30000
"2019-10-23 23:29:24.94",104,100105,9.65,13.5,85,23.5947,129,12.6028,1,11,0.7,-5.3,0.623,0.393245,0.2100467,10,23,23,29,24,260000
"2019-10-23 23:29:28.32",105,100106,11.59,13.49,85,23.5962,129,12.6102,1,11,0.7,-5.3,0.746,0.39327,0.21017,10,23,23,29,27,640000
"2019-10-23 23:29:31.33",106,100107,11.47,13.5,85,23.5976,129,12.6169,1,11,0.7,-5.3,0.739,0.3932934,0.2102817,10,23,23,29,30,650000
"2019-10-23 23:29:35.71",107,100108,20.62,13.49,85,23.5991,129,12.6258,1,11,0.7,-5.2,1.325,0.3933183,0.21043,10,23,23,29,35,30000
"2019-10-23 23:29:39.97",108,100109,16.02,13.49,85,23.6003,129,12.6305,1,11,0.7,-5.3,1.031,0.3933383,0.2105083,10,23,23,29,39,290000
"2019-10-23 23:29:44.34",109,100110,19.03,13.5,85,23.6021,129,12.6401,1,11,0.7,-5.3,1.224,0.3933683,0.2106683,10,23,23,29,43,660000
"2019-10-23 23:29:47.67",110,100111,11.87,13.49,85,23.6028,129,12.6447,1,11,0.7,-5.3,0.765,0.39338,0.210745,10,23,23,29,46,990000
"2019-10-23 23:29:51.15",111,100112,15.85,13.49,85,23.6038,129,12.6511,1,11,0.7,-5.2,1.02,0.3933967,0.2108517,10,23,23,29,50,470000
"2019-10-23 23:29:55.59",112,100113,20.84,13.49,85,23.6054,129,12.6556,1,11,0.7,-5.2,1.34,0.3934234,0.2109267,10,23,23,29,54,910000
"2019-10-23 23:29:58.69",113,100114,15.62,13.49,85,23.6066,129,12.6608,1,11,0.7,-5.3,1.005,0.3934433,0.2110133,10,23,23,29,58,10000
"2019-10-23 23:30:02.14",114,100115,21.53,13.49,85,23.6078,129,12.6675,1,11,0.7,-5.3,1.384,0.3934633,0.211125,10,23,23,30,1,460000
"2019-10-23 23:30:05.8",115,100116,19.37,13.49,85,23.6093,129,12.6749,1,11,0.7,-5.3,1.245,0.3934884,0.2112483,10,23,23,30,5,120000
"2019-10-23 23:30:08.86",116,100117,21.87,13.49,85,23.6104,129,12.6794,1,11,0.7,-5.3,1.406,0.3935066,0.2113233,10,23,23,30,8,180000
"2019-10-23 23:30:12.66",117,100118,18.23,13.49,85,23.6119,129,12.6892,1,11,0.7,-5.3,1.173,0.3935317,0.2114867,10,23,23,30,11,980000
"2019-10-23 23:30:16.05",118,100119,25.96,13.49,85,23.6127,129,12.6937,1,11,0.7,-5.3,1.668,0.393545,0.2115617,10,23,23,30,15,370000
"2019-10-23 23:30:19.66",119,100120,27.78,13.49,85,23.614,129,12.7006,1,11,0.7,-5.2,1.784,0.3935667,0.2116767,10,23,23,30,18,980000
"2019-10-23 23:30:23.96",120,100121,20.16,13.49,85,23.615,129,12.7078,1,11,0.7,-5.2,1.296,0.3935833,0.2117967,10,23,23,30,23,280000
"2019-10-23 23:30:28.6",121,100122,17.38,13.49,85,23.616,129,12.7133,1,11,0.7,-5,1.118,0.3936,0.2118883,10,23,23,30,27,920000
"2019-10-23 23:30:31.79",122,100123,22.32,13.49,85,23.6169,129,12.7178,1,11,0.7,-4.9,1.435,0.393615,0.2119633,10,23,23,30,31,110000
"2019-10-23 23:30:35.62",123,100124,35.96,13.49,85,23.6181,129,12.7231,1,11,0.7,-4.9,2.309,0.393635,0.2120517,10,23,23,30,34,940000
"2019-10-23 23:30:39.68",124,100125,22.32,13.49,85,23.6194,129,12.7304,1,11,0.7,-5,1.435,0.3936567,0.2121733,10,23,23,30,39,0
"2019-10-23 23:30:43.95",125,100126,16.36,13.48,85,23.6206,129,12.7353,1,11,0.7,-5,1.052,0.3936767,0.212255,10,23,23,30,43,270000
"2019-10-23 23:30:48.91",126,100127,11.76,13.49,85,23.6221,129,12.7412,1,11,0.7,-5,0.757,0.3937017,0.2123533,10,23,23,30,48,230000
"2019-10-23 23:30:52.35",127,100128,0.054,13.49,85,23.6235,129,12.7474,1,11,0.7,-5.1,0.007,0.393725,0.2124567,10,23,23,30,51,660000
"2019-10-23 23:30:53.79",128,100129,19.37,13.48,85,23.6239,129,12.7474,1,11,0.7,-5.1,1.245,0.3937316,0.2124567,10,23,23,30,53,110000
"2019-10-23 23:33:37.01",129,100130,18.4,13.46,85,23.6327,129,12.6576,1,11,0.7,-4,1.184,0.3938784,0.21096,10,23,23,33,36,330000
"2019-10-23 23:33:49.5",130,100131,23.8,13.46,85,23.6353,129,12.6681,1,11,0.7,-4.2,1.529,0.3939217,0.211135,10,23,23,33,48,820000
"2019-10-23 23:33:52.25",131,100132,9.94,13.46,85,23.6354,129,12.6635,1,11,0.7,-4.2,0.641,0.3939234,0.2110583,10,23,23,33,51,570000
"2019-10-23 23:33:58.03",132,100133,8.57,13.46,85,23.6356,129,12.6724,1,11,0.7,-4.5,0.554,0.3939266,0.2112067,10,23,23,33,57,340000
"2019-10-23 23:34:01.38",133,100134,34.48,13.46,85,23.6364,129,12.6797,1,11,0.7,-4.4,2.214,0.39394,0.2113283,10,23,23,34,0,700000
"2019-10-23 23:34:04.87",134,100135,23.91,13.46,85,23.6369,129,12.6846,1,11,0.7,-4.6,1.537,0.3939484,0.21141,10,23,23,34,4,190000
"2019-10-23 23:34:09.06",135,100136,24.65,13.46,85,23.6379,129,12.6907,1,11,0.7,-4.5,1.584,0.393965,0.2115117,10,23,23,34,8,380000
"2019-10-23 23:34:12.15",136,100137,29.37,13.46,85,23.6391,129,12.6966,1,11,0.7,-4.6,1.886,0.393985,0.21161,10,23,23,34,11,470000
"2019-10-23 23:34:15.26",137,100138,15.85,13.46,85,23.6402,129,12.7023,1,11,0.7,-4.8,1.02,0.3940033,0.211705,10,23,23,34,14,580000
"2019-10-23 23:34:18.4",138,100139,18.01,13.46,85,23.6416,129,12.7094,1,11,0.7,-4.7,1.158,0.3940267,0.2118233,10,23,23,34,17,720000
"2019-10-23 23:34:21.73",139,100140,13.46,13.46,85,23.6425,129,12.7149,1,11,0.7,-4.6,0.867,0.3940416,0.211915,10,23,23,34,21,50000
"2019-10-23 23:34:25.64",140,100141,39.37,13.46,85,23.6439,129,12.7212,1,11,0.7,-4.8,2.527,0.394065,0.21202,10,23,23,34,24,960000
"2019-10-23 23:34:28.72",141,100142,20.73,13.46,85,23.6443,129,12.7242,1,11,0.7,-4.9,1.333,0.3940717,0.21207,10,23,23,34,28,40000
"2019-10-23 23:34:32.32",142,100143,17.83,13.46,85,23.6454,129,12.7324,1,11,0.7,-4.8,1.147,0.39409,0.2122067,10,23,23,34,31,640000
"2019-10-23 23:34:35.56",143,100144,35.05,13.46,85,23.6463,129,12.7371,1,11,0.7,-4.8,2.251,0.394105,0.212285,10,23,23,34,34,880000
"2019-10-23 23:34:38.81",144,100145,19.37,13.45,85,23.6472,129,12.742,1,11,0.7,-4.9,1.245,0.39412,0.2123667,10,23,23,34,38,130000
"2019-10-23 23:34:41.73",145,100146,0.11,13.45,85,23.648,129,12.7454,1,11,0.7,-4.9,0.011,0.3941334,0.2124233,10,23,23,34,41,40000
"2019-10-23 23:34:44.94",146,100147,16.53,13.45,85,23.6489,129,12.7519,1,10,0.8,-4.8,1.063,0.3941483,0.2125317,10,23,23,34,44,260000
"2019-10-23 23:34:52.36",147,100148,18.4,13.45,85,23.6499,129,12.7565,1,10,0.8,-4.7,1.184,0.394165,0.2126083,10,23,23,34,51,680000
"2019-10-23 23:34:55.42",148,100149,16.98,13.45,85,23.6503,129,12.7602,1,10,0.8,-4.6,1.092,0.3941716,0.21267,10,23,23,34,54,740000
"2019-10-23 23:34:58.67",149,100150,14.03,13.45,85,23.651,129,12.7675,1,10,0.8,-4.6,0.903,0.3941833,0.2127917,10,23,23,34,57,990000
"2019-10-23 23:35:01.83",150,100151,16.19,13.45,85,23.652,129,12.7717,1,10,0.8,-4.6,1.042,0.3942,0.2128617,10,23,23,35,1,150000
"2019-10-23 23:35:05.68",151,100152,22.89,13.45,85,23.6528,129,12.7772,1,10,0.8,-4.6,1.471,0.3942133,0.2129533,10,23,23,35,5,0
"2019-10-23 23:35:08.81",152,100153,14.48,13.45,85,23.6536,129,12.7824,1,10,0.8,-4.6,0.932,0.3942267,0.21304,10,23,23,35,8,130000
"2019-10-23 23:35:11.88",153,100154,13.23,13.45,85,23.6545,129,12.7882,1,10,0.8,-4.6,0.852,0.3942417,0.2131367,10,23,23,35,11,200000
"2019-10-23 23:35:14.96",154,100155,25.73,13.44,85,23.6555,129,12.7962,1,10,0.8,-4.6,1.653,0.3942584,0.21327,10,23,23,35,14,270000
"2019-10-23 23:35:17.83",155,100156,19.03,13.44,85,23.6565,129,12.8038,1,10,0.8,-4.7,1.224,0.394275,0.2133967,10,23,23,35,17,150000
"2019-10-23 23:35:21.69",156,100157,51.86,13.44,85,23.6577,129,12.8136,1,10,0.8,-4.8,3.328,0.394295,0.21356,10,23,23,35,21,0
"2019-10-23 23:35:25.02",157,100158,27.32,13.44,85,23.6583,129,12.8171,1,10,0.8,-4.7,1.755,0.394305,0.2136183,10,23,23,35,24,340000
"2019-10-23 23:35:29.25",158,100159,15.39,13.44,85,23.6592,129,12.822,1,10,0.8,-4.6,0.991,0.39432,0.2137,10,23,23,35,28,570000
"2019-10-23 23:35:33.2",159,100160,31.07,13.44,85,23.66,129,12.8267,1,10,0.8,-4.5,1.996,0.3943333,0.2137783,10,23,23,35,32,520000
"2019-10-23 23:35:36.25",160,100161,21.07,13.44,85,23.6606,129,12.8305,1,10,0.8,-4.5,1.355,0.3943434,0.2138417,10,23,23,35,35,570000
"2019-10-23 23:35:41.87",161,100162,17.21,13.44,85,23.6623,129,12.8417,1,10,0.8,-4.7,1.107,0.3943716,0.2140283,10,23,23,35,41,190000
"2019-10-23 23:35:44.62",162,100163,14.09,13.44,85,23.6627,129,12.8421,1,10,0.8,-4.6,0.907,0.3943783,0.214035,10,23,23,35,43,940000
"2019-10-23 23:35:47.47",163,100164,17.55,13.44,85,23.6637,129,12.8466,1,10,0.8,-4.5,1.129,0.394395,0.21411,10,23,23,35,46,790000
"2019-10-23 23:35:51.2",164,100165,22.66,13.44,85,23.6646,129,12.8503,1,10,0.8,-4.6,1.457,0.39441,0.2141717,10,23,23,35,50,510000
"2019-10-23 23:35:53.71",165,100166,17.1,13.44,85,23.6655,129,12.8586,1,10,0.8,-4.6,1.1,0.394425,0.21431,10,23,23,35,53,30000
"2019-10-23 23:35:57.28",166,100167,15.28,13.44,85,23.6664,129,12.8657,1,10,0.8,-4.7,0.983,0.39444,0.2144283,10,23,23,35,56,600000
"2019-10-23 23:36:00.8",167,100168,14.48,13.44,85,23.6673,129,12.8723,1,10,0.8,-4.7,0.932,0.394455,0.2145383,10,23,23,36,0,120000
"2019-10-23 23:36:03.08",168,100169,22.89,13.44,85,23.668,129,12.8771,1,10,0.8,-4.7,1.471,0.3944667,0.2146183,10,23,23,36,2,400000
"2019-10-23 23:36:05.82",169,100170,14.82,13.44,85,23.6691,129,12.8861,1,10,0.8,-4.9,0.954,0.394485,0.2147683,10,23,23,36,5,140000
"2019-10-23 23:36:08.47",170,100171,15.28,13.44,85,23.67,129,12.8939,1,10,0.8,-5,0.983,0.3945,0.2148983,10,23,23,36,7,780000
"2019-10-23 23:36:11.53",171,100172,9.6,13.44,85,23.6709,129,12.9005,1,10,0.8,-5,0.619,0.394515,0.2150083,10,23,23,36,10,850000
"2019-10-23 23:36:14.47",172,100173,15.96,13.44,85,23.6718,129,12.9067,1,10,0.8,-5.1,1.027,0.39453,0.2151117,10,23,23,36,13,790000
"2019-10-23 23:36:17.05",173,100174,16.3,13.43,85,23.6724,129,12.9099,1,10,0.8,-5.1,1.049,0.39454,0.215165,10,23,23,36,16,370000
"2019-10-23 23:36:19.68",174,100175,22.78,13.43,85,23.6734,129,12.9162,1,10,0.8,-5.1,1.464,0.3945567,0.21527,10,23,23,36,19,0
"2019-10-23 23:36:22.6",175,100176,14.03,13.44,85,23.6744,129,12.9238,1,10,0.8,-5.2,0.903,0.3945733,0.2153967,10,23,23,36,21,920000
"2019-10-23 23:36:25.31",176,100177,13.69,13.44,85,23.6754,129,12.9298,1,10,0.8,-5.2,0.881,0.39459,0.2154967,10,23,23,36,24,630000
"2019-10-23 23:36:28.1",177,100178,16.41,13.43,85,23.676,129,12.9341,1,10,0.8,-5.3,1.056,0.3946,0.2155683,10,23,23,36,27,420000
"2019-10-23 23:36:30.97",178,100179,14.99,13.44,85,23.677,129,12.9423,1,10,0.8,-5.1,0.965,0.3946167,0.215705,10,23,23,36,30,290000
"2019-10-23 23:36:34.78",179,100180,43,13.43,85,23.6783,129,12.9505,1,10,0.8,-5.1,2.76,0.3946384,0.2158417,10,23,23,36,34,90000
"2019-10-23 23:36:37.22",180,100181,24.71,13.43,85,23.6788,129,12.9515,1,10,0.8,-5.1,1.588,0.3946467,0.2158583,10,23,23,36,36,540000
"2019-10-23 23:36:39.92",181,100182,13.52,13.43,85,23.6795,129,12.9575,1,10,0.8,-5.1,0.87,0.3946584,0.2159583,10,23,23,36,39,240000
"2019-10-23 23:36:42.76",182,100183,33.69,13.43,85,23.6803,129,12.9626,1,10,0.8,-5.1,2.163,0.3946716,0.2160433,10,23,23,36,42,80000
"2019-10-23 23:36:45.19",183,100184,40.73,13.43,85,23.6809,129,12.9681,1,10,0.8,-5.3,2.615,0.3946817,0.216135,10,23,23,36,44,500000
"2019-10-23 23:36:48.22",184,100185,20.68,13.43,85,23.6816,129,12.975,1,10,0.8,-5.3,1.329,0.3946934,0.21625,10,23,23,36,47,540000
"2019-10-23 23:36:50.35",185,100186,32.32,13.43,85,23.6823,129,12.9818,1,10,0.8,-5.1,2.076,0.394705,0.2163633,10,23,23,36,49,670000
"2019-10-23 23:38:07.17",186,100187,18.23,13.42,85,23.6869,129,12.9499,1,10,0.8,-4.8,1.173,0.3947816,0.2158317,10,23,23,38,6,490000
"2019-10-23 23:38:11.71",187,100188,18.23,13.42,85,23.6872,129,12.9468,1,10,0.8,-4.7,1.173,0.3947867,0.21578,10,23,23,38,11,30000
"2019-10-23 23:38:12.67",188,100189,18.23,13.42,85,23.6873,129,12.9462,1,10,0.8,-4.7,1.173,0.3947883,0.21577,10,23,23,38,11,990000
"2019-10-23 23:41:41.48",189,100190,19.88,13.4,85,23.6985,129,12.8158,1,10,0.8,-2.5,1.278,0.394975,0.2135967,10,23,23,41,40,800000
"2019-10-23 23:42:06.02",190,100191,14.94,13.39,85,23.699,129,12.8025,1,10,0.8,-3,0.961,0.3949833,0.213375,10,23,23,42,5,330000
"2019-10-23 23:42:35.18",191,100192,10.73,13.39,85,23.6998,129,12.7434,1,10,0.8,-3.7,0.692,0.3949967,0.21239,10,23,23,42,34,500000
"2019-10-23 23:42:38.2",192,100193,12.21,13.39,85,23.7002,129,12.7337,1,10,0.8,-3.8,0.787,0.3950033,0.2122283,10,23,23,42,37,520000
"2019-10-23 23:42:40.93",193,100194,25.79,13.39,85,23.7012,129,12.7221,1,10,0.8,-3.9,1.657,0.39502,0.212035,10,23,23,42,40,250000
"2019-10-23 23:42:44.43",194,100195,44.37,13.38,85,23.7024,129,12.7075,1,10,0.8,-4,2.848,0.39504,0.2117917,10,23,23,42,43,750000
"2019-10-23 23:42:47.49",195,100196,38.57,13.39,85,23.7031,129,12.6976,1,10,0.8,-4.3,2.476,0.3950516,0.2116267,10,23,23,42,46,810000
"2019-10-23 23:42:57.01",196,100197,38.8,13.38,85,23.7043,129,12.6842,1,10,0.8,-4.3,2.491,0.3950716,0.2114033,10,23,23,42,56,330000
"2019-10-23 23:43:01.17",197,100198,42.89,13.38,85,23.7052,129,12.6786,1,10,0.8,-4.6,2.753,0.3950867,0.21131,10,23,23,43,0,490000
"2019-10-23 23:44:31.45",198,100199,40.96,13.37,85,23.7104,129,12.6239,1,10,0.8,-3.3,2.629,0.3951734,0.2103983,10,23,23,44,30,770000
"2019-10-23 23:44:34.65",199,100200,34.71,13.37,85,23.7115,129,12.6172,1,10,0.8,-3.7,2.229,0.3951917,0.2102867,10,23,23,44,33,960000
"2019-10-23 23:44:37.17",200,100201,39.25,13.37,85,23.7124,129,12.606,1,10,0.8,-4,2.52,0.3952067,0.2101,10,23,23,44,36,480000
"2019-10-23 23:44:40.16",201,100202,43.74,13.37,85,23.7135,129,12.5917,1,10,0.8,-4.5,2.808,0.395225,0.2098617,10,23,23,44,39,480000
"2019-10-23 23:44:42.66",202,100203,44.82,13.37,85,23.7144,129,12.5775,1,10,0.8,-5,2.877,0.39524,0.209625,10,23,23,44,41,980000
"2019-10-23 23:44:46.9",203,100204,15.05,13.37,85,23.7152,129,12.5618,1,10,0.8,-5.5,0.969,0.3952533,0.2093633,10,23,23,44,46,220000
"2019-10-23 23:44:52.21",204,100205,8.12,13.37,85,23.716,129,12.5435,1,10,0.8,-6.2,0.524,0.3952666,0.2090583,10,23,23,44,51,530000
"2019-10-23 23:44:58.26",205,100206,12.5,13.37,85,23.7166,129,12.5249,1,10,0.8,-6.6,0.805,0.3952767,0.2087483,10,23,23,44,57,580000
"2019-10-23 23:45:01.37",206,100207,14.82,13.37,85,23.7169,129,12.5099,1,10,0.8,-6.9,0.954,0.3952817,0.2084983,10,23,23,45,0,690000
"2019-10-23 23:45:04.77",207,100208,12.84,13.37,85,23.7172,129,12.4965,1,10,0.8,-7.2,0.827,0.3952866,0.208275,10,23,23,45,4,90000
"2019-10-23 23:45:10.42",208,100209,24.71,13.37,85,23.7175,129,12.4827,1,10,0.8,-7.6,1.588,0.3952917,0.208045,10,23,23,45,9,740000
"2019-10-23 23:45:14.66",209,100210,23.23,13.37,85,23.7172,129,12.4785,1,10,0.8,-7,1.493,0.3952866,0.207975,10,23,23,45,13,980000
"2019-10-23 23:45:19.38",210,100211,37.55,13.37,85,23.7179,129,12.4592,1,10,0.8,-6.1,2.411,0.3952983,0.2076533,10,23,23,45,18,700000
"2019-10-23 23:45:27.19",211,100212,12.5,13.37,85,23.7183,129,12.445,1,10,0.8,-6,0.805,0.395305,0.2074167,10,23,23,45,26,510000
"2019-10-23 23:45:30.48",212,100213,11.87,13.37,85,23.7189,129,12.4264,1,10,0.8,-5.9,0.765,0.395315,0.2071067,10,23,23,45,29,800000
"2019-10-23 23:45:35.54",213,100214,16.19,13.37,85,23.7197,129,12.4048,1,10,0.8,-5.5,1.042,0.3953284,0.2067467,10,23,23,45,34,860000
"2019-10-23 23:45:40.47",214,100215,18.23,13.37,85,23.7213,129,12.3846,1,10,0.8,-5.8,1.173,0.395355,0.20641,10,23,23,45,39,790000
"2019-10-23 23:45:44.31",215,100216,16.3,13.37,85,23.7222,129,12.3673,1,10,0.8,-5.7,1.049,0.39537,0.2061217,10,23,23,45,43,630000
"2019-10-23 23:45:49.51",216,100217,15.73,13.36,85,23.7236,129,12.3427,1,10,0.8,-5.6,1.012,0.3953934,0.2057117,10,23,23,45,48,830000
"2019-10-23 23:45:57.19",217,100218,15.05,13.36,85,23.7246,129,12.3238,1,10,0.8,-5.3,0.969,0.39541,0.2053967,10,23,23,45,56,510000
"2019-10-23 23:46:00.39",218,100219,16.53,13.36,85,23.7255,129,12.3095,1,10,0.8,-5.5,1.063,0.395425,0.2051583,10,23,23,45,59,710000
"2019-10-23 23:47:38.59",219,100220,16.98,13.35,85,23.7308,129,12.2459,1,10,0.8,-4.9,1.093,0.3955134,0.2040983,10,23,23,47,37,900000
"2019-10-23 23:47:41.93",220,100221,16.41,13.35,85,23.7317,129,12.2323,1,10,0.8,-4.9,1.056,0.3955284,0.2038717,10,23,23,47,41,250000
"2019-10-23 23:47:45.53",221,100222,12.61,13.35,85,23.7328,129,12.2129,1,10,0.8,-5,0.812,0.3955466,0.2035483,10,23,23,47,44,850000
"2019-10-23 23:47:49.27",222,100223,14.37,13.35,85,23.7336,129,12.1989,1,10,0.8,-5,0.925,0.39556,0.203315,10,23,23,47,48,590000
"2019-10-23 23:47:54.03",223,100224,9.43,13.35,85,23.7345,129,12.175,1,10,0.8,-5,0.608,0.395575,0.2029167,10,23,23,47,53,350000
"2019-10-23 23:47:57.19",224,100225,26.19,13.35,85,23.735,129,12.1623,1,10,0.8,-5,1.682,0.3955833,0.202705,10,23,23,47,56,510000
"2019-10-23 23:48:00.63",225,100226,21.41,13.35,85,23.7356,129,12.1406,1,10,0.8,-5.4,1.377,0.3955933,0.2023433,10,23,23,47,59,950000
"2019-10-23 23:48:05.35",226,100227,30.28,13.35,85,23.7365,129,12.1157,1,10,0.8,-5.4,1.945,0.3956083,0.2019283,10,23,23,48,4,670000
"2019-10-23 23:48:09.45",227,100228,15.85,13.35,85,23.7373,129,12.096,1,10,0.8,-5.2,1.02,0.3956217,0.2016,10,23,23,48,8,770000
"2019-10-23 23:48:13.92",228,100229,14.03,13.35,85,23.7379,129,12.0775,1,10,0.8,-5.2,0.903,0.3956317,0.2012917,10,23,23,48,13,240000
"2019-10-23 23:48:17.47",229,100230,13.46,13.35,85,23.7387,129,12.0598,1,10,0.8,-5.2,0.867,0.395645,0.2009967,10,23,23,48,16,790000
"2019-10-23 23:48:22",230,100231,13.69,13.35,85,23.7392,129,12.0426,1,10,0.8,-5.1,0.881,0.3956533,0.20071,10,23,23,48,21,320000
"2019-10-23 23:54:53.45",231,100232,22.39,13.3,85,23.756,129,11.8689,1,10,0.8,-5.6,1.439,0.3959333,0.197815,10,23,23,54,52,770000
"2019-10-23 23:54:59.6",232,100233,16.53,13.3,85,23.7555,129,11.8298,1,10,0.8,-5.3,1.064,0.395925,0.1971633,10,23,23,54,58,920000
"2019-10-23 23:55:03.16",233,100234,10.45,13.29,85,23.7559,129,11.8159,1,10,0.8,-5.4,0.674,0.3959317,0.1969317,10,23,23,55,2,480000
"2019-10-23 23:55:07.69",234,100235,19.77,13.29,85,23.7559,129,11.7879,1,10,0.8,-5.5,1.271,0.3959317,0.196465,10,23,23,55,7,10000
"2019-10-23 23:55:12.65",235,100236,28.35,13.29,85,23.7556,129,11.7594,1,10,0.8,-5.5,1.821,0.3959266,0.19599,10,23,23,55,11,970000
"2019-10-23 23:55:16.98",236,100237,23.18,13.29,85,23.7549,129,11.7392,1,10,0.8,-5.5,1.49,0.395915,0.1956533,10,23,23,55,16,300000
"2019-10-23 23:55:21.45",237,100238,20.17,13.29,85,23.7539,129,11.7155,1,10,0.8,-5.4,1.297,0.3958984,0.1952583,10,23,23,55,20,770000
"2019-10-23 23:55:25.24",238,100239,25.17,13.29,85,23.7533,129,11.7018,1,10,0.8,-5.5,1.617,0.3958883,0.19503,10,23,23,55,24,560000
"2019-10-23 23:55:29.04",239,100240,11.14,13.29,85,23.7527,129,11.6813,1,10,0.8,-5.5,0.718,0.3958784,0.1946883,10,23,23,55,28,360000
"2019-10-23 23:55:32.73",240,100241,34.78,13.29,85,23.7524,129,11.6605,1,10,0.8,-5.7,2.233,0.3958733,0.1943417,10,23,23,55,32,50000
"2019-10-23 23:55:36.56",241,100242,8.81,13.29,85,23.7523,129,11.6405,1,10,0.8,-5.7,0.568,0.3958717,0.1940083,10,23,23,55,35,880000
"2019-10-23 23:55:40.05",242,100243,25.74,13.29,85,23.7525,129,11.6242,1,10,0.8,-5.8,1.654,0.395875,0.1937367,10,23,23,55,39,370000
"2019-10-23 23:55:43.39",243,100244,24.72,13.29,85,23.7528,129,11.6046,1,10,0.8,-5.8,1.588,0.39588,0.19341,10,23,23,55,42,710000
"2019-10-23 23:55:46.76",244,100245,26.99,13.29,85,23.7531,129,11.5903,1,10,0.8,-5.8,1.734,0.395885,0.1931717,10,23,23,55,46,80000
"2019-10-23 23:55:50.88",245,100246,23.35,13.29,85,23.7536,129,11.5716,1,10,0.8,-6,1.501,0.3958933,0.19286,10,23,23,55,50,200000
"2019-10-23 23:55:54.76",246,100247,10.28,13.29,85,23.7537,129,11.5558,1,10,0.8,-6.1,0.663,0.395895,0.1925967,10,23,23,55,54,80000
"2019-10-23 23:55:58.3",247,100248,17.67,13.29,85,23.7536,129,11.5451,1,10,0.8,-6,1.137,0.3958933,0.1924183,10,23,23,55,57,610000
"2019-10-23 23:56:01.14",248,100249,14.37,13.29,85,23.7537,129,11.5331,1,10,0.8,-6,0.925,0.395895,0.1922183,10,23,23,56,0,460000
"2019-10-23 23:56:03.81",249,100250,13.69,13.29,85,23.7533,129,11.5195,1,10,0.8,-6,0.882,0.3958883,0.1919917,10,23,23,56,3,130000
"2019-10-23 23:56:07.16",250,100251,31.37,13.29,85,23.7527,129,11.507,1,10,0.8,-6,2.014,0.3958784,0.1917833,10,23,23,56,6,480000
"2019-10-23 23:56:09.84",251,100252,16.76,13.29,85,23.7522,129,11.4945,1,10,0.8,-5.8,1.078,0.39587,0.191575,10,23,23,56,9,160000
"2019-10-23 23:56:12.59",252,100253,39.38,13.29,85,23.7517,129,11.4829,1,10,0.8,-5.8,2.528,0.3958616,0.1913817,10,23,23,56,11,910000
"2019-10-23 23:56:15.36",253,100254,8.01,13.29,85,23.7512,129,11.4739,1,10,0.8,-6,0.517,0.3958534,0.1912317,10,23,23,56,14,680000
"2019-10-23 23:56:18.67",254,100255,26.19,13.29,85,23.7504,129,11.464,1,10,0.8,-6.1,1.683,0.39584,0.1910667,10,23,23,56,17,990000
"2019-10-23 23:56:21.18",255,100256,27.9,13.28,85,23.7501,129,11.4584,1,10,0.8,-6.3,1.792,0.395835,0.1909733,10,23,23,56,20,500000
"2019-10-23 23:56:23.94",256,100257,32.84,13.29,85,23.7495,129,11.4502,1,10,0.8,-6.3,2.109,0.395825,0.1908367,10,23,23,56,23,260000
"2019-10-23 23:56:26.76",257,100258,37.28,13.29,85,23.7488,129,11.4405,1,10,0.8,-6.2,2.393,0.3958134,0.190675,10,23,23,56,26,80000
"2019-10-23 23:56:29.63",258,100259,24.15,13.28,85,23.7483,129,11.4341,1,10,0.8,-6.1,1.552,0.395805,0.1905683,10,23,23,56,28,950000
"2019-10-23 23:56:32.34",259,100260,24.6,13.28,85,23.7477,129,11.4268,1,10,0.8,-6.2,1.581,0.395795,0.1904467,10,23,23,56,31,660000
"2019-10-23 23:56:35.03",260,100261,11.76,13.28,85,23.7472,129,11.4249,1,10,0.8,-6.1,0.758,0.3957867,0.190415,10,23,23,56,34,350000
"2019-10-23 23:56:38.86",261,100262,22.44,13.28,85,23.7464,129,11.4211,1,10,0.8,-5.9,1.443,0.3957734,0.1903517,10,23,23,56,38,180000
"2019-10-23 23:56:42.26",262,100263,27.44,13.28,85,23.746,129,11.4192,1,10,0.8,-5.9,1.763,0.3957667,0.19032,10,23,23,56,41,580000
"2019-10-23 23:56:44.98",263,100264,30.4,13.28,85,23.7453,129,11.4191,1,10,0.8,-5.7,1.953,0.395755,0.1903183,10,23,23,56,44,300000
"2019-10-23 23:56:51.36",264,100265,23.58,13.28,85,23.7446,129,11.4154,1,10,0.8,-5.6,1.515,0.3957434,0.1902567,10,23,23,56,50,670000
"2019-10-23 23:57:08.36",265,100266,51.26,13.28,85,23.7449,129,11.4068,1,10,0.8,-5.6,3.289,0.3957483,0.1901133,10,23,23,57,7,680000
"2019-10-23 23:57:12.92",266,100267,57.56,13.28,85,23.7439,129,11.4025,1,10,0.8,-5.7,3.694,0.3957316,0.1900417,10,23,23,57,12,240000
"2019-10-23 23:57:17.59",267,100268,61.88,13.28,85,23.743,129,11.3972,1,10,0.8,-6.2,3.971,0.3957167,0.1899533,10,23,23,57,16,910000
"2019-10-23 23:57:21.45",268,100269,18.24,13.28,85,23.7424,129,11.3893,1,10,0.8,-6.3,1.173,0.3957066,0.1898217,10,23,23,57,20,770000
"2019-10-23 23:57:24.69",269,100270,14.54,13.28,85,23.7415,129,11.3832,1,10,0.8,-6.4,0.936,0.3956917,0.18972,10,23,23,57,24,10000
"2019-10-23 23:57:28.18",270,100271,15.97,13.28,85,23.7406,129,11.3784,1,10,0.8,-6.4,1.027,0.3956767,0.18964,10,23,23,57,27,500000
"2019-10-23 23:57:31.62",271,100272,14.77,13.28,85,23.7393,129,11.3719,1,10,0.8,-6.4,0.951,0.395655,0.1895317,10,23,23,57,30,940000
"2019-10-23 23:57:38.72",272,100273,20.97,13.28,85,23.7388,129,11.3623,1,10,0.8,-6.4,1.348,0.3956467,0.1893717,10,23,23,57,38,40000
"2019-10-23 23:57:42.44",273,100274,18.47,13.28,85,23.7378,129,11.3488,1,10,0.8,-6.3,1.188,0.39563,0.1891467,10,23,23,57,41,760000
"2019-10-23 23:57:48.68",274,100275,20.17,13.28,85,23.7373,129,11.335,1,10,0.8,-6.2,1.297,0.3956217,0.1889167,10,23,23,57,48,0
"2019-10-23 23:57:52.34",275,100276,20.23,13.28,85,23.7369,129,11.3212,1,10,0.8,-6.2,1.301,0.395615,0.1886867,10,23,23,57,51,660000
"2019-10-23 23:57:59.02",276,100277,15.51,13.27,85,23.737,129,11.3079,1,10,0.8,-6.2,0.998,0.3956166,0.188465,10,23,23,57,58,340000
"2019-10-23 23:58:02.75",277,100278,18.92,13.28,85,23.7371,129,11.2968,1,10,0.8,-6.1,1.217,0.3956184,0.18828,10,23,23,58,2,70000
"2019-10-23 23:58:09.09",278,100279,18.98,13.27,85,23.7375,129,11.2814,1,10,0.8,-6,1.22,0.395625,0.1880233,10,23,23,58,8,410000
"2019-10-23 23:59:51.08",279,100280,17.56,13.26,85,23.7424,129,11.2434,1,9,0.9,-6.6,1.129,0.3957066,0.18739,10,23,23,59,50,400000
"2019-10-23 23:59:55.07",280,100281,21.88,13.26,85,23.7426,129,11.2263,1,9,0.9,-6.8,1.406,0.39571,0.187105,10,23,23,59,54,390000
"2019-10-24 00:00:01.15",281,100282,13.12,13.26,85,23.7432,129,11.1942,1,9,0.9,-7,0.845,0.39572,0.18657,10,24,0,0,0,470000
"2019-10-24 00:00:18.57",282,100283,17.78,13.26,85,23.7444,129,11.1752,1,9,0.9,-7.3,1.144,0.39574,0.1862533,10,24,0,0,17,890000
"2019-10-24 00:00:24.44",283,100284,16.42,13.26,85,23.7453,129,11.1529,1,9,0.9,-7.4,1.056,0.395755,0.1858817,10,24,0,0,23,760000
"2019-10-24 00:00:29.59",284,100285,14.83,13.26,85,23.7462,129,11.1308,1,9,0.9,-7.6,0.954,0.39577,0.1855133,10,24,0,0,28,910000
"2019-10-24 00:00:35.9",285,100286,15.28,13.26,85,23.7468,129,11.1074,1,9,0.9,-7.8,0.984,0.39578,0.1851233,10,24,0,0,35,210000
"2019-10-24 00:00:41.49",286,100287,10.62,13.26,85,23.7474,129,11.0962,1,9,0.9,-7.8,0.685,0.39579,0.1849367,10,24,0,0,40,810000
"2019-10-24 00:00:45.3",287,100288,14.77,13.26,85,23.7482,129,11.0738,1,9,0.9,-7.9,0.951,0.3958033,0.1845633,10,24,0,0,44,600000
"2019-10-24 00:00:49.22",288,100289,19.6,13.26,85,23.7487,129,11.059,1,9,0.9,-8,1.26,0.3958116,0.1843167,10,24,0,0,48,540000
"2019-10-24 00:00:52.77",289,100290,17.78,13.26,85,23.7495,129,11.0374,1,9,0.9,-8.1,1.144,0.395825,0.1839567,10,24,0,0,52,90000
"2019-10-24 00:00:58.24",290,100291,14.26,13.26,85,23.7502,129,11.0109,1,9,0.9,-8.3,0.918,0.3958367,0.183515,10,24,0,0,57,560000
"2019-10-24 00:01:01.38",291,100292,17.9,13.26,85,23.7506,129,10.993,1,9,0.9,-8.3,1.151,0.3958434,0.1832167,10,24,0,1,0,700000
"2019-10-24 00:01:04.77",292,100293,17.73,13.26,85,23.7512,129,10.9767,1,9,0.9,-8.4,1.14,0.3958534,0.182945,10,24,0,1,4,90000
"2019-10-24 00:01:08.07",293,100294,15.62,13.26,85,23.7517,129,10.9624,1,9,0.9,-8.5,1.005,0.3958616,0.1827067,10,24,0,1,7,390000
"2019-10-24 00:01:11.56",294,100295,29.89,13.26,85,23.7523,129,10.9426,1,9,0.9,-8.3,1.92,0.3958717,0.1823767,10,24,0,1,10,880000
"2019-10-24 00:01:14.64",295,100296,25.46,13.25,85,23.7528,129,10.9302,1,9,0.9,-8.3,1.636,0.39588,0.18217,10,24,0,1,13,960000
"2019-10-24 00:01:18.03",296,100297,16.65,13.26,85,23.7532,129,10.9175,1,9,0.9,-8.3,1.071,0.3958867,0.1819583,10,24,0,1,17,350000
"2019-10-24 00:01:21.68",297,100298,14.15,13.26,85,23.7536,129,10.8998,1,9,0.9,-8.4,0.911,0.3958933,0.1816633,10,24,0,1,21,0
"2019-10-24 00:01:25.11",298,100299,21.19,13.26,85,23.7539,129,10.8868,1,9,0.9,-8.5,1.362,0.3958984,0.1814467,10,24,0,1,24,430000
"2019-10-24 00:01:28.75",299,100300,20.63,13.26,85,23.7543,129,10.869,1,9,0.9,-8.7,1.326,0.395905,0.18115,10,24,0,1,28,70000
"2019-10-24 00:01:32",300,100301,32.45,13.26,85,23.7548,129,10.8563,1,9,0.9,-8.9,2.084,0.3959133,0.1809383,10,24,0,1,31,320000
"2019-10-24 00:01:34.62",301,100302,26.42,13.25,85,23.7554,129,10.8413,1,9,0.9,-8.9,1.698,0.3959233,0.1806883,10,24,0,1,33,940000
"2019-10-24 00:01:37.25",302,100303,24.21,13.25,85,23.7556,129,10.8323,1,9,0.9,-8.8,1.556,0.3959266,0.1805383,10,24,0,1,36,570000
"2019-10-24 00:01:40.26",303,100304,22.67,13.25,85,23.7561,129,10.8183,1,9,0.9,-8.9,1.457,0.395935,0.180305,10,24,0,1,39,580000
"2019-10-24 00:01:42.96",304,100305,16.76,13.25,85,23.7566,129,10.8009,1,9,0.9,-9.1,1.078,0.3959433,0.180015,10,24,0,1,42,280000
"2019-10-24 00:01:45.69",305,100306,18.01,13.25,85,23.7571,129,10.7842,1,9,0.9,-9.2,1.158,0.3959516,0.1797367,10,24,0,1,45,10000
"2019-10-24 00:01:48.33",306,100307,15.28,13.25,85,23.7576,129,10.7679,1,9,0.9,-9.2,0.984,0.39596,0.179465,10,24,0,1,47,640000
"2019-10-24 00:01:51.12",307,100308,22.33,13.25,85,23.758,129,10.7578,1,9,0.9,-9.3,1.435,0.3959666,0.1792967,10,24,0,1,50,440000
"2019-10-24 00:01:55.26",308,100309,16.42,13.25,85,23.7586,129,10.7366,1,9,0.9,-9.3,1.056,0.3959767,0.1789433,10,24,0,1,54,580000
"2019-10-24 00:01:59",309,100310,19.26,13.25,85,23.7592,129,10.7185,1,9,0.9,-9.6,1.239,0.3959866,0.1786417,10,24,0,1,58,310000
"2019-10-24 00:02:03.12",310,100311,15.4,13.25,85,23.7595,129,10.7021,1,9,0.9,-9.7,0.991,0.3959917,0.1783683,10,24,0,2,2,440000
"2019-10-24 00:02:06.57",311,100312,20.28,13.25,85,23.7599,129,10.6855,1,9,0.9,-9.4,1.304,0.3959983,0.1780917,10,24,0,2,5,890000
"2019-10-24 00:02:09.9",312,100313,21.65,13.25,85,23.76,129,10.6776,1,9,0.9,-8.8,1.392,0.396,0.17796,10,24,0,2,9,220000
"2019-10-24 00:02:13.51",313,100314,13.98,13.25,85,23.7605,129,10.6602,1,9,0.9,-8.2,0.9,0.3960084,0.17767,10,24,0,2,12,830000
"2019-10-24 00:02:16.84",314,100315,18.07,13.25,85,23.7608,129,10.6435,1,9,0.9,-7.8,1.162,0.3960133,0.1773917,10,24,0,2,16,160000
"2019-10-24 00:02:19.87",315,100316,15.28,13.25,85,23.7613,129,10.6264,1,9,0.9,-7.7,0.984,0.3960217,0.1771067,10,24,0,2,19,190000
"2019-10-24 00:02:22.95",316,100317,17.78,13.25,85,23.7617,129,10.611,1,9,0.9,-7.7,1.144,0.3960283,0.17685,10,24,0,2,22,270000
"2019-10-24 00:02:26.23",317,100318,24.77,13.25,85,23.7621,129,10.5935,1,9,0.9,-7.7,1.592,0.396035,0.1765583,10,24,0,2,25,550000
"2019-10-24 00:02:29.51",318,100319,26.99,13.25,85,23.7623,129,10.57,1,9,0.9,-7.9,1.734,0.3960384,0.1761667,10,24,0,2,28,830000
"2019-10-24 00:02:32.57",319,100320,15.62,13.25,85,23.7625,129,10.5551,1,9,0.9,-7.9,1.005,0.3960417,0.1759183,10,24,0,2,31,890000
"2019-10-24 00:02:36.01",320,100321,35,13.25,85,23.7627,129,10.5375,1,9,0.9,-8.1,2.248,0.396045,0.175625,10,24,0,2,35,330000
"2019-10-24 00:02:39.41",321,100322,36.42,13.25,85,23.7631,129,10.5144,1,9,0.9,-8.9,2.339,0.3960517,0.17524,10,24,0,2,38,730000
"2019-10-24 00:02:43.08",322,100323,34.26,13.25,85,23.7634,129,10.4939,1,9,0.9,-9.8,2.2,0.3960566,0.1748983,10,24,0,2,42,400000
"2019-10-24 00:02:47.75",323,100324,21.65,13.25,85,23.7638,129,10.4729,1,9,0.9,-10.7,1.392,0.3960633,0.1745483,10,24,0,2,47,70000
"2019-10-24 00:02:51.37",324,100325,14.2,13.24,85,23.7637,129,10.4594,1,9,0.9,-11,0.914,0.3960617,0.1743233,10,24,0,2,50,690000
"2019-10-24 00:02:55.17",325,100326,23.24,13.24,85,23.7636,129,10.4488,1,9,0.9,-11.5,1.494,0.39606,0.1741467,10,24,0,2,54,490000
"2019-10-24 00:02:59.71",326,100327,15.45,13.25,85,23.7639,129,10.428,1,9,0.9,-11.9,0.995,0.396065,0.1738,10,24,0,2,59,30000
"2019-10-24 00:03:03.39",327,100328,10.74,13.24,85,23.764,129,10.4114,1,9,0.9,-12.1,0.692,0.3960667,0.1735233,10,24,0,3,2,710000
"2019-10-24 00:03:07.68",328,100329,14.49,13.24,85,23.7641,129,10.3955,1,9,0.9,-12.2,0.933,0.3960683,0.1732583,10,24,0,3,7,0
"2019-10-24 00:03:11.39",329,100330,14.6,13.24,85,23.7642,129,10.3763,1,9,0.9,-12.4,0.94,0.39607,0.1729383,10,24,0,3,10,710000
"2019-10-24 00:03:15.02",330,100331,10.06,13.24,85,23.7641,129,10.3655,1,9,0.9,-12.4,0.648,0.3960683,0.1727583,10,24,0,3,14,340000
"2019-10-24 00:03:18.56",331,100332,8.41,13.24,85,23.7644,129,10.3463,1,9,0.9,-12.4,0.543,0.3960734,0.1724383,10,24,0,3,17,880000
"2019-10-24 00:03:22.05",332,100333,10.28,13.24,85,23.7646,129,10.3322,1,9,0.9,-12.5,0.663,0.3960767,0.1722033,10,24,0,3,21,370000
"2019-10-24 00:03:25.58",333,100334,10.62,13.24,85,23.7649,129,10.3141,1,9,0.9,-12.5,0.685,0.3960816,0.1719017,10,24,0,3,24,900000
"2019-10-24 00:03:30.28",334,100335,24.72,13.24,85,23.7649,129,10.2944,1,9,0.9,-12.4,1.588,0.3960816,0.1715733,10,24,0,3,29,600000
"2019-10-24 00:03:36.32",335,100336,15.4,13.24,85,23.7654,129,10.2703,1,9,0.9,-12.4,0.991,0.39609,0.1711717,10,24,0,3,35,640000
"2019-10-24 00:03:41.27",336,100337,17.16,13.24,85,23.7656,129,10.2503,1,9,0.9,-12.3,1.104,0.3960933,0.1708383,10,24,0,3,40,590000
"2019-10-24 00:03:44.75",337,100338,13.52,13.24,85,23.7658,129,10.2353,1,9,0.9,-12.2,0.871,0.3960967,0.1705883,10,24,0,3,44,70000
"2019-10-24 00:03:50.66",338,100339,16.82,13.24,85,23.7659,129,10.2138,1,9,0.9,-12.4,1.082,0.3960983,0.17023,10,24,0,3,49,980000
"2019-10-24 00:03:54.39",339,100340,25.4,13.24,85,23.7661,129,10.1931,1,9,0.9,-12.4,1.632,0.3961016,0.169885,10,24,0,3,53,710000
"2019-10-24 00:03:57.39",340,100341,13.01,13.24,85,23.7662,129,10.1783,1,9,0.9,-12.3,0.838,0.3961033,0.1696383,10,24,0,3,56,710000
"2019-10-24 00:04:00.77",341,100342,22.39,13.24,85,23.7664,129,10.1626,1,9,0.9,-12.4,1.439,0.3961067,0.1693767,10,24,0,4,0,90000
"2019-10-24 00:04:04.07",342,100343,9.03,13.24,85,23.7665,129,10.1477,1,9,0.9,-12.5,0.583,0.3961083,0.1691283,10,24,0,4,3,390000
"2019-10-24 00:04:07.15",343,100344,19.26,13.24,85,23.7667,129,10.1316,1,9,0.9,-12.5,1.239,0.3961117,0.16886,10,24,0,4,6,470000
"2019-10-24 00:04:10.47",344,100345,9.37,13.24,85,23.767,129,10.1122,1,9,0.9,-12.4,0.605,0.3961167,0.1685367,10,24,0,4,9,790000
"2019-10-24 00:04:13.64",345,100346,11.48,13.23,85,23.7672,129,10.0969,1,9,0.9,-12.6,0.74,0.39612,0.1682817,10,24,0,4,12,960000
"2019-10-24 00:04:16.83",346,100347,19.83,13.23,85,23.7674,129,10.0827,1,9,0.9,-12.6,1.275,0.3961234,0.168045,10,24,0,4,16,150000
"2019-10-24 00:04:20.06",347,100348,24.94,13.23,85,23.7676,129,10.067,1,9,0.9,-12.6,1.603,0.3961266,0.1677833,10,24,0,4,19,380000
"2019-10-24 00:04:23.95",348,100349,15.8,13.23,85,23.7681,129,10.0484,1,9,0.9,-12.4,1.016,0.396135,0.1674733,10,24,0,4,23,270000
"2019-10-24 00:04:28.24",349,100350,16.14,13.23,85,23.7684,129,10.0329,1,9,0.9,-12.5,1.038,0.39614,0.167215,10,24,0,4,27,560000
"2019-10-24 00:04:32.17",350,100351,11.65,13.23,85,23.7688,129,10.0174,1,9,0.9,-12.5,0.75,0.3961467,0.1669567,10,24,0,4,31,490000
"2019-10-24 00:04:35.68",351,100352,10.57,13.23,85,23.769,129,10.0015,1,9,0.9,-12.5,0.681,0.39615,0.1666917,10,24,0,4,35,0
"2019-10-24 00:04:39.03",352,100353,32.56,13.23,85,23.7692,129,9.9901,1,9,0.9,-12.5,2.091,0.3961533,0.1665017,10,24,0,4,38,350000
"2019-10-24 00:04:42.34",353,100354,45.29,13.23,85,23.7697,129,9.9729,1,9,0.9,-12.5,2.907,0.3961616,0.166215,10,24,0,4,41,660000
"2019-10-24 00:04:45.38",354,100355,24.15,13.23,85,23.7697,129,9.9654,1,9,0.9,-12.8,1.552,0.3961616,0.16609,10,24,0,4,44,700000
"2019-10-24 00:04:48.64",355,100356,18.18,13.23,85,23.7699,129,9.9552,1,9,0.9,-13,1.169,0.396165,0.16592,10,24,0,4,47,960000
"2019-10-24 00:04:51.84",356,100357,22.1,13.23,85,23.7698,129,9.944,1,9,0.9,-13.1,1.421,0.3961634,0.1657333,10,24,0,4,51,160000
"2019-10-24 00:04:55.15",357,100358,27.67,13.23,85,23.7699,129,9.9319,1,9,0.9,-13.2,1.778,0.396165,0.1655317,10,24,0,4,54,470000
"2019-10-24 00:04:58.23",358,100359,21.19,13.23,85,23.7699,129,9.9199,1,9,0.9,-13.3,1.362,0.396165,0.1653317,10,24,0,4,57,550000
"2019-10-24 00:05:01.55",359,100360,18.58,13.23,85,23.7701,129,9.899901,1,9,0.9,-13.2,1.195,0.3961683,0.1649983,10,24,0,5,0,870000
"2019-10-24 00:05:04.84",360,100361,24.94,13.23,85,23.7701,129,9.8871,1,9,0.9,-13.3,1.603,0.3961683,0.164785,10,24,0,5,4,160000
"2019-10-24 00:05:08.11",361,100362,32.11,13.23,85,23.7702,129,9.8736,1,9,0.9,-13.3,2.062,0.39617,0.16456,10,24,0,5,7,430000
"2019-10-24 00:05:11.86",362,100363,15.62,13.23,85,23.7704,129,9.857,1,9,0.9,-13.3,1.005,0.3961733,0.1642833,10,24,0,5,11,180000
"2019-10-24 00:05:14.95",363,100364,19.26,13.23,85,23.7705,129,9.8453,1,9,0.9,-13.3,1.239,0.396175,0.1640883,10,24,0,5,14,270000
"2019-10-24 00:05:18.44",364,100365,31.99,13.23,85,23.7706,129,9.8268,1,9,0.9,-13.3,2.055,0.3961767,0.16378,10,24,0,5,17,760000
"2019-10-24 00:05:21.92",365,100366,28.92,13.23,85,23.7709,129,9.8169,1,9,0.9,-13.4,1.858,0.3961817,0.163615,10,24,0,5,21,240000
"2019-10-24 00:05:25.23",366,100367,23.01,13.23,85,23.7712,129,9.8059,1,9,0.9,-13.4,1.479,0.3961867,0.1634317,10,24,0,5,24,550000
"2019-10-24 00:05:28.73",367,100368,15.85,13.22,85,23.7719,129,9.787599,1,9,0.9,-13.3,1.02,0.3961983,0.1631267,10,24,0,5,28,50000
"2019-10-24 00:05:32.15",368,100369,14.26,13.22,85,23.7723,129,9.778,1,9,0.9,-13.4,0.918,0.396205,0.1629667,10,24,0,5,31,470000
"2019-10-24 00:05:35.81",369,100370,24.6,13.23,85,23.7733,129,9.7584,1,9,0.9,-13.3,1.581,0.3962217,0.16264,10,24,0,5,35,130000
"2019-10-24 00:05:39.34",370,100371,20.17,13.22,85,23.7739,129,9.7485,1,9,0.9,-13.3,1.297,0.3962316,0.162475,10,24,0,5,38,650000
"2019-10-24 00:05:42.7",371,100372,23.92,13.23,85,23.775,129,9.7312,1,9,0.9,-13.4,1.537,0.39625,0.1621867,10,24,0,5,42,10000
"2019-10-24 00:05:46.44",372,100373,13.12,13.22,85,23.7759,129,9.7154,1,9,0.9,-13.1,0.845,0.396265,0.1619233,10,24,0,5,45,760000
"2019-10-24 00:05:50.01",373,100374,21.88,13.22,85,23.7764,129,9.703,1,9,0.9,-13.1,1.406,0.3962733,0.1617167,10,24,0,5,49,330000
"2019-10-24 00:05:53.47",374,100375,21.88,13.22,85,23.7772,129,9.6867,1,9,0.9,-13.4,1.406,0.3962867,0.161445,10,24,0,5,52,790000
"2019-10-24 00:05:57.35",375,100376,24.15,13.22,85,23.7777,129,9.6718,1,9,0.9,-13.6,1.552,0.396295,0.1611967,10,24,0,5,56,660000
"2019-10-24 00:06:01.55",376,100377,12.22,13.22,85,23.7783,129,9.6545,1,9,0.9,-13.7,0.787,0.396305,0.1609083,10,24,0,6,0,870000
"2019-10-24 00:06:05.24",377,100378,8.92,13.22,85,23.7786,129,9.6404,1,9,0.9,-13.7,0.576,0.39631,0.1606733,10,24,0,6,4,560000
"2019-10-24 00:06:09.14",378,100379,8.92,13.22,85,23.7795,129,9.6219,1,9,0.9,-13.8,0.576,0.396325,0.160365,10,24,0,6,8,460000
"2019-10-24 00:06:12.89",379,100380,18.69,13.22,85,23.7801,129,9.6033,1,9,0.9,-13.9,1.202,0.396335,0.160055,10,24,0,6,12,210000
"2019-10-24 00:06:17.09",380,100381,19.66,13.22,85,23.7807,129,9.5865,1,9,0.9,-13.8,1.264,0.396345,0.159775,10,24,0,6,16,410000
"2019-10-24 00:06:20.98",381,100382,19.83,13.22,85,23.7814,129,9.5681,1,9,0.9,-13.8,1.275,0.3963567,0.1594683,10,24,0,6,20,290000
"2019-10-24 00:06:24.6",382,100383,14.37,13.22,85,23.7821,129,9.549,1,9,0.9,-14,0.925,0.3963684,0.15915,10,24,0,6,23,920000
"2019-10-24 00:06:28.39",383,100384,10.79,13.22,85,23.7827,129,9.5318,1,9,0.9,-14,0.696,0.3963783,0.1588633,10,24,0,6,27,710000
"2019-10-24 00:06:31.78",384,100385,8.98,13.22,85,23.7831,129,9.5177,1,9,0.9,-14,0.579,0.396385,0.1586283,10,24,0,6,31,100000
"2019-10-24 00:06:35.38",385,100386,14.26,13.22,85,23.7838,129,9.4976,1,9,0.9,-14,0.918,0.3963967,0.1582933,10,24,0,6,34,690000
"2019-10-24 00:06:38.71",386,100387,23.47,13.22,85,23.7843,129,9.484199,1,9,0.9,-14.1,1.508,0.396405,0.15807,10,24,0,6,38,30000
"2019-10-24 00:06:42.91",387,100388,30.06,13.22,85,23.785,129,9.4667,1,9,0.9,-14.1,1.931,0.3964167,0.1577783,10,24,0,6,42,230000
"2019-10-24 00:06:46.26",388,100389,12.78,13.22,85,23.7853,129,9.4553,1,9,0.9,-14.1,0.823,0.3964216,0.1575883,10,24,0,6,45,580000
"2019-10-24 00:06:49.93",389,100390,12.1,13.22,85,23.7858,129,9.4375,1,9,0.9,-14.1,0.78,0.39643,0.1572917,10,24,0,6,49,250000
"2019-10-24 00:06:54.05",390,100391,18.47,13.22,85,23.7861,129,9.4174,1,9,0.9,-14,1.188,0.396435,0.1569567,10,24,0,6,53,370000
"2019-10-24 00:06:57.53",391,100392,15.85,13.22,85,23.7864,129,9.4015,1,9,0.9,-13.9,1.02,0.39644,0.1566917,10,24,0,6,56,850000
"2019-10-24 00:07:02.56",392,100393,20.97,13.22,85,23.7869,129,9.388699,1,9,0.9,-13.7,1.348,0.3964483,0.1564783,10,24,0,7,1,880000
"2019-10-24 00:07:26.4",393,100394,14.72,13.21,85,23.788,129,9.3682,1,9,0.9,-13.8,0.947,0.3964667,0.1561367,10,24,0,7,25,720000
"2019-10-24 00:07:29.5",394,100395,10.91,13.21,85,23.7882,129,9.354,1,9,0.9,-13.9,0.703,0.39647,0.1559,10,24,0,7,28,820000
"2019-10-24 00:07:32.66",395,100396,10.85,13.21,85,23.7884,129,9.3412,1,9,0.9,-13.8,0.699,0.3964734,0.1556867,10,24,0,7,31,980000
"2019-10-24 00:07:35.66",396,100397,15.06,13.21,85,23.7888,129,9.3258,1,9,0.9,-13.8,0.969,0.39648,0.15543,10,24,0,7,34,980000
"2019-10-24 00:07:39.27",397,100398,24.83,13.21,85,23.7892,129,9.312,1,9,0.9,-13.9,1.596,0.3964867,0.1552,10,24,0,7,38,590000
"2019-10-24 00:07:43.55",398,100399,16.14,13.21,85,23.7901,129,9.291,1,9,0.9,-14.2,1.038,0.3965017,0.15485,10,24,0,7,42,870000
"2019-10-24 00:07:47.21",399,100400,8.69,13.21,85,23.7905,129,9.2793,1,9,0.9,-14.1,0.561,0.3965083,0.154655,10,24,0,7,46,530000
"2019-10-24 00:07:51.05",400,100401,16.53,13.21,85,23.7912,129,9.2594,1,9,0.9,-14.2,1.064,0.39652,0.1543233,10,24,0,7,50,370000
"2019-10-24 00:07:58.15",401,100402,13.64,13.21,85,23.7921,129,9.2394,1,9,0.9,-14.2,0.878,0.396535,0.15399,10,24,0,7,57,460000
"2019-10-24 00:08:01.56",402,100403,16.31,13.21,85,23.7927,129,9.225,1,9,0.9,-14,1.049,0.396545,0.15375,10,24,0,8,0,880000
"2019-10-24 00:08:05.45",403,100404,19.09,13.21,85,23.7932,129,9.2039,1,9,0.9,-14.1,1.228,0.3965533,0.1533983,10,24,0,8,4,770000
"2019-10-24 00:08:09.1",404,100405,23.13,13.21,85,23.7934,129,9.1899,1,9,0.9,-14,1.486,0.3965567,0.153165,10,24,0,8,8,420000
"2019-10-24 00:08:12.37",405,100406,20.51,13.21,85,23.7941,129,9.1713,1,9,0.9,-14.1,1.319,0.3965683,0.152855,10,24,0,8,11,690000
"2019-10-24 00:08:16.06",406,100407,21.08,13.21,85,23.7943,129,9.1579,1,9,0.9,-14.1,1.355,0.3965717,0.1526317,10,24,0,8,15,380000
"2019-10-24 00:08:20.9",407,100408,40.12,13.21,85,23.7953,129,9.1362,1,9,0.9,-13.9,2.576,0.3965883,0.15227,10,24,0,8,20,220000
"2019-10-24 00:08:25.01",408,100409,28.98,13.21,85,23.7956,129,9.1234,1,9,0.9,-13.8,1.862,0.3965934,0.1520567,10,24,0,8,24,330000
"2019-10-24 00:08:29.77",409,100410,16.42,13.21,85,23.7965,129,9.1072,1,9,0.9,-13.8,1.056,0.3966083,0.1517867,10,24,0,8,29,90000
"2019-10-24 00:08:33.14",410,100411,12.9,13.21,85,23.797,129,9.0989,1,9,0.9,-13.8,0.831,0.3966167,0.1516483,10,24,0,8,32,460000
"2019-10-24 00:08:37.1",411,100412,30.63,13.21,85,23.7982,129,9.0908,1,9,0.9,-14,1.967,0.3966367,0.1515133,10,24,0,8,36,420000
"2019-10-24 00:18:05.34",412,100413,26.37,13.15,85,23.8234,129,8.7366,1,10,0.8,-12.1,1.694,0.3970567,0.14561,10,24,0,18,4,660000
"2019-10-24 00:18:08.48",413,100414,61.6,13.15,85,23.8234,129,8.728,1,10,0.8,-12.3,3.953,0.3970567,0.1454667,10,24,0,18,7,800000
"2019-10-24 00:18:12.91",414,100415,47.79,13.14,85,23.8236,129,8.7116,1,10,0.8,-12.3,3.067,0.39706,0.1451933,10,24,0,18,12,230000
"2019-10-24 00:18:16.66",415,100416,56.2,13.15,85,23.8233,129,8.6981,1,10,0.8,-12.2,3.607,0.397055,0.1449683,10,24,0,18,15,980000
"2019-10-24 00:18:20.04",416,100417,49.1,13.14,85,23.8233,129,8.6915,1,10,0.8,-11.9,3.151,0.397055,0.1448583,10,24,0,18,19,360000
"2019-10-24 00:18:23.35",417,100418,16.99,13.14,85,23.8229,129,8.6795,1,10,0.8,-11.5,1.093,0.3970484,0.1446583,10,24,0,18,22,660000
"2019-10-24 00:18:26.94",418,100419,18.47,13.14,85,23.8226,129,8.673,1,10,0.8,-11.1,1.188,0.3970433,0.14455,10,24,0,18,26,260000
"2019-10-24 00:18:39",419,100420,82.7,13.14,85,23.8221,129,8.654899,1,10,0.8,-11.4,5.304,0.397035,0.1442483,10,24,0,18,38,320000
"2019-10-24 00:18:42.57",420,100421,35.46,13.15,85,23.8222,129,8.6482,1,10,0.8,-11.3,2.277,0.3970367,0.1441367,10,24,0,18,41,890000
"2019-10-24 00:18:46.1",421,100422,23.58,13.14,85,23.8218,129,8.6389,1,10,0.8,-11.3,1.516,0.39703,0.1439817,10,24,0,18,45,420000
"2019-10-24 00:18:50.72",422,100423,17.33,13.14,85,23.8209,129,8.62,1,10,0.8,-11.3,1.115,0.397015,0.1436667,10,24,0,18,50,40000
"2019-10-24 00:18:54.31",423,100424,13.52,13.14,85,23.8205,129,8.61,1,10,0.8,-11.4,0.871,0.3970083,0.1435,10,24,0,18,53,630000
"2019-10-24 00:18:57.93",424,100425,21.42,13.14,85,23.8196,129,8.5935,1,10,0.8,-11.3,1.377,0.3969933,0.143225,10,24,0,18,57,250000
"2019-10-24 00:19:02.56",425,100426,25.29,13.14,85,23.819,129,8.5772,1,10,0.8,-11.1,1.625,0.3969833,0.1429533,10,24,0,19,1,880000
"2019-10-24 00:19:06.47",426,100427,11.99,13.14,85,23.8181,129,8.5641,1,10,0.8,-11,0.772,0.3969683,0.142735,10,24,0,19,5,790000
"2019-10-24 00:19:10.2",427,100428,12.27,13.14,85,23.8175,129,8.5562,1,10,0.8,-11.1,0.791,0.3969583,0.1426033,10,24,0,19,9,520000
"2019-10-24 00:19:14.36",428,100429,36.88,13.14,85,23.8165,129,8.5374,1,10,0.8,-11.1,2.368,0.3969417,0.14229,10,24,0,19,13,680000
"2019-10-24 00:19:18.56",429,100430,33.98,13.14,85,23.8156,129,8.5229,1,10,0.8,-11.1,2.182,0.3969267,0.1420483,10,24,0,19,17,880000
"2019-10-24 00:19:23.09",430,100431,35.29,13.14,85,23.8147,129,8.508,1,10,0.8,-11.2,2.266,0.3969116,0.1418,10,24,0,19,22,410000
"2019-10-24 00:19:28.16",431,100432,20.8,13.14,85,23.8143,129,8.4946,1,10,0.8,-11.1,1.337,0.396905,0.1415767,10,24,0,19,27,480000
"2019-10-24 00:19:31.45",432,100433,17.33,13.14,85,23.8135,129,8.4801,1,10,0.8,-11.2,1.115,0.3968916,0.141335,10,24,0,19,30,770000
"2019-10-24 00:19:35.97",433,100434,14.94,13.14,85,23.8127,129,8.4647,1,10,0.8,-11,0.962,0.3968783,0.1410783,10,24,0,19,35,280000
"2019-10-24 00:19:53.24",434,100435,24.49,13.14,85,23.8129,129,8.449,1,10,0.8,-11,1.574,0.3968817,0.1408167,10,24,0,19,52,560000
"2019-10-24 00:19:59.11",435,100436,21.31,13.14,85,23.812,129,8.4296,1,10,0.8,-11.1,1.37,0.3968667,0.1404933,10,24,0,19,58,430000
"2019-10-24 00:20:03.11",436,100437,24.04,13.14,85,23.8113,129,8.4143,1,10,0.8,-11.1,1.545,0.396855,0.1402383,10,24,0,20,2,430000
"2019-10-24 00:20:07.13",437,100438,26.08,13.14,85,23.8106,129,8.3993,1,10,0.8,-11.1,1.676,0.3968434,0.1399883,10,24,0,20,6,450000
"2019-10-24 00:20:11.04",438,100439,25.74,13.13,85,23.8097,129,8.3844,1,10,0.8,-11,1.654,0.3968283,0.13974,10,24,0,20,10,360000
"2019-10-24 00:20:15.15",439,100440,26.77,13.13,85,23.809,129,8.3692,1,10,0.8,-10.9,1.72,0.3968167,0.1394867,10,24,0,20,14,470000
"2019-10-24 00:20:19.94",440,100441,20.57,13.14,85,23.8084,129,8.3548,1,10,0.8,-10.7,1.323,0.3968066,0.1392467,10,24,0,20,19,260000
"2019-10-24 00:20:24.23",441,100442,18.24,13.13,85,23.8077,129,8.3392,1,10,0.8,-10.5,1.173,0.396795,0.1389867,10,24,0,20,23,550000
"2019-10-24 00:20:28.6",442,100443,18.47,13.14,85,23.8069,129,8.3217,1,10,0.8,-10.4,1.188,0.3967816,0.138695,10,24,0,20,27,920000
"2019-10-24 00:20:32.52",443,100444,19.78,13.13,85,23.8062,129,8.3099,1,10,0.8,-10.5,1.272,0.39677,0.1384983,10,24,0,20,31,840000
"2019-10-24 00:20:36.74",444,100445,24.72,13.13,85,23.8057,129,8.297,1,10,0.8,-10.2,1.589,0.3967617,0.1382833,10,24,0,20,36,60000
"2019-10-24 00:20:43.76",445,100446,19.38,13.13,85,23.8049,129,8.2752,1,10,0.8,-10,1.246,0.3967483,0.13792,10,24,0,20,43,80000
"2019-10-24 00:23:20.45",446,100447,13.58,13.12,85,23.811,129,8.1657,1,10,0.8,-10.1,0.875,0.39685,0.136095,10,24,0,23,19,770000
"2019-10-24 00:24:11.63",447,100448,14.38,13.11,85,23.8131,129,8.1305,1,10,0.8,-9.7,0.926,0.396885,0.1355083,10,24,0,24,10,950000
"2019-10-24 00:24:14.38",448,100449,19.04,13.11,85,23.813,129,8.1252,1,10,0.8,-9.7,1.224,0.3968833,0.13542,10,24,0,24,13,700000
"2019-10-24 00:24:18.49",449,100450,11.08,13.11,85,23.8126,129,8.1131,1,10,0.8,-9.6,0.714,0.3968767,0.1352183,10,24,0,24,17,810000
"2019-10-24 00:24:22.89",450,100451,15.06,13.11,85,23.8124,129,8.106399,1,10,0.8,-9.7,0.969,0.3968734,0.1351067,10,24,0,24,22,210000
"2019-10-24 00:26:50.97",451,100452,16.14,13.1,85,23.8193,129,8.0008,1,10,0.8,-9.5,1.039,0.3969883,0.1333467,10,24,0,26,50,290000
"2019-10-24 00:26:55.22",452,100453,32.57,13.1,85,23.8187,129,7.9841,1,10,0.8,-9.8,2.092,0.3969784,0.1330683,10,24,0,26,54,540000
"2019-10-24 00:26:59.76",453,100454,16.6,13.09,85,23.8172,129,7.9665,1,10,0.8,-9.7,1.068,0.3969533,0.132775,10,24,0,26,59,80000
"2019-10-24 00:27:02.48",454,100455,21.09,13.1,85,23.8165,129,7.9582,1,10,0.8,-9.6,1.356,0.3969417,0.1326367,10,24,0,27,1,800000
"2019-10-24 00:27:04.79",455,100456,22.96,13.09,85,23.8161,129,7.9495,1,10,0.8,-9.5,1.476,0.396935,0.1324917,10,24,0,27,4,110000
"2019-10-24 00:27:07.43",456,100457,17.11,13.09,85,23.8157,129,7.9376,1,10,0.8,-9.8,1.101,0.3969284,0.1322933,10,24,0,27,6,750000
"2019-10-24 00:27:09.75",457,100458,21.43,13.09,85,23.8157,129,7.9303,1,10,0.8,-9.6,1.377,0.3969284,0.1321717,10,24,0,27,9,70000
"2019-10-24 00:27:12.27",458,100459,18.02,13.1,85,23.8153,129,7.9233,1,10,0.8,-9.6,1.159,0.3969217,0.132055,10,24,0,27,11,590000
"2019-10-24 00:27:14.28",459,100460,14.44,13.09,85,23.815,129,7.9151,1,10,0.8,-9.3,0.929,0.3969167,0.1319183,10,24,0,27,13,600000
"2019-10-24 00:27:16.34",460,100461,22.22,13.09,85,23.8143,129,7.9041,1,10,0.8,-9.1,1.428,0.396905,0.131735,10,24,0,27,15,660000
"2019-10-24 00:27:18.9",461,100462,16.99,13.09,85,23.8139,129,7.8953,1,10,0.8,-8.9,1.093,0.3968983,0.1315883,10,24,0,27,18,220000
"2019-10-24 00:27:21.55",462,100463,20.01,13.09,85,23.8133,129,7.8823,1,10,0.8,-8.8,1.286,0.3968883,0.1313717,10,24,0,27,20,870000
"2019-10-24 00:27:24.09",463,100464,9.72,13.09,85,23.813,129,7.8756,1,10,0.8,-8.9,0.627,0.3968833,0.13126,10,24,0,27,23,410000
"2019-10-24 00:27:26.65",464,100465,18.24,13.09,85,23.8122,129,7.8642,1,10,0.8,-8.6,1.173,0.39687,0.13107,10,24,0,27,25,970000
"2019-10-24 00:27:29.9",465,100466,18.81,13.09,85,23.8116,129,7.8548,1,10,0.8,-8.7,1.21,0.39686,0.1309133,10,24,0,27,29,220000
"2019-10-24 00:27:33.06",466,100467,21.31,13.09,85,23.8112,129,7.8462,1,10,0.8,-8.8,1.37,0.3968533,0.13077,10,24,0,27,32,380000
"2019-10-24 00:27:36.44",467,100468,19.72,13.09,85,23.8104,129,7.8336,1,10,0.8,-8.9,1.268,0.39684,0.13056,10,24,0,27,35,750000
"2019-10-24 00:27:39.01",468,100469,17.22,13.09,85,23.81,129,7.827,1,10,0.8,-8.8,1.108,0.3968333,0.13045,10,24,0,27,38,330000
"2019-10-24 00:27:41.97",469,100470,12.33,13.09,85,23.8089,129,7.8162,1,10,0.8,-9.2,0.794,0.396815,0.13027,10,24,0,27,41,290000
"2019-10-24 00:27:44.92",470,100471,17.56,13.09,85,23.8082,129,7.8057,1,10,0.8,-9.4,1.13,0.3968034,0.130095,10,24,0,27,44,240000
"2019-10-24 00:27:48.3",471,100472,19.89,13.09,85,23.8077,129,7.794,1,10,0.8,-9.8,1.279,0.396795,0.1299,10,24,0,27,47,620000
"2019-10-24 00:27:51.41",472,100473,17.9,13.09,85,23.8065,129,7.7776,1,10,0.8,-10,1.152,0.396775,0.1296267,10,24,0,27,50,730000
"2019-10-24 00:27:53.77",473,100474,16.54,13.09,85,23.8063,129,7.7668,1,10,0.8,-10,1.064,0.3967716,0.1294467,10,24,0,27,53,90000
"2019-10-24 00:27:56.77",474,100475,17.45,13.09,85,23.8054,129,7.7551,1,10,0.8,-10.3,1.122,0.3967567,0.1292517,10,24,0,27,56,90000
"2019-10-24 00:28:01.69",475,100476,17.28,13.09,85,23.805,129,7.7419,1,10,0.8,-10.4,1.111,0.39675,0.1290317,10,24,0,28,1,10000
"2019-10-24 00:28:07.47",476,100477,18.59,13.09,85,23.8043,129,7.729,1,10,0.8,-10.8,1.195,0.3967384,0.1288167,10,24,0,28,6,790000
"2019-10-24 00:28:11.24",477,100478,21.88,13.09,85,23.8038,129,7.7192,1,10,0.8,-10.9,1.407,0.39673,0.1286533,10,24,0,28,10,560000
"2019-10-24 00:28:15.93",478,100479,21.03,13.09,85,23.8033,129,7.7019,1,10,0.8,-10.7,1.352,0.3967217,0.128365,10,24,0,28,15,250000
"2019-10-24 00:28:19.57",479,100480,18.7,13.09,85,23.8028,129,7.6935,1,10,0.8,-11.1,1.203,0.3967133,0.128225,10,24,0,28,18,890000
"2019-10-24 00:28:49.44",480,100481,17.28,13.09,85,23.8041,129,7.669,1,10,0.8,-10.9,1.111,0.396735,0.1278167,10,24,0,28,48,760000
"2019-10-24 00:29:51.95",481,100482,16.54,13.08,85,23.8064,129,7.6231,1,10,0.8,-10.1,1.064,0.3967733,0.1270517,10,24,0,29,51,270000
"2019-10-24 00:29:56.59",482,100483,16.99,13.08,85,23.8059,129,7.6079,1,10,0.8,-9.8,1.093,0.396765,0.1267983,10,24,0,29,55,910000
"2019-10-24 00:30:01.59",483,100484,17.28,13.08,85,23.8047,129,7.5835,1,10,0.8,-9.8,1.111,0.396745,0.1263917,10,24,0,30,0,910000
"2019-10-24 00:30:32.73",484,100485,16.2,13.08,85,23.8049,129,7.5691,1,10,0.8,-9.7,1.042,0.3967483,0.1261517,10,24,0,30,32,50000
"2019-10-24 00:31:35.17",485,100486,16.26,13.07,85,23.8091,129,7.5349,1,10,0.8,-9.1,1.046,0.3968183,0.1255817,10,24,0,31,34,480000
"2019-10-24 00:32:42.04",486,100487,17.56,13.06,85,23.8127,129,7.5094,1,10,0.8,-9.1,1.13,0.3968783,0.1251567,10,24,0,32,41,360000
"2019-10-24 00:32:45.65",487,100488,17.45,13.07,85,23.8126,129,7.515,1,10,0.8,-9,1.122,0.3968767,0.12525,10,24,0,32,44,970000
"2019-10-24 00:32:49.08",488,100489,14.83,13.07,85,23.812,129,7.5231,1,10,0.8,-9.1,0.955,0.3968667,0.125385,10,24,0,32,48,400000
"2019-10-24 00:32:52.45",489,100490,15,13.07,85,23.8113,129,7.5346,1,10,0.8,-9.1,0.966,0.396855,0.1255767,10,24,0,32,51,770000
"2019-10-24 00:32:55.62",490,100491,15.4,13.07,85,23.8107,129,7.5425,1,10,0.8,-9.1,0.991,0.396845,0.1257083,10,24,0,32,54,940000
"2019-10-24 00:32:59.96",491,100492,12.22,13.06,85,23.8101,129,7.5553,1,11,0.8,-9.2,0.787,0.396835,0.1259217,10,24,0,32,59,280000
"2019-10-24 00:33:03.48",492,100493,11.65,13.07,85,23.8095,129,7.5671,1,11,0.8,-9.2,0.751,0.396825,0.1261183,10,24,0,33,2,800000
"2019-10-24 00:33:06.86",493,100494,14.27,13.06,85,23.809,129,7.5786,1,11,0.8,-9.4,0.918,0.3968167,0.12631,10,24,0,33,6,180000
"2019-10-24 00:33:10.6",494,100495,16.09,13.06,85,23.8084,129,7.5906,1,11,0.8,-9.4,1.035,0.3968066,0.12651,10,24,0,33,9,920000
"2019-10-24 00:33:14.81",495,100496,38.65,13.06,85,23.8078,129,7.5995,1,11,0.8,-9.6,2.482,0.3967967,0.1266583,10,24,0,33,14,130000
"2019-10-24 00:33:20.61",496,100497,17.45,13.06,85,23.8069,129,7.6107,1,11,0.8,-9.5,1.122,0.3967816,0.126845,10,24,0,33,19,930000
"2019-10-24 00:33:24.56",497,100498,18.7,13.06,85,23.8065,129,7.6159,1,11,0.8,-9.3,1.203,0.396775,0.1269317,10,24,0,33,23,880000
"2019-10-24 00:33:44.38",498,100499,32.29,13.06,85,23.8071,129,7.6118,1,11,0.8,-8.9,2.074,0.396785,0.1268633,10,24,0,33,43,700000
"2019-10-24 00:33:49.94",499,100500,34.39,13.06,85,23.8068,129,7.6136,1,11,0.8,-8.9,2.208,0.39678,0.1268933,10,24,0,33,49,250000
"2019-10-24 00:33:55.67",500,100501,48.26,13.06,85,23.8066,129,7.6148,1,11,0.8,-8.9,3.098,0.3967767,0.1269133,10,24,0,33,54,990000
"2019-10-24 00:33:58.23",501,100502,39.85,13.06,85,23.8066,129,7.6161,1,11,0.8,-8.6,2.558,0.3967767,0.126935,10,24,0,33,57,550000
"2019-10-24 00:34:05.32",502,100503,24.5,13.06,85,23.8061,129,7.6278,1,11,0.8,-8.4,1.574,0.3967684,0.12713,10,24,0,34,4,630000
"2019-10-24 00:34:19.39",503,100504,43.09,13.06,85,23.8064,129,7.6237,1,11,0.8,-8.3,2.766,0.3967733,0.1270617,10,24,0,34,18,710000
"2019-10-24 00:34:22.83",504,100505,27.85,13.06,85,23.8062,129,7.632,1,11,0.8,-8.3,1.789,0.39677,0.1272,10,24,0,34,22,150000
"2019-10-24 00:34:26.83",505,100506,30.64,13.06,85,23.8055,129,7.644,1,11,0.8,-8.5,1.968,0.3967584,0.1274,10,24,0,34,26,150000
"2019-10-24 00:34:33.34",506,100507,30.75,13.06,85,23.8053,129,7.65,1,11,0.8,-8.7,1.975,0.396755,0.1275,10,24,0,34,32,660000
"2019-10-24 00:34:36.58",507,100508,24.04,13.06,85,23.805,129,7.6569,1,11,0.8,-8.9,1.545,0.39675,0.127615,10,24,0,34,35,900000
"2019-10-24 00:34:40.31",508,100509,35.87,13.06,85,23.8046,129,7.6626,1,11,0.8,-9,2.303,0.3967433,0.12771,10,24,0,34,39,620000
"2019-10-24 00:34:44.63",509,100510,33.71,13.06,85,23.8037,129,7.6784,1,11,0.8,-9.3,2.165,0.3967283,0.1279733,10,24,0,34,43,950000
"2019-10-24 00:34:50.48",510,100511,12.33,13.06,85,23.8026,129,7.6918,1,11,0.8,-9.4,0.794,0.39671,0.1281967,10,24,0,34,49,800000
"2019-10-24 00:34:57.49",511,100512,20.86,13.06,85,23.8015,129,7.7065,1,11,0.8,-9.7,1.341,0.3966917,0.1284417,10,24,0,34,56,810000
"2019-10-24 00:35:02.49",512,100513,32.34,13.05,85,23.8009,129,7.7187,1,11,0.8,-9.9,2.077,0.3966817,0.128645,10,24,0,35,1,810000
"2019-10-24 00:35:07.17",513,100514,22.28,13.06,85,23.8003,129,7.7266,1,11,0.8,-10,1.432,0.3966717,0.1287767,10,24,0,35,6,490000
"2019-10-24 00:35:12.01",514,100515,22.11,13.05,85,23.7995,129,7.7399,1,11,0.8,-10.1,1.421,0.3966583,0.1289983,10,24,0,35,11,330000
"2019-10-24 00:35:17.48",515,100516,11.42,13.05,85,23.7987,129,7.7547,1,11,0.8,-10.2,0.736,0.396645,0.129245,10,24,0,35,16,800000
"2019-10-24 00:35:21.62",516,100517,22.45,13.05,85,23.7978,129,7.7675,1,11,0.8,-10.2,1.443,0.39663,0.1294583,10,24,0,35,20,940000
"2019-10-24 00:35:30.01",517,100518,39.34,13.05,85,23.7967,129,7.7798,1,11,0.8,-10.4,2.525,0.3966117,0.1296633,10,24,0,35,29,330000
"2019-10-24 00:35:51.66",518,100519,28.48,13.05,85,23.7969,129,7.7761,1,10,0.8,-10.3,1.829,0.396615,0.1296017,10,24,0,35,50,980000
"2019-10-24 00:35:54.78",519,100520,24.5,13.05,85,23.7963,129,7.7858,1,10,0.8,-10.2,1.574,0.396605,0.1297633,10,24,0,35,54,100000
"2019-10-24 00:35:58.07",520,100521,55.42,13.05,85,23.7956,129,7.7955,1,10,0.8,-10.3,3.557,0.3965934,0.129925,10,24,0,35,57,390000
"2019-10-24 00:36:02.12",521,100522,41.16,13.05,85,23.795,129,7.8033,1,10,0.8,-10.5,2.642,0.3965834,0.130055,10,24,0,36,1,440000
"2019-10-24 00:36:06.64",522,100523,29.96,13.05,85,23.7942,129,7.8144,1,10,0.8,-10.7,1.924,0.39657,0.13024,10,24,0,36,5,960000
"2019-10-24 00:36:10.54",523,100524,33.71,13.05,85,23.7936,129,7.8224,1,10,0.8,-10.4,2.165,0.39656,0.1303733,10,24,0,36,9,860000
"2019-10-24 00:36:14.6",524,100525,47.07,13.05,85,23.793,129,7.8296,1,10,0.8,-10.4,3.021,0.39655,0.1304933,10,24,0,36,13,920000
"2019-10-24 00:36:19.31",525,100526,33.82,13.05,85,23.7925,129,7.8343,1,10,0.8,-10.2,2.172,0.3965416,0.1305717,10,24,0,36,18,630000
"2019-10-24 00:36:24.88",526,100527,48.26,13.05,85,23.7919,129,7.8395,1,10,0.8,-9.6,3.098,0.3965317,0.1306583,10,24,0,36,24,200000
"2019-10-24 00:36:42.89",527,100528,28.02,13.05,85,23.7915,129,7.8437,1,10,0.8,-9.5,1.8,0.396525,0.1307283,10,24,0,36,42,210000
"2019-10-24 00:36:47.98",528,100529,35.87,13.05,85,23.7909,129,7.8526,1,10,0.8,-9.6,2.303,0.396515,0.1308767,10,24,0,36,47,300000
"2019-10-24 00:36:53.72",529,100530,27.8,13.05,85,23.7902,129,7.8652,1,10,0.8,-9.4,1.786,0.3965033,0.1310867,10,24,0,36,53,40000
"2019-10-24 00:36:59.69",530,100531,44.51,13.05,85,23.7892,129,7.8771,1,10,0.8,-9.3,2.857,0.3964867,0.131285,10,24,0,36,59,10000
"2019-10-24 00:37:05.1",531,100532,14.15,13.04,85,23.789,129,7.8821,1,10,0.8,-9.2,0.911,0.3964833,0.1313683,10,24,0,37,4,420000
"2019-10-24 00:37:09.85",532,100533,19.55,13.04,85,23.7879,129,7.8947,1,10,0.8,-9.2,1.257,0.396465,0.1315783,10,24,0,37,9,170000
"2019-10-24 00:37:39.84",533,100534,28.71,13.03,85,23.7871,129,7.901,1,10,0.8,-9.4,1.844,0.3964516,0.1316833,10,24,0,37,39,160000
"2019-10-24 00:37:43.99",534,100535,17.22,13.03,85,23.7861,129,7.9138,1,10,0.8,-9.6,1.108,0.396435,0.1318967,10,24,0,37,43,310000
"2019-10-24 00:37:48.76",535,100536,9.95,13.03,85,23.7847,129,7.9274,1,10,0.8,-9.7,0.641,0.3964117,0.1321233,10,24,0,37,48,80000
"2019-10-24 00:37:53.26",536,100537,10.85,13.04,85,23.7839,129,7.9364,1,10,0.8,-9.8,0.7,0.3963983,0.1322733,10,24,0,37,52,580000
"2019-10-24 00:37:57.91",537,100538,14.49,13.03,85,23.7828,129,7.947,1,10,0.8,-9.6,0.933,0.39638,0.13245,10,24,0,37,57,230000
"2019-10-24 00:38:01.55",538,100539,13.81,13.04,85,23.7816,129,7.9587,1,10,0.8,-9.7,0.889,0.39636,0.132645,10,24,0,38,0,870000
"2019-10-24 00:38:04.42",539,100540,8.69,13.04,85,23.7808,129,7.9669,1,10,0.8,-9.7,0.561,0.3963466,0.1327817,10,24,0,38,3,740000
"2019-10-24 00:38:08.91",540,100541,13.81,13.03,85,23.78,129,7.9778,1,10,0.8,-9.5,0.889,0.3963333,0.1329633,10,24,0,38,8,230000
"2019-10-24 00:42:09.93",541,100542,9.15,13.02,85,23.7916,129,7.8171,1,10,0.8,-9.7,0.59,0.3965267,0.130285,10,24,0,42,9,250000
"2019-10-24 00:42:15.43",542,100543,14.38,13.02,85,23.791,129,7.8258,1,10,0.8,-9.5,0.926,0.3965167,0.13043,10,24,0,42,14,750000
"2019-10-24 00:42:18.03",543,100544,14.55,13.02,85,23.7905,129,7.8329,1,10,0.8,-9.5,0.937,0.3965083,0.1305483,10,24,0,42,17,340000
"2019-10-24 00:42:20.61",544,100545,12.45,13.02,85,23.7896,129,7.8423,1,10,0.8,-9.4,0.802,0.3964934,0.130705,10,24,0,42,19,930000
"2019-10-24 00:42:23.55",545,100546,12.33,13.02,85,23.7888,129,7.8521,1,10,0.8,-9.5,0.794,0.39648,0.1308683,10,24,0,42,22,870000
"2019-10-24 00:42:26.7",546,100547,9.72,13.02,85,23.7882,129,7.8627,1,10,0.8,-9.4,0.627,0.39647,0.131045,10,24,0,42,26,20000
"2019-10-24 00:42:30.26",547,100548,8.81,13.02,85,23.7877,129,7.8732,1,10,0.8,-9.5,0.568,0.3964617,0.13122,10,24,0,42,29,580000
"2019-10-24 00:42:58.26",548,100549,11.94,13.02,85,23.7885,129,7.8633,1,10,0.8,-9.5,0.769,0.396475,0.131055,10,24,0,42,57,580000
"2019-10-24 00:43:01.2",549,100550,11.2,13.02,85,23.7879,129,7.8754,1,10,0.8,-9.4,0.722,0.396465,0.1312567,10,24,0,43,0,520000
"2019-10-24 00:43:03.92",550,100551,10.17,13.01,85,23.7873,129,7.8875,1,10,0.8,-9.3,0.656,0.396455,0.1314583,10,24,0,43,3,240000
"2019-10-24 00:43:06.99",551,100552,11.08,13.01,85,23.7867,129,7.9007,1,10,0.8,-9.3,0.714,0.396445,0.1316783,10,24,0,43,6,310000
"2019-10-24 00:43:09.2",552,100553,9.21,13.02,85,23.7861,129,7.9097,1,10,0.8,-9.3,0.594,0.396435,0.1318283,10,24,0,43,8,520000
"2019-10-24 00:43:11.57",553,100554,8.87,13.01,85,23.7853,129,7.9228,1,10,0.8,-9.3,0.572,0.3964216,0.1320467,10,24,0,43,10,890000
"2019-10-24 00:43:14.09",554,100555,10.85,13.01,85,23.7849,129,7.9296,1,10,0.8,-9.2,0.7,0.396415,0.13216,10,24,0,43,13,410000
"2019-10-24 00:43:17.1",555,100556,14.15,13.01,85,23.7844,129,7.9416,1,10,0.8,-8.9,0.911,0.3964067,0.13236,10,24,0,43,16,420000
"2019-10-24 00:43:20.46",556,100557,9.72,13.01,85,23.7836,129,7.9538,1,10,0.8,-8.8,0.627,0.3963933,0.1325633,10,24,0,43,19,780000
"2019-10-24 00:43:24.02",557,100558,10.51,13.01,85,23.783,129,7.9619,1,10,0.8,-8.9,0.678,0.3963834,0.1326983,10,24,0,43,23,340000
"2019-10-24 00:43:28.92",558,100559,9.6,13.01,85,23.7825,129,7.9712,1,10,0.8,-8.7,0.62,0.396375,0.1328533,10,24,0,43,28,240000
"2019-10-24 00:43:33.06",559,100560,12.9,13.01,85,23.7818,129,7.9844,1,10,0.8,-8.8,0.831,0.3963633,0.1330733,10,24,0,43,32,380000
"2019-10-24 00:43:35.98",560,100561,23.65,13.01,85,23.7811,129,7.9967,1,10,0.8,-8.8,1.52,0.3963517,0.1332783,10,24,0,43,35,300000
"2019-10-24 00:43:38.74",561,100562,15.29,13.01,85,23.7803,129,8.0101,1,10,0.8,-8.6,0.984,0.3963384,0.1335017,10,24,0,43,38,60000
"2019-10-24 00:43:41.39",562,100563,15.97,13.01,85,23.7796,129,8.0213,1,10,0.8,-8.7,1.028,0.3963267,0.1336884,10,24,0,43,40,710000
"2019-10-24 00:43:44.54",563,100564,22.17,13.01,85,23.7791,129,8.0321,1,10,0.8,-8.8,1.425,0.3963184,0.1338683,10,24,0,43,43,860000
"2019-10-24 00:43:50.31",564,100565,15.18,13.01,85,23.7791,129,8.034,1,10,0.8,-8.9,0.977,0.3963184,0.1339,10,24,0,43,49,630000
"2019-10-24 00:43:53.6",565,100566,22.96,13.01,85,23.7782,129,8.0484,1,10,0.8,-8.9,1.476,0.3963033,0.13414,10,24,0,43,52,920000
"2019-10-24 00:43:57.34",566,100567,13.7,13.01,85,23.7777,129,8.0566,1,10,0.8,-8.8,0.882,0.396295,0.1342767,10,24,0,43,56,650000
"2019-10-24 00:44:00.65",567,100568,22.11,13.01,85,23.7769,129,8.0708,1,10,0.8,-8.8,1.421,0.3962816,0.1345133,10,24,0,43,59,970000
"2019-10-24 00:44:04.39",568,100569,20.18,13.01,85,23.7761,129,8.087,1,10,0.8,-8.8,1.297,0.3962683,0.1347833,10,24,0,44,3,700000
"2019-10-24 00:44:08.05",569,100570,21.43,13.01,85,23.7757,129,8.094499,1,10,0.8,-8.6,1.377,0.3962617,0.1349083,10,24,0,44,7,370000
"2019-10-24 00:44:11.84",570,100571,18.47,13.01,85,23.7746,129,8.1112,1,10,0.8,-8.7,1.188,0.3962433,0.1351867,10,24,0,44,11,160000
"2019-10-24 00:44:16.09",571,100572,19.27,13,85,23.7738,129,8.1257,1,10,0.8,-8.6,1.239,0.39623,0.1354283,10,24,0,44,15,410000
"2019-10-24 00:44:19.81",572,100573,11.65,13.01,85,23.7732,129,8.1376,1,10,0.8,-8.7,0.751,0.39622,0.1356267,10,24,0,44,19,130000
"2019-10-24 00:44:23.02",573,100574,8.58,13.01,85,23.7726,129,8.1507,1,11,0.7,-8.5,0.554,0.39621,0.135845,10,24,0,44,22,340000
"2019-10-24 00:44:25.76",574,100575,8.69,13.01,85,23.7719,129,8.1632,1,11,0.7,-8.3,0.561,0.3961983,0.1360533,10,24,0,44,25,80000
"2019-10-24 00:44:28.54",575,100576,9.95,13.01,85,23.7713,129,8.177,1,11,0.7,-8.2,0.641,0.3961883,0.1362833,10,24,0,44,27,860000
"2019-10-24 00:44:30.78",576,100577,9.15,13.01,85,23.7708,129,8.1876,1,11,0.7,-8.1,0.59,0.39618,0.13646,10,24,0,44,30,90000
"2019-10-24 00:44:33.6",577,100578,10.68,13,85,23.7701,129,8.2009,1,11,0.7,-7.9,0.689,0.3961683,0.1366817,10,24,0,44,32,920000
"2019-10-24 00:44:35.82",578,100579,11.2,13.01,85,23.7695,129,8.2099,1,11,0.7,-7.8,0.722,0.3961583,0.1368317,10,24,0,44,35,140000
"2019-10-24 00:44:38.28",579,100580,19.61,13,85,23.7691,129,8.218799,1,11,0.7,-7.7,1.261,0.3961517,0.13698,10,24,0,44,37,600000
"2019-10-24 00:44:40.61",580,100581,11.42,13,85,23.7685,129,8.2305,1,11,0.7,-7.4,0.736,0.3961416,0.137175,10,24,0,44,39,930000
"2019-10-24 00:44:43.36",581,100582,13.98,13.01,85,23.7678,129,8.2393,1,11,0.7,-7.3,0.9,0.39613,0.1373217,10,24,0,44,42,670000
"2019-10-24 00:44:46.01",582,100583,17.17,13.01,85,23.7674,129,8.2473,1,11,0.7,-7.2,1.104,0.3961234,0.137455,10,24,0,44,45,330000
"2019-10-24 00:44:48.54",583,100584,15.4,13.01,85,23.7668,129,8.2572,1,11,0.7,-7.1,0.991,0.3961133,0.13762,10,24,0,44,47,860000
"2019-10-24 00:44:51.31",584,100585,14.1,13,85,23.7665,129,8.2632,1,11,0.7,-7,0.907,0.3961083,0.13772,10,24,0,44,50,630000
"2019-10-24 00:44:54.09",585,100586,10,13,85,23.7659,129,8.2711,1,11,0.7,-6.8,0.645,0.3960983,0.1378517,10,24,0,44,53,410000
"2019-10-24 00:44:57.36",586,100587,9.04,13,85,23.7651,129,8.281901,1,11,0.7,-6.7,0.583,0.396085,0.1380317,10,24,0,44,56,660000
"2019-10-24 00:45:00.76",587,100588,10.29,13,85,23.7643,129,8.2965,1,11,0.7,-6.8,0.663,0.3960716,0.138275,10,24,0,45,0,70000
"2019-10-24 00:45:04.58",588,100589,17.62,13,85,23.7638,129,8.309301,1,11,0.7,-6.6,1.133,0.3960633,0.1384883,10,24,0,45,3,900000
"2019-10-24 00:45:08.14",589,100590,13.75,13,85,23.7634,129,8.3158,1,11,0.7,-6.7,0.886,0.3960566,0.1385967,10,24,0,45,7,460000
"2019-10-24 00:45:12.07",590,100591,15.52,13,85,23.7624,129,8.3307,1,11,0.7,-6.7,0.998,0.39604,0.138845,10,24,0,45,11,390000
"2019-10-24 00:45:15.62",591,100592,12.39,13,85,23.7616,129,8.3433,1,11,0.7,-6.5,0.798,0.3960267,0.139055,10,24,0,45,14,940000
"2019-10-24 00:45:22.56",592,100593,19.95,13,85,23.7614,129,8.3467,1,11,0.7,-6.5,1.283,0.3960233,0.1391117,10,24,0,45,21,880000
"2019-10-24 00:45:26.33",593,100594,13.58,13,85,23.7608,129,8.358499,1,11,0.7,-6.5,0.875,0.3960133,0.1393083,10,24,0,45,25,640000
"2019-10-24 00:45:29.86",594,100595,13.81,13,85,23.7599,129,8.3722,1,11,0.7,-6.5,0.889,0.3959983,0.1395367,10,24,0,45,29,180000
"2019-10-24 00:45:33.75",595,100596,13.98,13,85,23.7591,129,8.3855,1,11,0.7,-6.3,0.9,0.395985,0.1397583,10,24,0,45,33,70000
"2019-10-24 00:45:37.52",596,100597,9.49,13,85,23.7586,129,8.394301,1,11,0.7,-6.2,0.612,0.3959767,0.139905,10,24,0,45,36,840000
"2019-10-24 00:45:40.72",597,100598,11.99,13,85,23.7579,129,8.4061,1,11,0.7,-6.1,0.773,0.395965,0.1401017,10,24,0,45,40,40000
"2019-10-24 00:45:43.19",598,100599,12.22,13,85,23.7573,129,8.4157,1,11,0.7,-6.1,0.787,0.395955,0.1402617,10,24,0,45,42,510000
"2019-10-24 00:45:46.38",599,100600,17.45,13,85,23.7564,129,8.427301,1,11,0.7,-6,1.122,0.39594,0.140455,10,24,0,45,45,700000
"2019-10-24 00:45:50.54",600,100601,10.4,13,85,23.7558,129,8.4409,1,11,0.7,-5.8,0.671,0.39593,0.1406817,10,24,0,45,49,860000
"2019-10-24 00:45:54.46",601,100602,7.899,13,85,23.7553,129,8.4529,1,11,0.7,-5.8,0.51,0.3959217,0.1408817,10,24,0,45,53,780000
"2019-10-24 00:45:58.59",602,100603,9.15,13,85,23.7545,129,8.4699,1,11,0.7,-5.8,0.59,0.3959083,0.141165,10,24,0,45,57,910000
"2019-10-24 00:46:27.66",603,100604,8.69,13,85,23.7554,129,8.4626,1,11,0.7,-5.7,0.561,0.3959233,0.1410433,10,24,0,46,26,980000
"2019-10-24 00:46:39.55",604,100605,29.62,13,85,23.7553,129,8.465901,1,11,0.7,-5.7,1.902,0.3959217,0.1410983,10,24,0,46,38,870000
"2019-10-24 00:46:43.34",605,100606,29.62,12.99,85,23.7545,129,8.4782,1,11,0.7,-5.6,1.902,0.3959083,0.1413033,10,24,0,46,42,660000
"2019-10-24 00:46:46.51",606,100607,33.77,13,85,23.754,129,8.4868,1,11,0.7,-5.5,2.168,0.3959,0.1414467,10,24,0,46,45,830000
"2019-10-24 00:46:49.77",607,100608,15.63,13,85,23.7535,129,8.4959,1,11,0.7,-5.2,1.006,0.3958917,0.1415983,10,24,0,46,49,90000
"2019-10-24 00:46:52.75",608,100609,21.03,13,85,23.7529,129,8.5077,1,11,0.7,-5.4,1.352,0.3958816,0.141795,10,24,0,46,52,70000
"2019-10-24 00:46:55.19",609,100610,13.58,13,85,23.7524,129,8.5163,1,11,0.7,-5.5,0.875,0.3958733,0.1419383,10,24,0,46,54,510000
"2019-10-24 00:46:57.75",610,100611,9.32,13,85,23.7517,129,8.5315,1,11,0.7,-5.6,0.601,0.3958616,0.1421917,10,24,0,46,57,70000
"2019-10-24 00:47:00.13",611,100612,8.98,13,85,23.7512,129,8.5421,1,11,0.7,-5.5,0.579,0.3958534,0.1423683,10,24,0,46,59,450000
"2019-10-24 00:47:02.23",612,100613,8.69,13,85,23.7506,129,8.5528,1,11,0.7,-5.5,0.561,0.3958434,0.1425467,10,24,0,47,1,550000
"2019-10-24 00:47:04.34",613,100614,8.64,13,85,23.7499,129,8.5639,1,11,0.7,-5.5,0.558,0.3958317,0.1427317,10,24,0,47,3,650000
"2019-10-24 00:47:06.62",614,100615,8.58,13,85,23.7491,129,8.5786,1,11,0.7,-5.5,0.554,0.3958183,0.1429767,10,24,0,47,5,940000
"2019-10-24 00:47:08.91",615,100616,9.95,13,85,23.7486,129,8.5876,1,11,0.7,-5.5,0.641,0.39581,0.1431267,10,24,0,47,8,230000
"2019-10-24 00:47:11.51",616,100617,17.56,12.99,85,23.748,129,8.5993,1,11,0.7,-5.5,1.13,0.3958,0.1433217,10,24,0,47,10,830000
"2019-10-24 00:47:14.38",617,100618,10.51,13,85,23.7473,129,8.6117,1,11,0.7,-5.4,0.678,0.3957883,0.1435283,10,24,0,47,13,700000
"2019-10-24 00:47:17.13",618,100619,14.49,12.99,85,23.747,129,8.6188,1,11,0.7,-5.4,0.933,0.3957833,0.1436467,10,24,0,47,16,450000
"2019-10-24 00:47:19.99",619,100620,19.5,12.99,85,23.7465,129,8.6334,1,11,0.7,-5.4,1.254,0.395775,0.14389,10,24,0,47,19,310000
"2019-10-24 00:47:23.5",620,100621,11.42,12.99,85,23.7458,129,8.6467,1,11,0.7,-5.5,0.736,0.3957633,0.1441117,10,24,0,47,22,820000
"2019-10-24 00:47:26.51",621,100622,13.64,12.99,85,23.7454,129,8.654801,1,11,0.7,-5.5,0.878,0.3957567,0.1442467,10,24,0,47,25,830000
"2019-10-24 00:47:29.96",622,100623,12.9,12.99,85,23.7448,129,8.667,1,11,0.7,-5.5,0.831,0.3957467,0.14445,10,24,0,47,29,280000
"2019-10-24 00:47:33.34",623,100624,22.68,12.99,85,23.7441,129,8.6797,1,11,0.7,-5.6,1.458,0.395735,0.1446617,10,24,0,47,32,660000
"2019-10-24 00:47:36.76",624,100625,14.83,12.99,85,23.7434,129,8.6916,1,11,0.7,-5.5,0.955,0.3957234,0.14486,10,24,0,47,36,70000
"2019-10-24 00:47:39.97",625,100626,11.42,12.99,85,23.7431,129,8.7018,1,11,0.7,-5.6,0.736,0.3957183,0.14503,10,24,0,47,39,290000
"2019-10-24 00:47:43.8",626,100627,10.8,12.99,85,23.7422,129,8.7172,1,11,0.7,-5.7,0.696,0.3957034,0.1452867,10,24,0,47,43,120000
"2019-10-24 00:47:46.77",627,100628,7.558,12.99,85,23.7416,129,8.7313,1,11,0.7,-5.6,0.488,0.3956933,0.1455217,10,24,0,47,46,90000
"2019-10-24 00:47:49.57",628,100629,7.671,12.99,85,23.7408,129,8.745,1,11,0.7,-5.8,0.496,0.39568,0.14575,10,24,0,47,48,890000
"2019-10-24 00:47:53.33",629,100630,7.217,12.99,85,23.74,129,8.7593,1,11,0.7,-5.7,0.466,0.3956666,0.1459883,10,24,0,47,52,640000
"2019-10-24 00:47:56.06",630,100631,10.17,12.99,85,23.7397,129,8.7653,1,11,0.7,-5.8,0.656,0.3956617,0.1460883,10,24,0,47,55,380000
"2019-10-24 00:47:58.39",631,100632,5.852,12.99,85,23.739,129,8.7795,1,11,0.7,-5.6,0.379,0.39565,0.146325,10,24,0,47,57,710000
"2019-10-24 00:48:00.71",632,100633,6.534,12.99,85,23.7386,129,8.7898,1,11,0.7,-5.7,0.423,0.3956433,0.1464967,10,24,0,48,0,30000
"2019-10-24 00:48:03.16",633,100634,8.01,12.99,85,23.7382,129,8.7978,1,11,0.7,-5.7,0.517,0.3956366,0.14663,10,24,0,48,2,480000
"2019-10-24 00:48:05.85",634,100635,11.48,12.98,85,23.7377,129,8.8097,1,11,0.7,-5.6,0.74,0.3956283,0.1468283,10,24,0,48,5,170000
"2019-10-24 00:48:10.25",635,100636,13.3,12.99,85,23.7372,129,8.8235,1,11,0.7,-5.5,0.856,0.39562,0.1470583,10,24,0,48,9,570000
"2019-10-24 00:48:12.93",636,100637,16.77,12.98,85,23.7372,129,8.8244,1,11,0.7,-5.5,1.079,0.39562,0.1470733,10,24,0,48,12,240000
"2019-10-24 00:48:15.92",637,100638,16.31,12.99,85,23.7367,129,8.837,1,11,0.7,-5.5,1.05,0.3956117,0.1472833,10,24,0,48,15,240000
"2019-10-24 00:48:20.32",638,100639,14.21,12.99,85,23.736,129,8.8514,1,11,0.7,-5.3,0.915,0.3956,0.1475233,10,24,0,48,19,640000
"2019-10-24 00:48:23.86",639,100640,12.22,12.99,85,23.7358,129,8.857099,1,11,0.7,-5.3,0.787,0.3955966,0.1476183,10,24,0,48,23,180000
"2019-10-24 00:48:27.09",640,100641,14.04,12.98,85,23.7352,129,8.868301,1,11,0.7,-5.3,0.904,0.3955867,0.147805,10,24,0,48,26,400000
"2019-10-24 00:48:30.33",641,100642,15.86,12.99,85,23.7347,129,8.8791,1,11,0.7,-5.4,1.02,0.3955783,0.147985,10,24,0,48,29,640000
"2019-10-24 00:48:35.36",642,100643,19.67,12.99,85,23.734,129,8.9007,1,11,0.7,-5.6,1.265,0.3955666,0.148345,10,24,0,48,34,680000
"2019-10-24 00:48:40.3",643,100644,14.32,12.98,85,23.7339,129,8.9059,1,11,0.7,-5.6,0.922,0.395565,0.1484317,10,24,0,48,39,620000
"2019-10-24 00:48:46.16",644,100645,21.77,12.98,85,23.7333,129,8.9206,1,11,0.7,-5.9,1.399,0.395555,0.1486767,10,24,0,48,45,480000
"2019-10-24 00:48:50.33",645,100646,19.27,12.98,85,23.7326,129,8.9339,1,11,0.7,-5.6,1.239,0.3955433,0.1488983,10,24,0,48,49,640000
"2019-10-24 00:49:16.13",646,100647,18.36,12.98,85,23.7328,129,8.9314,1,11,0.7,-5.1,1.181,0.3955466,0.1488567,10,24,0,49,15,440000
"2019-10-24 00:49:50.34",647,100648,0.111,12.98,85,23.7324,129,8.9155,1,11,0.7,-4.4,0.011,0.39554,0.1485917,10,24,0,49,49,650000
"2019-10-24 00:49:59.71",648,100649,120.2,12.98,85,23.7328,129,8.9104,1,11,0.7,-4.5,7.711,0.3955466,0.1485067,10,24,0,49,59,30000
