"TOA5","43467","CR800","43467","CR800.Std.32.02","CPU:AWI_V2.1_Katrin.CR8","5929","OperatorView"
"TIMESTAMP","RECORD","Counter","DepthCm","BattVolts","latitude_a","latitude_b","Longitude_a","Longitude_b","fix_quality","nmbr_satellites","HDOP","altitudeB","DepthVolts","LatitudeDDDDD","LongitudeDDDDD","month","dayofmonth","hourofday","minutes","seconds","microseconds"
"TS","RN","","","","degrees","minutes","degrees","minutes","unitless","","","","","","","","","","","",""
"","","Smp","Smp","Smp","Smp","Smp","Smp","Smp","Smp","Smp","Smp","Smp","Smp","Smp","Smp","Smp","Smp","Smp","Smp","Smp","Smp"
"2019-11-28 00:00:37.68",6457,100001,12.51,13.19,86,10.0332,116,55.5337,1,8,0.9,4,0.806,0.16722,0.9255617,11,28,0,0,37,0
"2019-11-28 00:00:46.27",6458,100002,120.2,13.18,86,10.0328,116,55.5296,1,8,0.9,0.6,7.709,0.1672133,0.9254933,11,28,0,0,45,590000
"2019-11-28 00:00:59.67",6459,100003,11.09,13.18,86,10.033,116,55.5111,1,8,0.9,-3.6,0.715,0.1672167,0.925185,11,28,0,0,58,990000
"2019-11-28 00:01:18.73",6460,100004,10.86,13.18,86,10.0364,116,55.4862,1,9,0.8,-5.5,0.7,0.1672733,0.92477,11,28,0,1,18,50000
"2019-11-28 00:01:24.78",6461,100005,6.425,13.17,86,10.0389,116,55.4823,1,9,0.8,-5.3,0.416,0.167315,0.924705,11,28,0,1,24,100000
"2019-11-28 00:01:29.37",6462,100006,11.37,13.17,86,10.0394,116,55.4779,1,9,0.8,-5,0.733,0.1673233,0.9246317,11,28,0,1,28,690000
"2019-11-28 00:01:34.16",6463,100007,10.86,13.16,86,10.0411,116,55.4793,1,9,0.8,-4.4,0.7,0.1673517,0.924655,11,28,0,1,33,480000
"2019-11-28 00:01:40.03",6464,100008,20.65,13.16,86,10.0434,116,55.4975,1,9,0.8,-4.4,1.327,0.16739,0.9249583,11,28,0,1,39,340000
"2019-11-28 00:01:46.65",6465,100009,25.08,13.16,86,10.0452,116,55.5338,1,9,0.8,-4.6,1.612,0.16742,0.9255633,11,28,0,1,45,970000
"2019-11-28 00:01:53.45",6466,100010,13.76,13.16,86,10.0462,116,55.5682,1,9,0.8,-4.5,0.886,0.1674367,0.9261366,11,28,0,1,52,770000
"2019-11-28 00:01:59.85",6467,100011,29.12,13.16,86,10.0471,116,55.6002,1,9,0.8,-4.8,1.871,0.1674517,0.92667,11,28,0,1,59,170000
"2019-11-28 00:02:03.74",6468,100012,32.76,13.16,86,10.0475,116,55.619,1,10,0.7,-4.8,2.104,0.1674583,0.9269833,11,28,0,2,3,60000
"2019-11-28 00:02:07.6",6469,100013,12.34,13.15,86,10.0479,116,55.6369,1,10,0.7,-4.7,0.795,0.167465,0.9272817,11,28,0,2,6,920000
"2019-11-28 00:02:11.91",6470,100014,33.05,13.16,86,10.0483,116,55.6542,1,10,0.7,-5.2,2.122,0.1674717,0.9275701,11,28,0,2,11,230000
"2019-11-28 00:02:15.1",6471,100015,30.72,13.15,86,10.0489,116,55.6661,1,10,0.7,-5.6,1.973,0.1674817,0.9277683,11,28,0,2,14,410000
"2019-11-28 00:02:18.83",6472,100016,23.43,13.15,86,10.0497,116,55.6883,1,10,0.7,-5.9,1.506,0.167495,0.9281384,11,28,0,2,18,150000
"2019-11-28 00:02:23.16",6473,100017,22.35,13.15,86,10.0503,116,55.7095,1,10,0.7,-5.8,1.437,0.167505,0.9284917,11,28,0,2,22,480000
"2019-11-28 00:02:27.1",6474,100018,36.86,13.15,86,10.0507,116,55.7314,1,10,0.7,-5.8,2.367,0.1675117,0.9288566,11,28,0,2,26,420000
"2019-11-28 00:02:30.6",6475,100019,15.3,13.14,86,10.0513,116,55.7545,1,10,0.7,-5.6,0.985,0.1675217,0.9292417,11,28,0,2,29,920000
"2019-11-28 00:02:34.44",6476,100020,11.89,13.14,86,10.0516,116,55.7676,1,10,0.7,-5.8,0.766,0.1675267,0.92946,11,28,0,2,33,760000
"2019-11-28 00:02:38.4",6477,100021,32.54,13.15,86,10.0522,116,55.7886,1,10,0.7,-5.8,2.09,0.1675367,0.92981,11,28,0,2,37,720000
"2019-11-28 00:02:42.41",6478,100022,16.44,13.14,86,10.0526,116,55.8078,1,10,0.7,-5.9,1.058,0.1675433,0.93013,11,28,0,2,41,730000
"2019-11-28 00:02:46.24",6479,100023,26.68,13.14,86,10.0533,116,55.8282,1,10,0.7,-5.9,1.714,0.167555,0.9304701,11,28,0,2,45,560000
"2019-11-28 00:02:50.36",6480,100024,13.14,13.14,86,10.054,116,55.8497,1,10,0.7,-6,0.846,0.1675667,0.9308283,11,28,0,2,49,680000
"2019-11-28 00:02:55.16",6481,100025,36.35,13.14,86,10.0546,116,55.8725,1,10,0.7,-6.3,2.334,0.1675767,0.9312084,11,28,0,2,54,480000
"2019-11-28 00:02:59.42",6482,100026,27.13,13.14,86,10.0551,116,55.8946,1,10,0.7,-6.6,1.743,0.167585,0.9315766,11,28,0,2,58,740000
"2019-11-28 00:03:02.71",6483,100027,19.51,13.14,86,10.0557,116,55.9114,1,10,0.7,-6.8,1.254,0.167595,0.9318567,11,28,0,3,2,30000
"2019-11-28 00:03:06.07",6484,100028,23.61,13.14,86,10.056,116,55.9237,1,10,0.7,-7,1.517,0.1676,0.9320616,11,28,0,3,5,390000
"2019-11-28 00:03:09.76",6485,100029,10.98,13.14,86,10.0568,116,55.9415,1,10,0.7,-7.1,0.707,0.1676133,0.9323584,11,28,0,3,9,80000
"2019-11-28 00:03:13.23",6486,100030,15.98,13.13,86,10.0572,116,55.953,1,10,0.7,-7.1,1.028,0.16762,0.93255,11,28,0,3,12,550000
"2019-11-28 00:03:16.9",6487,100031,23.32,13.13,86,10.0577,116,55.9708,1,10,0.7,-7.3,1.499,0.1676283,0.9328466,11,28,0,3,16,210000
"2019-11-28 00:03:20.67",6488,100032,24.57,13.13,86,10.0587,116,55.9845,1,10,0.7,-7.5,1.579,0.167645,0.933075,11,28,0,3,19,990000
"2019-11-28 00:03:24.14",6489,100033,33.85,13.13,86,10.0593,116,55.9944,1,10,0.7,-7.7,2.173,0.167655,0.93324,11,28,0,3,23,450000
"2019-11-28 00:03:27.29",6490,100034,20.65,13.13,86,10.0599,116,56.0027,1,10,0.7,-7.8,1.327,0.167665,0.9333783,11,28,0,3,26,610000
"2019-11-28 00:03:30.16",6491,100035,15.47,13.13,86,10.0603,116,56.0146,1,10,0.7,-7.9,0.996,0.1676717,0.9335766,11,28,0,3,29,480000
"2019-11-28 00:03:33.96",6492,100036,39.08,13.13,86,10.0611,116,56.0333,1,10,0.8,-8.1,2.509,0.167685,0.9338883,11,28,0,3,33,280000
"2019-11-28 00:03:37.09",6493,100037,44.65,13.13,86,10.0615,116,56.0442,1,11,0.7,-8.3,2.866,0.1676917,0.93407,11,28,0,3,36,410000
"2019-11-28 00:03:40.75",6494,100038,30.32,13.12,86,10.0619,116,56.0602,1,11,0.7,-8.3,1.947,0.1676983,0.9343366,11,28,0,3,40,70000
"2019-11-28 00:03:44.03",6495,100039,30.89,13.12,86,10.0623,116,56.0763,1,11,0.7,-8.5,1.984,0.167705,0.934605,11,28,0,3,43,350000
"2019-11-28 00:03:47.72",6496,100040,36.69,13.12,86,10.0625,116,56.097,1,11,0.7,-8.5,2.356,0.1677083,0.93495,11,28,0,3,47,40000
"2019-11-28 00:03:51.7",6497,100041,50.51,13.12,86,10.0631,116,56.1148,1,11,0.7,-8.4,3.242,0.1677183,0.9352466,11,28,0,3,51,20000
"2019-11-28 00:03:56.15",6498,100042,26.39,13.12,86,10.0632,116,56.1319,1,11,0.7,-8.4,1.696,0.16772,0.9355317,11,28,0,3,55,460000
"2019-11-28 00:03:59.97",6499,100043,35.89,13.12,86,10.0637,116,56.1505,1,11,0.7,-8.2,2.305,0.1677283,0.9358417,11,28,0,3,59,290000
"2019-11-28 00:04:03.67",6500,100044,23.66,13.11,86,10.0639,116,56.1722,1,12,0.7,-8.3,1.521,0.1677317,0.9362033,11,28,0,4,2,990000
"2019-11-28 00:04:07.29",6501,100045,15.3,13.11,86,10.0637,116,56.1885,1,12,0.7,-8.5,0.985,0.1677283,0.936475,11,28,0,4,6,610000
"2019-11-28 00:04:10.83",6502,100046,19.74,13.12,86,10.0637,116,56.2141,1,12,0.7,-8.6,1.269,0.1677283,0.9369017,11,28,0,4,10,150000
"2019-11-28 00:04:14.4",6503,100047,11.43,13.11,86,10.0635,116,56.2307,1,12,0.7,-8.5,0.737,0.167725,0.9371784,11,28,0,4,13,720000
"2019-11-28 00:04:17.82",6504,100048,28.21,13.11,86,10.0638,116,56.253,1,12,0.7,-8.3,1.812,0.16773,0.9375499,11,28,0,4,17,140000
"2019-11-28 00:04:21.57",6505,100049,15.07,13.11,86,10.0647,116,56.2764,1,12,0.7,-8.3,0.97,0.167745,0.93794,11,28,0,4,20,890000
"2019-11-28 00:04:25.31",6506,100050,35.95,13.1,86,10.0657,116,56.2885,1,12,0.7,-8.5,2.308,0.1677617,0.9381417,11,28,0,4,24,630000
"2019-11-28 00:04:28.74",6507,100051,23.09,13.11,86,10.067,116,56.3015,1,12,0.7,-8.6,1.484,0.1677833,0.9383583,11,28,0,4,28,60000
"2019-11-28 00:04:32.73",6508,100052,24.63,13.1,86,10.0682,116,56.3016,1,12,0.7,-9,1.583,0.1678033,0.93836,11,28,0,4,32,50000
"2019-11-28 00:04:36.63",6509,100053,14.62,13.1,86,10.0695,116,56.2988,1,12,0.7,-9.2,0.941,0.167825,0.9383134,11,28,0,4,35,950000
"2019-11-28 00:04:40.21",6510,100054,8.02,13.1,86,10.0707,116,56.2965,1,12,0.7,-9.5,0.518,0.167845,0.938275,11,28,0,4,39,530000
"2019-11-28 00:04:43.36",6511,100055,6.539,13.1,86,10.0721,116,56.2991,1,12,0.7,-9.5,0.423,0.1678683,0.9383183,11,28,0,4,42,680000
"2019-11-28 00:04:46.42",6512,100056,9.5,13.1,86,10.0733,116,56.3013,1,12,0.7,-9.6,0.613,0.1678883,0.938355,11,28,0,4,45,740000
"2019-11-28 00:04:49.58",6513,100057,12.57,13.1,86,10.0753,116,56.3031,1,12,0.7,-9.7,0.81,0.1679217,0.938385,11,28,0,4,48,900000
"2019-11-28 00:04:53.07",6514,100058,13.14,13.1,86,10.0767,116,56.3076,1,12,0.7,-9.7,0.846,0.167945,0.93846,11,28,0,4,52,380000
"2019-11-28 00:04:56.25",6515,100059,12,13.1,86,10.0781,116,56.3114,1,12,0.7,-9.9,0.773,0.1679683,0.9385234,11,28,0,4,55,570000
"2019-11-28 00:04:59.34",6516,100060,13.48,13.1,86,10.0794,116,56.3162,1,12,0.7,-10.1,0.868,0.16799,0.9386034,11,28,0,4,58,660000
"2019-11-28 00:05:03.03",6517,100061,14.39,13.1,86,10.0816,116,56.3199,1,12,0.7,-9.8,0.926,0.1680267,0.938665,11,28,0,5,2,350000
"2019-11-28 00:05:05.84",6518,100062,14.85,13.09,86,10.0829,116,56.3204,1,12,0.7,-9.5,0.955,0.1680483,0.9386733,11,28,0,5,5,160000
"2019-11-28 00:05:08.84",6519,100063,9.78,13.09,86,10.0845,116,56.3198,1,12,0.7,-9.2,0.631,0.168075,0.9386634,11,28,0,5,8,160000
"2019-11-28 00:05:11.76",6520,100064,17.86,13.09,86,10.0857,116,56.3252,1,12,0.7,-9.3,1.149,0.168095,0.9387533,11,28,0,5,11,80000
"2019-11-28 00:05:15.24",6521,100065,22.7,13.09,86,10.0868,116,56.3275,1,12,0.7,-9.4,1.459,0.1681133,0.9387916,11,28,0,5,14,560000
"2019-11-28 00:05:18.35",6522,100066,11.49,13.09,86,10.0882,116,56.3316,1,12,0.7,-9.4,0.74,0.1681367,0.93886,11,28,0,5,17,670000
"2019-11-28 00:05:21.35",6523,100067,11.43,13.09,86,10.0898,116,56.3342,1,12,0.7,-9.3,0.737,0.1681633,0.9389034,11,28,0,5,20,670000
"2019-11-28 00:05:24.31",6524,100068,11.66,13.08,86,10.0913,116,56.3378,1,12,0.7,-9.3,0.751,0.1681883,0.9389633,11,28,0,5,23,630000
"2019-11-28 00:05:27.28",6525,100069,9.61,13.09,86,10.0928,116,56.3408,1,12,0.7,-9.3,0.62,0.1682133,0.9390134,11,28,0,5,26,600000
"2019-11-28 00:05:30.48",6526,100070,8.25,13.08,86,10.0943,116,56.3413,1,12,0.7,-9.3,0.532,0.1682383,0.9390217,11,28,0,5,29,800000
"2019-11-28 00:05:33.55",6527,100071,8.87,13.08,86,10.0963,116,56.3427,1,12,0.7,-9.2,0.573,0.1682717,0.939045,11,28,0,5,32,870000
"2019-11-28 00:05:36.57",6528,100072,7.222,13.08,86,10.0976,116,56.346,1,12,0.7,-9.2,0.467,0.1682933,0.9391,11,28,0,5,35,890000
"2019-11-28 00:05:39.64",6529,100073,7.45,13.08,86,10.0993,116,56.3445,1,12,0.7,-9,0.481,0.1683217,0.939075,11,28,0,5,38,960000
"2019-11-28 00:05:42.04",6530,100074,18.54,13.08,86,10.1001,116,56.3458,1,12,0.7,-8.9,1.193,0.168335,0.9390966,11,28,0,5,41,360000
"2019-11-28 00:05:44.9",6531,100075,10.98,13.08,86,10.1017,116,56.3498,1,12,0.7,-8.9,0.708,0.1683617,0.9391634,11,28,0,5,44,220000
"2019-11-28 00:05:47.78",6532,100076,16.27,13.08,86,10.1032,116,56.3487,1,12,0.7,-8.8,1.047,0.1683867,0.939145,11,28,0,5,47,100000
"2019-11-28 00:05:51.11",6533,100077,12.91,13.08,86,10.1047,116,56.3504,1,12,0.7,-8.7,0.832,0.1684117,0.9391734,11,28,0,5,50,430000
"2019-11-28 00:05:54.16",6534,100078,9.73,13.07,86,10.106,116,56.3524,1,12,0.7,-8.3,0.627,0.1684333,0.9392067,11,28,0,5,53,480000
"2019-11-28 00:05:57.49",6535,100079,8.93,13.08,86,10.1075,116,56.3552,1,12,0.7,-8.4,0.576,0.1684583,0.9392534,11,28,0,5,56,810000
"2019-11-28 00:06:01.01",6536,100080,11.49,13.08,86,10.1092,116,56.355,1,12,0.7,-8.4,0.74,0.1684867,0.93925,11,28,0,6,0,330000
"2019-11-28 00:06:03.86",6537,100081,7.962,13.07,86,10.1106,116,56.3589,1,12,0.7,-8.4,0.514,0.16851,0.939315,11,28,0,6,3,180000
"2019-11-28 00:06:07.08",6538,100082,14.16,13.07,86,10.112,116,56.3645,1,12,0.7,-8.1,0.912,0.1685333,0.9394083,11,28,0,6,6,400000
"2019-11-28 00:06:10.27",6539,100083,12.06,13.07,86,10.1132,116,56.3684,1,12,0.7,-8.2,0.777,0.1685533,0.9394734,11,28,0,6,9,590000
"2019-11-28 00:06:13.5",6540,100084,8.93,13.07,86,10.1147,116,56.3722,1,12,0.7,-8.2,0.576,0.1685783,0.9395367,11,28,0,6,12,810000
"2019-11-28 00:06:16.78",6541,100085,9.38,13.07,86,10.1164,116,56.3765,1,12,0.7,-8.1,0.605,0.1686067,0.9396083,11,28,0,6,16,100000
"2019-11-28 00:06:19.55",6542,100086,9.1,13.07,86,10.1178,116,56.3816,1,12,0.7,-8.1,0.587,0.16863,0.9396934,11,28,0,6,18,870000
"2019-11-28 00:06:22.32",6543,100087,9.27,13.06,86,10.1187,116,56.3868,1,12,0.7,-8.2,0.598,0.168645,0.93978,11,28,0,6,21,640000
"2019-11-28 00:06:25.15",6544,100088,10.75,13.07,86,10.1202,116,56.3921,1,12,0.7,-8,0.693,0.16867,0.9398683,11,28,0,6,24,470000
"2019-11-28 00:06:28.69",6545,100089,12.46,13.06,86,10.122,116,56.3973,1,12,0.7,-8,0.802,0.1687,0.939955,11,28,0,6,28,10000
"2019-11-28 00:06:32.11",6546,100090,17.24,13.06,86,10.1229,116,56.3985,1,12,0.7,-8,1.109,0.168715,0.939975,11,28,0,6,31,430000
"2019-11-28 00:06:35",6547,100091,15.7,13.06,86,10.1244,116,56.4065,1,12,0.7,-7.9,1.01,0.16874,0.9401083,11,28,0,6,34,320000
"2019-11-28 00:06:37.88",6548,100092,10.18,13.06,86,10.126,116,56.4144,1,12,0.7,-8,0.657,0.1687667,0.94024,11,28,0,6,37,200000
"2019-11-28 00:06:40.73",6549,100093,18.6,13.06,86,10.1275,116,56.4211,1,12,0.7,-8.1,1.196,0.1687917,0.9403517,11,28,0,6,40,50000
"2019-11-28 00:06:43.82",6550,100094,18.03,13.06,86,10.1289,116,56.4258,1,12,0.7,-8.2,1.16,0.168815,0.94043,11,28,0,6,43,140000
"2019-11-28 00:06:46.89",6551,100095,17.81,13.06,86,10.1304,116,56.4327,1,12,0.7,-8.3,1.145,0.16884,0.940545,11,28,0,6,46,210000
"2019-11-28 00:06:50.08",6552,100096,17.01,13.06,86,10.1317,116,56.4387,1,12,0.7,-8.3,1.094,0.1688617,0.940645,11,28,0,6,49,390000
"2019-11-28 00:06:53.03",6553,100097,15.7,13.06,86,10.133,116,56.4453,1,12,0.7,-8.2,1.01,0.1688833,0.940755,11,28,0,6,52,350000
"2019-11-28 00:06:55.93",6554,100098,18.32,13.06,86,10.1342,116,56.453,1,12,0.7,-8.2,1.178,0.1689033,0.9408834,11,28,0,6,55,250000
"2019-11-28 00:06:58.9",6555,100099,17.81,13.06,86,10.1355,116,56.4584,1,12,0.7,-8.2,1.145,0.168925,0.9409734,11,28,0,6,58,220000
"2019-11-28 00:07:02.43",6556,100100,27.71,13.05,86,10.1367,116,56.4629,1,12,0.7,-8.1,1.78,0.168945,0.9410483,11,28,0,7,1,750000
"2019-11-28 00:07:05.74",6557,100101,14.9,13.05,86,10.1378,116,56.471,1,12,0.7,-8.1,0.959,0.1689633,0.9411834,11,28,0,7,5,60000
"2019-11-28 00:07:09.02",6558,100102,21.22,13.05,86,10.1392,116,56.4791,1,12,0.7,-8,1.364,0.1689867,0.9413183,11,28,0,7,8,340000
"2019-11-28 00:07:11.82",6559,100103,16.9,13.05,86,10.1403,116,56.4873,1,12,0.7,-8,1.087,0.169005,0.941455,11,28,0,7,11,140000
"2019-11-28 00:07:14.48",6560,100104,22.76,13.05,86,10.1413,116,56.4921,1,12,0.7,-7.9,1.463,0.1690217,0.941535,11,28,0,7,13,800000
"2019-11-28 00:07:17.52",6561,100105,24.63,13.05,86,10.1431,116,56.5,1,12,0.7,-8,1.583,0.1690517,0.9416666,11,28,0,7,16,840000
"2019-11-28 00:07:20.46",6562,100106,15.19,13.05,86,10.1439,116,56.5024,1,12,0.7,-8,0.977,0.169065,0.9417066,11,28,0,7,19,780000
"2019-11-28 00:07:23.39",6563,100107,13.6,13.05,86,10.1453,116,56.5077,1,12,0.7,-8.1,0.875,0.1690883,0.941795,11,28,0,7,22,710000
"2019-11-28 00:07:26.22",6564,100108,22.07,13.05,86,10.1467,116,56.5153,1,12,0.7,-8.2,1.419,0.1691117,0.9419217,11,28,0,7,25,540000
"2019-11-28 00:07:29.38",6565,100109,28.85,13.05,86,10.1481,116,56.5223,1,12,0.7,-8.3,1.853,0.169135,0.9420383,11,28,0,7,28,700000
"2019-11-28 00:07:32.64",6566,100110,22.36,13.05,86,10.1496,116,56.531,1,12,0.7,-8.4,1.437,0.16916,0.9421833,11,28,0,7,31,960000
"2019-11-28 00:07:36.33",6567,100111,31.29,13.04,86,10.1506,116,56.5347,1,12,0.7,-8.3,2.01,0.1691767,0.942245,11,28,0,7,35,650000
"2019-11-28 00:07:39.85",6568,100112,26.91,13.04,86,10.152,116,56.5437,1,12,0.7,-8.7,1.729,0.1692,0.942395,11,28,0,7,39,170000
"2019-11-28 00:07:42.79",6569,100113,17.64,13.04,86,10.1529,116,56.5499,1,12,0.7,-9,1.134,0.169215,0.9424983,11,28,0,7,42,110000
"2019-11-28 00:07:46.83",6570,100114,14.05,13.04,86,10.1544,116,56.5578,1,12,0.7,-9.1,0.905,0.16924,0.94263,11,28,0,7,46,150000
"2019-11-28 00:07:49.99",6571,100115,18.15,13.04,86,10.1556,116,56.5636,1,11,0.7,-9.1,1.167,0.16926,0.9427266,11,28,0,7,49,310000
"2019-11-28 00:07:53.18",6572,100116,17.35,13.04,86,10.1568,116,56.5682,1,11,0.7,-9.3,1.116,0.16928,0.9428034,11,28,0,7,52,500000
"2019-11-28 00:07:56.52",6573,100117,23.04,13.04,86,10.1585,116,56.5789,1,11,0.7,-9.4,1.481,0.1693083,0.9429817,11,28,0,7,55,840000
"2019-11-28 00:07:59.62",6574,100118,12.63,13.04,86,10.1598,116,56.588,1,11,0.7,-9.5,0.813,0.16933,0.9431334,11,28,0,7,58,940000
"2019-11-28 00:08:02.5",6575,100119,18.15,13.04,86,10.1606,116,56.5926,1,11,0.7,-9.6,1.167,0.1693433,0.94321,11,28,0,8,1,820000
"2019-11-28 00:08:04.98",6576,100120,26.34,13.04,86,10.1619,116,56.6016,1,11,0.7,-9.6,1.692,0.169365,0.94336,11,28,0,8,4,300000
"2019-11-28 00:08:07.56",6577,100121,15.42,13.04,86,10.1629,116,56.6095,1,11,0.7,-9.6,0.992,0.1693817,0.9434917,11,28,0,8,6,880000
"2019-11-28 00:08:10.57",6578,100122,21.16,13.04,86,10.1639,116,56.6161,1,11,0.7,-9.6,1.361,0.1693983,0.9436017,11,28,0,8,9,890000
"2019-11-28 00:08:13.61",6579,100123,22.59,13.03,86,10.1651,116,56.6219,1,11,0.7,-9.6,1.452,0.1694183,0.9436983,11,28,0,8,12,930000
"2019-11-28 00:08:16.2",6580,100124,12.91,13.02,86,10.1657,116,56.6268,1,11,0.7,-9.5,0.832,0.1694283,0.94378,11,28,0,8,15,520000
"2019-11-28 00:08:19.22",6581,100125,29.64,13.02,86,10.1668,116,56.6345,1,11,0.7,-9.4,1.904,0.1694467,0.9439083,11,28,0,8,18,540000
"2019-11-28 00:08:23.22",6582,100126,46.14,13.02,86,10.1686,116,56.6428,1,11,0.7,-9.5,2.962,0.1694767,0.9440466,11,28,0,8,22,540000
"2019-11-28 00:08:26.82",6583,100127,63.1,13.02,86,10.1697,116,56.6503,1,11,0.7,-9.3,4.049,0.169495,0.9441717,11,28,0,8,26,140000
"2019-11-28 00:08:30.49",6584,100128,16.56,13.02,86,10.1703,116,56.6546,1,11,0.7,-9.2,1.065,0.169505,0.9442433,11,28,0,8,29,810000
"2019-11-28 00:08:33.61",6585,100129,14.51,13.02,86,10.1718,116,56.6584,1,11,0.7,-9.4,0.934,0.16953,0.9443066,11,28,0,8,32,930000
"2019-11-28 00:08:36.89",6586,100130,19.69,13.02,86,10.173,116,56.6638,1,11,0.7,-9.5,1.266,0.16955,0.9443966,11,28,0,8,36,210000
"2019-11-28 00:08:40.39",6587,100131,13.14,13.02,86,10.1739,116,56.6679,1,11,0.7,-9.4,0.846,0.169565,0.944465,11,28,0,8,39,710000
"2019-11-28 00:08:44.01",6588,100132,13.6,13.02,86,10.1755,116,56.6773,1,11,0.7,-9.5,0.875,0.1695917,0.9446217,11,28,0,8,43,330000
"2019-11-28 00:08:48.23",6589,100133,18.6,13.01,86,10.1769,116,56.6865,1,11,0.7,-9.7,1.196,0.169615,0.944775,11,28,0,8,47,550000
"2019-11-28 00:08:52.34",6590,100134,18.55,13.02,86,10.1783,116,56.7016,1,11,0.7,-9.7,1.193,0.1696383,0.9450266,11,28,0,8,51,660000
"2019-11-28 00:08:56.01",6591,100135,15.08,13.01,86,10.1796,116,56.7146,1,11,0.7,-9.8,0.97,0.16966,0.9452433,11,28,0,8,55,330000
"2019-11-28 00:09:00.37",6592,100136,11.83,13.01,86,10.1812,116,56.7281,1,11,0.7,-9.8,0.762,0.1696867,0.9454683,11,28,0,8,59,690000
"2019-11-28 00:09:04.2",6593,100137,22.53,13.01,86,10.1824,116,56.7391,1,11,0.7,-9.9,1.448,0.1697067,0.9456517,11,28,0,9,3,520000
"2019-11-28 00:09:07.59",6594,100138,15.76,13.01,86,10.184,116,56.7532,1,11,0.7,-10,1.014,0.1697333,0.9458866,11,28,0,9,6,910000
"2019-11-28 00:09:11.34",6595,100139,14.51,13.01,86,10.1852,116,56.7601,1,11,0.7,-10,0.934,0.1697533,0.9460017,11,28,0,9,10,660000
"2019-11-28 00:09:14.34",6596,100140,12.91,13.01,86,10.1864,116,56.7679,1,11,0.7,-10.1,0.832,0.1697733,0.9461317,11,28,0,9,13,660000
"2019-11-28 00:09:17.61",6597,100141,9.95,13.01,86,10.1877,116,56.7813,1,11,0.7,-10.2,0.642,0.169795,0.946355,11,28,0,9,16,930000
"2019-11-28 00:09:21.22",6598,100142,19.97,13.01,86,10.1886,116,56.7853,1,11,0.7,-10.1,1.284,0.16981,0.9464217,11,28,0,9,20,540000
"2019-11-28 00:09:24.6",6599,100143,30.1,13,86,10.1898,116,56.7701,1,11,0.7,-10.1,1.933,0.16983,0.9461683,11,28,0,9,23,920000
"2019-11-28 00:09:28.47",6600,100144,38.58,13,86,10.1902,116,56.7478,1,11,0.7,-10.4,2.477,0.1698367,0.9457966,11,28,0,9,27,790000
"2019-11-28 00:09:32.46",6601,100145,47.23,13.01,86,10.1904,116,56.7194,1,11,0.7,-10.4,3.031,0.16984,0.9453233,11,28,0,9,31,780000
"2019-11-28 00:09:36.35",6602,100146,45.8,13,86,10.1908,116,56.6907,1,11,0.7,-10.3,2.94,0.1698467,0.944845,11,28,0,9,35,670000
"2019-11-28 00:09:39.92",6603,100147,20.88,13,86,10.1911,116,56.6618,1,11,0.7,-10.4,1.342,0.1698517,0.9443634,11,28,0,9,39,240000
"2019-11-28 00:09:43.23",6604,100148,23.04,13,86,10.1914,116,56.6411,1,11,0.7,-10.3,1.481,0.1698567,0.9440184,11,28,0,9,42,550000
"2019-11-28 00:09:46.65",6605,100149,13.48,13,86,10.192,116,56.6124,1,11,0.7,-10.5,0.868,0.1698667,0.94354,11,28,0,9,45,970000
"2019-11-28 00:09:50.39",6606,100150,9.73,13,86,10.1926,116,56.5965,1,11,0.7,-10.3,0.627,0.1698767,0.943275,11,28,0,9,49,700000
"2019-11-28 00:09:54.74",6607,100151,12.23,13,86,10.1934,116,56.5627,1,11,0.7,-9.9,0.788,0.16989,0.9427117,11,28,0,9,54,60000
"2019-11-28 00:09:57.3",6608,100152,11.09,12.99,86,10.1937,116,56.553,1,11,0.7,-9.8,0.715,0.169895,0.94255,11,28,0,9,56,620000
"2019-11-28 00:10:00.18",6609,100153,9.96,12.99,86,10.1944,116,56.5239,1,12,0.6,-9.9,0.642,0.1699067,0.942065,11,28,0,9,59,500000
"2019-11-28 00:10:02.84",6610,100154,21.11,13,86,10.1948,116,56.4917,1,12,0.6,-9.9,1.357,0.1699133,0.9415283,11,28,0,10,2,160000
"2019-11-28 00:10:05.71",6611,100155,7.622,12.99,86,10.1949,116,56.4594,1,12,0.6,-10,0.492,0.169915,0.94099,11,28,0,10,5,30000
"2019-11-28 00:10:08.11",6612,100156,12,12.99,86,10.1949,116,56.4394,1,12,0.6,-10,0.773,0.169915,0.9406566,11,28,0,10,7,430000
"2019-11-28 00:10:10.58",6613,100157,19.29,12.99,86,10.1952,116,56.4114,1,12,0.6,-10,1.24,0.16992,0.94019,11,28,0,10,9,900000
"2019-11-28 00:10:13.74",6614,100158,16.44,12.99,86,10.1954,116,56.3821,1,12,0.6,-10,1.058,0.1699233,0.9397017,11,28,0,10,13,60000
"2019-11-28 00:10:16.05",6615,100159,17.01,12.99,86,10.1955,116,56.3638,1,12,0.6,-9.9,1.094,0.169925,0.9393966,11,28,0,10,15,370000
"2019-11-28 00:10:19.06",6616,100160,17.81,12.99,86,10.196,116,56.3343,1,12,0.6,-10.1,1.145,0.1699333,0.938905,11,28,0,10,18,380000
"2019-11-28 00:10:22.64",6617,100161,14,12.99,86,10.1967,116,56.3002,1,12,0.6,-10.2,0.901,0.169945,0.9383366,11,28,0,10,21,950000
"2019-11-28 00:10:25.6",6618,100162,15.08,12.99,86,10.1972,116,56.2709,1,12,0.6,-10.1,0.97,0.1699533,0.9378483,11,28,0,10,24,920000
"2019-11-28 00:10:28.55",6619,100163,15.3,12.99,86,10.1977,116,56.242,1,12,0.6,-10.1,0.985,0.1699617,0.9373666,11,28,0,10,27,870000
"2019-11-28 00:10:31.02",6620,100164,14.51,12.99,86,10.1979,116,56.2214,1,12,0.6,-10.2,0.934,0.169965,0.9370234,11,28,0,10,30,340000
"2019-11-28 00:10:33.34",6621,100165,19,12.98,86,10.198,116,56.2017,1,12,0.6,-10,1.222,0.1699667,0.936695,11,28,0,10,32,660000
"2019-11-28 00:10:35.54",6622,100166,35.79,12.99,86,10.1976,116,56.1722,1,12,0.6,-10,2.298,0.16996,0.9362033,11,28,0,10,34,860000
"2019-11-28 00:10:37.74",6623,100167,31.41,12.98,86,10.1972,116,56.1543,1,12,0.6,-10,2.017,0.1699533,0.935905,11,28,0,10,37,60000
"2019-11-28 00:10:40.87",6624,100168,13.31,12.98,86,10.1964,116,56.1315,1,12,0.6,-9.9,0.857,0.16994,0.935525,11,28,0,10,40,190000
"2019-11-28 00:10:43.35",6625,100169,16.1,12.98,86,10.1958,116,56.1196,1,12,0.6,-9.9,1.036,0.16993,0.9353266,11,28,0,10,42,670000
"2019-11-28 00:10:45.77",6626,100170,18.72,12.98,86,10.1949,116,56.0941,1,12,0.6,-9.9,1.204,0.169915,0.9349017,11,28,0,10,45,90000
"2019-11-28 00:10:48.24",6627,100171,41.82,12.98,86,10.1943,116,56.0757,1,12,0.6,-9.9,2.685,0.169905,0.934595,11,28,0,10,47,560000
"2019-11-28 00:10:50.92",6628,100172,43.87,12.98,86,10.1936,116,56.0494,1,12,0.6,-9.8,2.816,0.1698933,0.9341566,11,28,0,10,50,240000
"2019-11-28 00:10:55.72",6629,100173,42.22,12.98,86,10.1922,116,56.0161,1,12,0.6,-9.8,2.71,0.16987,0.9336017,11,28,0,10,55,40000
"2019-11-28 00:10:58.45",6630,100174,41.77,12.98,86,10.1922,116,56.0135,1,12,0.6,-9.8,2.681,0.16987,0.9335583,11,28,0,10,57,770000
"2019-11-28 00:11:01.46",6631,100175,27.43,12.98,86,10.1913,116,55.9955,1,12,0.6,-9.8,1.762,0.169855,0.9332583,11,28,0,11,0,780000
"2019-11-28 00:11:04.12",6632,100176,14.51,12.98,86,10.1902,116,55.9756,1,12,0.6,-9.7,0.934,0.1698367,0.9329267,11,28,0,11,3,440000
"2019-11-28 00:11:06.71",6633,100177,25.83,12.98,86,10.1892,116,55.9556,1,12,0.6,-9.6,1.66,0.16982,0.9325934,11,28,0,11,6,30000
"2019-11-28 00:11:09.11",6634,100178,28.45,12.98,86,10.1883,116,55.9415,1,12,0.6,-9.6,1.828,0.169805,0.9323584,11,28,0,11,8,430000
"2019-11-28 00:11:11.6",6635,100179,39.6,12.97,86,10.1873,116,55.9154,1,12,0.6,-9.9,2.542,0.1697883,0.9319234,11,28,0,11,10,920000
"2019-11-28 00:11:14.19",6636,100180,11.95,12.97,86,10.1865,116,55.8985,1,12,0.6,-10,0.77,0.169775,0.9316416,11,28,0,11,13,510000
"2019-11-28 00:11:16.64",6637,100181,7.565,12.97,86,10.1858,116,55.8702,1,12,0.6,-10,0.489,0.1697633,0.9311701,11,28,0,11,15,960000
"2019-11-28 00:11:19.41",6638,100182,14.62,12.97,86,10.1856,116,55.8518,1,12,0.6,-10,0.941,0.16976,0.9308634,11,28,0,11,18,730000
"2019-11-28 00:11:22.03",6639,100183,47.34,12.97,86,10.1855,116,55.8246,1,12,0.6,-10.1,3.039,0.1697583,0.93041,11,28,0,11,21,350000
"2019-11-28 00:11:25.45",6640,100184,33,12.97,86,10.1851,116,55.8074,1,12,0.6,-10,2.119,0.1697517,0.9301234,11,28,0,11,24,770000
"2019-11-28 00:11:28.08",6641,100185,33.51,12.97,86,10.1842,116,55.7819,1,12,0.6,-9.9,2.152,0.1697367,0.9296983,11,28,0,11,27,400000
"2019-11-28 00:11:30.57",6642,100186,19.63,12.97,86,10.1831,116,55.7591,1,12,0.6,-9.7,1.262,0.1697183,0.9293184,11,28,0,11,29,890000
"2019-11-28 00:11:33.21",6643,100187,38.29,12.97,86,10.1824,116,55.7447,1,12,0.6,-9.6,2.459,0.1697067,0.9290783,11,28,0,11,32,530000
"2019-11-28 00:11:35.83",6644,100188,31.69,12.97,86,10.1813,116,55.722,1,12,0.6,-9.7,2.035,0.1696883,0.9287,11,28,0,11,35,150000
"2019-11-28 00:11:38.25",6645,100189,34.54,12.97,86,10.1806,116,55.7064,1,12,0.6,-9.7,2.218,0.1696767,0.92844,11,28,0,11,37,570000
"2019-11-28 00:11:40.6",6646,100190,29.19,12.96,86,10.1794,116,55.6831,1,12,0.6,-9.6,1.875,0.1696567,0.9280517,11,28,0,11,39,920000
"2019-11-28 00:11:43.07",6647,100191,21.34,12.96,86,10.1785,116,55.67,1,12,0.6,-9.6,1.372,0.1696417,0.9278333,11,28,0,11,42,390000
"2019-11-28 00:11:50.66",6648,100192,23.27,12.96,86,10.1778,116,55.6546,1,12,0.6,-9.4,1.496,0.16963,0.9275766,11,28,0,11,49,980000
"2019-11-28 00:11:52.94",6649,100193,18.95,12.96,86,10.1773,116,55.6579,1,12,0.6,-9.4,1.218,0.1696217,0.9276317,11,28,0,11,52,250000
"2019-11-28 00:11:55.49",6650,100194,19.63,12.96,86,10.1766,116,55.6631,1,12,0.6,-9.3,1.262,0.16961,0.9277183,11,28,0,11,54,810000
"2019-11-28 00:11:57.98",6651,100195,35.79,12.95,86,10.1754,116,55.6716,1,12,0.6,-9.1,2.298,0.16959,0.92786,11,28,0,11,57,300000
"2019-11-28 00:12:00.34",6652,100196,20.71,12.96,86,10.1746,116,55.6758,1,12,0.6,-9.1,1.331,0.1695767,0.92793,11,28,0,11,59,660000
"2019-11-28 00:12:02.87",6653,100197,26.46,12.96,86,10.1733,116,55.684,1,12,0.6,-8.9,1.7,0.169555,0.9280666,11,28,0,12,2,190000
"2019-11-28 00:12:07.79",6654,100198,33.74,12.95,86,10.1719,116,55.687,1,12,0.6,-9,2.167,0.1695317,0.9281166,11,28,0,12,7,110000
"2019-11-28 00:12:11.6",6655,100199,83.9,12.95,86,10.17,116,55.6796,1,12,0.6,-9,5.384,0.1695,0.9279934,11,28,0,12,10,920000
"2019-11-28 00:12:14.39",6656,100200,55.82,12.95,86,10.1696,116,55.6791,1,12,0.6,-8.8,3.582,0.1694933,0.927985,11,28,0,12,13,710000
"2019-11-28 00:12:17.04",6657,100201,26.91,12.95,86,10.1685,116,55.6774,1,12,0.6,-8.8,1.729,0.169475,0.9279566,11,28,0,12,16,360000
"2019-11-28 00:12:19.9",6658,100202,19.29,12.95,86,10.1669,116,55.6731,1,12,0.6,-8.8,1.24,0.1694483,0.927885,11,28,0,12,19,220000
"2019-11-28 00:12:22.49",6659,100203,22.59,12.95,86,10.1657,116,55.6708,1,12,0.6,-8.8,1.452,0.1694283,0.9278466,11,28,0,12,21,810000
"2019-11-28 00:12:24.77",6660,100204,20.2,12.95,86,10.1638,116,55.6646,1,12,0.6,-8.9,1.299,0.1693967,0.9277433,11,28,0,12,24,90000
"2019-11-28 00:12:27.15",6661,100205,21.34,12.95,86,10.1625,116,55.6594,1,12,0.6,-8.9,1.372,0.169375,0.9276567,11,28,0,12,26,470000
"2019-11-28 00:12:29.41",6662,100206,22.08,12.95,86,10.1612,116,55.6499,1,12,0.6,-8.8,1.419,0.1693533,0.9274983,11,28,0,12,28,730000
"2019-11-28 00:12:32.86",6663,100207,17.69,12.94,86,10.1594,116,55.6145,1,12,0.6,-8.8,1.138,0.1693233,0.9269083,11,28,0,12,32,180000
"2019-11-28 00:12:35.49",6664,100208,20.08,12.95,86,10.159,116,55.6013,1,12,0.6,-8.7,1.291,0.1693167,0.9266883,11,28,0,12,34,810000
"2019-11-28 00:12:37.83",6665,100209,16.33,12.94,86,10.1584,116,55.5723,1,12,0.6,-8.8,1.051,0.1693067,0.926205,11,28,0,12,37,150000
"2019-11-28 00:12:40.34",6666,100210,15.87,12.94,86,10.1582,116,55.5518,1,12,0.6,-8.7,1.021,0.1693033,0.9258634,11,28,0,12,39,660000
"2019-11-28 00:12:42.76",6667,100211,16.22,12.94,86,10.1583,116,55.5168,1,12,0.6,-8.7,1.043,0.169305,0.92528,11,28,0,12,42,80000
"2019-11-28 00:12:44.99",6668,100212,11.61,12.95,86,10.1585,116,55.4944,1,12,0.6,-8.7,0.748,0.1693083,0.9249066,11,28,0,12,44,310000
"2019-11-28 00:12:47.21",6669,100213,12,12.94,86,10.1587,116,55.4721,1,12,0.6,-8.7,0.773,0.1693117,0.924535,11,28,0,12,46,530000
"2019-11-28 00:12:49.53",6670,100214,18.49,12.95,86,10.1589,116,55.438,1,12,0.6,-8.7,1.189,0.169315,0.9239666,11,28,0,12,48,850000
"2019-11-28 00:12:51.7",6671,100215,14.05,12.94,86,10.1591,116,55.4151,1,12,0.6,-8.8,0.905,0.1693183,0.923585,11,28,0,12,51,10000
"2019-11-28 00:12:53.91",6672,100216,9.84,12.94,86,10.1593,116,55.3924,1,12,0.6,-8.9,0.635,0.1693217,0.9232066,11,28,0,12,53,230000
"2019-11-28 00:12:56.23",6673,100217,9.16,12.94,86,10.1595,116,55.3704,1,11,0.7,-8.9,0.591,0.169325,0.92284,11,28,0,12,55,550000
"2019-11-28 00:12:58.55",6674,100218,11.83,12.94,86,10.1596,116,55.3392,1,12,0.6,-9,0.762,0.1693267,0.92232,11,28,0,12,57,870000
"2019-11-28 00:13:00.91",6675,100219,21.51,12.94,86,10.1597,116,55.3189,1,12,0.6,-9,1.383,0.1693283,0.9219817,11,28,0,13,0,230000
"2019-11-28 00:13:03.12",6676,100220,23.1,12.94,86,10.1597,116,55.2978,1,12,0.6,-9,1.485,0.1693283,0.92163,11,28,0,13,2,440000
"2019-11-28 00:13:05.46",6677,100221,28.79,12.94,86,10.1597,116,55.2774,1,12,0.6,-8.9,1.849,0.1693283,0.9212901,11,28,0,13,4,780000
"2019-11-28 00:13:07.69",6678,100222,31.12,12.94,86,10.1597,116,55.2477,1,12,0.6,-8.8,1.999,0.1693283,0.920795,11,28,0,13,7,10000
"2019-11-28 00:13:09.84",6679,100223,19.74,12.94,86,10.1599,116,55.2288,1,12,0.6,-8.7,1.269,0.1693317,0.92048,11,28,0,13,9,160000
"2019-11-28 00:13:12.18",6680,100224,10.81,12.94,86,10.16,116,55.2125,1,12,0.6,-8.6,0.697,0.1693333,0.9202083,11,28,0,13,11,500000
"2019-11-28 00:13:14.54",6681,100225,23.73,12.94,86,10.1602,116,55.1839,1,12,0.6,-8.7,1.525,0.1693367,0.9197317,11,28,0,13,13,850000
"2019-11-28 00:13:16.72",6682,100226,0.168,12.93,86,10.1604,116,55.1649,1,12,0.6,-8.9,0.015,0.16934,0.919415,11,28,0,13,16,40000
"2019-11-28 00:13:18.97",6683,100227,38.29,12.94,86,10.1603,116,55.1527,1,12,0.6,-8.7,2.459,0.1693383,0.9192116,11,28,0,13,18,280000
"2019-11-28 00:13:21.58",6684,100228,11.55,12.93,86,10.1603,116,55.1393,1,12,0.6,-8.9,0.744,0.1693383,0.9189883,11,28,0,13,20,900000
"2019-11-28 00:13:24.37",6685,100229,25.78,12.94,86,10.1605,116,55.1203,1,12,0.6,-8.9,1.656,0.1693417,0.9186717,11,28,0,13,23,690000
"2019-11-28 00:13:26.64",6686,100230,18.21,12.93,86,10.1607,116,55.0879,1,12,0.6,-9.1,1.171,0.169345,0.9181317,11,28,0,13,25,960000
"2019-11-28 00:13:28.98",6687,100231,18.43,12.93,86,10.1608,116,55.0665,1,12,0.6,-9.3,1.186,0.1693467,0.917775,11,28,0,13,28,300000
"2019-11-28 00:13:31.25",6688,100232,24.13,12.93,86,10.1608,116,55.045,1,12,0.6,-9.3,1.55,0.1693467,0.9174166,11,28,0,13,30,570000
"2019-11-28 00:13:34.44",6689,100233,25.32,12.93,86,10.161,116,55.0139,1,12,0.6,-9.5,1.627,0.16935,0.9168984,11,28,0,13,33,760000
"2019-11-28 00:13:36.81",6690,100234,33.4,12.93,86,10.1611,116,54.9947,1,12,0.6,-9.7,2.145,0.1693517,0.9165783,11,28,0,13,36,130000
"2019-11-28 00:13:39.13",6691,100235,37.84,12.93,86,10.1611,116,54.9788,1,12,0.6,-9.6,2.429,0.1693517,0.9163134,11,28,0,13,38,450000
"2019-11-28 00:13:42.07",6692,100236,15.99,12.93,86,10.1616,116,54.9542,1,12,0.6,-9.8,1.029,0.16936,0.9159034,11,28,0,13,41,390000
"2019-11-28 00:13:45.17",6693,100237,15.76,12.93,86,10.1616,116,54.9333,1,12,0.6,-9.8,1.014,0.16936,0.915555,11,28,0,13,44,490000
"2019-11-28 00:13:47.26",6694,100238,10.3,12.93,86,10.1619,116,54.917,1,12,0.6,-9.7,0.664,0.169365,0.9152834,11,28,0,13,46,580000
"2019-11-28 00:13:49.53",6695,100239,20.48,12.93,86,10.1615,116,54.8956,1,12,0.6,-9.7,1.317,0.1693583,0.9149266,11,28,0,13,48,850000
"2019-11-28 00:13:51.68",6696,100240,46.6,12.93,86,10.1611,116,54.8801,1,12,0.6,-9.6,2.991,0.1693517,0.9146683,11,28,0,13,51,0
"2019-11-28 00:13:53.53",6697,100241,4.151,12.93,86,10.1606,116,54.8703,1,12,0.6,-9.6,0.27,0.1693433,0.914505,11,28,0,13,52,850000
"2019-11-28 00:13:55.87",6698,100242,16.9,12.93,86,10.1602,116,54.8648,1,12,0.6,-9.5,1.087,0.1693367,0.9144134,11,28,0,13,55,190000
"2019-11-28 00:13:58.02",6699,100243,19.29,12.92,86,10.1598,116,54.8594,1,12,0.6,-9.6,1.24,0.16933,0.9143234,11,28,0,13,57,340000
"2019-11-28 00:14:00.28",6700,100244,16.33,12.93,86,10.159,116,54.849,1,12,0.6,-9.6,1.051,0.1693167,0.91415,11,28,0,13,59,600000
"2019-11-28 00:14:02.53",6701,100245,38.58,12.93,86,10.1581,116,54.8269,1,11,0.7,-9.5,2.477,0.1693017,0.9137817,11,28,0,14,1,850000
"2019-11-28 00:14:04.58",6702,100246,27.88,12.92,86,10.1583,116,54.8071,1,11,0.7,-9.5,1.791,0.169305,0.9134516,11,28,0,14,3,900000
"2019-11-28 00:14:06.67",6703,100247,23.21,12.92,86,10.1583,116,54.7892,1,11,0.7,-9.5,1.492,0.169305,0.9131534,11,28,0,14,5,990000
"2019-11-28 00:14:08.81",6704,100248,17.81,12.92,86,10.1582,116,54.7709,1,11,0.7,-9.5,1.145,0.1693033,0.9128483,11,28,0,14,8,130000
"2019-11-28 00:14:11.37",6705,100249,38.18,12.92,86,10.158,116,54.752,1,11,0.7,-9.6,2.451,0.1693,0.9125334,11,28,0,14,10,690000
"2019-11-28 00:14:14.08",6706,100250,22.59,12.91,86,10.1576,116,54.7325,1,11,0.7,-9.4,1.452,0.1692933,0.9122083,11,28,0,14,13,400000
"2019-11-28 00:14:16.48",6707,100251,13.6,12.91,86,10.1573,116,54.7151,1,11,0.7,-9.4,0.875,0.1692883,0.9119183,11,28,0,14,15,800000
"2019-11-28 00:14:18.77",6708,100252,13.88,12.92,86,10.1572,116,54.6847,1,11,0.7,-9.4,0.894,0.1692867,0.9114117,11,28,0,14,18,90000
"2019-11-28 00:14:21.03",6709,100253,16.84,12.91,86,10.1569,116,54.6632,1,11,0.7,-9.5,1.083,0.1692817,0.9110534,11,28,0,14,20,350000
"2019-11-28 00:14:23.25",6710,100254,18.32,12.91,86,10.1566,116,54.6459,1,11,0.7,-9.6,1.178,0.1692767,0.910765,11,28,0,14,22,570000
"2019-11-28 00:14:25.54",6711,100255,15.59,12.91,86,10.1562,116,54.6177,1,11,0.7,-9.6,1.003,0.16927,0.910295,11,28,0,14,24,860000
"2019-11-28 00:14:27.76",6712,100256,22.36,12.91,86,10.1559,116,54.5985,1,11,0.7,-9.7,1.437,0.169265,0.909975,11,28,0,14,27,80000
"2019-11-28 00:14:30.33",6713,100257,17.24,12.91,86,10.1556,116,54.5798,1,11,0.7,-9.8,1.109,0.16926,0.9096633,11,28,0,14,29,650000
"2019-11-28 00:14:35.41",6714,100258,20.08,12.91,86,10.1551,116,54.5358,1,11,0.7,-10.1,1.291,0.1692517,0.90893,11,28,0,14,34,730000
"2019-11-28 00:14:39.33",6715,100259,16.78,12.91,86,10.1549,116,54.5086,1,11,0.7,-10.2,1.08,0.1692483,0.9084766,11,28,0,14,38,650000
"2019-11-28 00:14:46.67",6716,100260,19.97,12.91,86,10.1546,116,54.4873,1,11,0.7,-10.3,1.284,0.1692433,0.9081217,11,28,0,14,45,990000
"2019-11-28 00:14:50.31",6717,100261,27.48,12.9,86,10.1546,116,54.476,1,11,0.7,-10.4,1.766,0.1692433,0.9079334,11,28,0,14,49,630000
"2019-11-28 00:14:52.65",6718,100262,20.65,12.91,86,10.1541,116,54.4472,1,11,0.7,-10.3,1.328,0.169235,0.9074534,11,28,0,14,51,970000
"2019-11-28 00:14:55.18",6719,100263,26.52,12.9,86,10.1539,116,54.4283,1,11,0.7,-10.3,1.704,0.1692317,0.9071383,11,28,0,14,54,500000
"2019-11-28 00:14:57.59",6720,100264,34.25,12.91,86,10.1534,116,54.3995,1,11,0.7,-10.2,2.2,0.1692233,0.9066583,11,28,0,14,56,910000
"2019-11-28 00:15:00.02",6721,100265,30.61,12.91,86,10.1533,116,54.3788,1,11,0.7,-10.3,1.966,0.1692217,0.9063133,11,28,0,14,59,340000
"2019-11-28 00:15:02.47",6722,100266,23.84,12.9,86,10.1531,116,54.3584,1,11,0.7,-10.3,1.532,0.1692183,0.9059733,11,28,0,15,1,790000
"2019-11-28 00:15:04.77",6723,100267,32.38,12.9,86,10.1527,116,54.3271,1,11,0.7,-10.2,2.079,0.1692117,0.9054517,11,28,0,15,4,90000
"2019-11-28 00:15:07.15",6724,100268,27.2,12.9,86,10.1525,116,54.3063,1,11,0.7,-10.3,1.747,0.1692083,0.905105,11,28,0,15,6,470000
"2019-11-28 00:15:10.45",6725,100269,11.09,12.9,86,10.1521,116,54.2786,1,11,0.7,-10.3,0.715,0.1692017,0.9046433,11,28,0,15,9,770000
"2019-11-28 00:15:12.66",6726,100270,32.04,12.9,86,10.1518,116,54.2532,1,11,0.7,-10.4,2.057,0.1691967,0.90422,11,28,0,15,11,980000
"2019-11-28 00:15:15.03",6727,100271,34.88,12.9,86,10.1516,116,54.2336,1,11,0.7,-10.4,2.24,0.1691933,0.9038934,11,28,0,15,14,350000
"2019-11-28 00:15:17.41",6728,100272,14.74,12.9,86,10.1513,116,54.2145,1,11,0.7,-10.4,0.948,0.1691883,0.903575,11,28,0,15,16,730000
"2019-11-28 00:15:19.79",6729,100273,18.83,12.9,86,10.1511,116,54.1882,1,11,0.7,-10.3,1.211,0.169185,0.9031366,11,28,0,15,19,110000
"2019-11-28 00:15:22.24",6730,100274,12.29,12.9,86,10.1508,116,54.1702,1,11,0.7,-10.2,0.792,0.16918,0.9028367,11,28,0,15,21,560000
"2019-11-28 00:15:24.71",6731,100275,24.52,12.9,86,10.1509,116,54.1428,1,11,0.7,-10.1,1.576,0.1691817,0.90238,11,28,0,15,24,30000
"2019-11-28 00:15:27.22",6732,100276,45.58,12.9,86,10.1506,116,54.1235,1,11,0.7,-10.1,2.926,0.1691767,0.9020584,11,28,0,15,26,540000
"2019-11-28 00:15:29.93",6733,100277,33.34,12.89,86,10.15,116,54.0944,1,11,0.7,-10.3,2.141,0.1691667,0.9015733,11,28,0,15,29,250000
"2019-11-28 00:15:32.15",6734,100278,29.65,12.89,86,10.1496,116,54.0747,1,11,0.7,-10.5,1.904,0.16916,0.901245,11,28,0,15,31,470000
"2019-11-28 00:15:34.73",6735,100279,26.17,12.9,86,10.1489,116,54.0473,1,11,0.7,-10.5,1.682,0.1691483,0.9007883,11,28,0,15,34,50000
"2019-11-28 00:15:36.93",6736,100280,25.78,12.89,86,10.1485,116,54.0283,1,11,0.7,-10.5,1.656,0.1691417,0.9004717,11,28,0,15,36,250000
"2019-11-28 00:15:39.34",6737,100281,23.16,12.89,86,10.1481,116,54.0072,1,11,0.7,-10.5,1.488,0.169135,0.90012,11,28,0,15,38,660000
"2019-11-28 00:15:41.59",6738,100282,34.65,12.9,86,10.1475,116,53.9747,1,11,0.7,-10.5,2.225,0.169125,0.8995783,11,28,0,15,40,910000
"2019-11-28 00:15:44.2",6739,100283,33.17,12.89,86,10.1474,116,53.9561,1,11,0.7,-10.6,2.13,0.1691233,0.8992683,11,28,0,15,43,520000
"2019-11-28 00:15:46.54",6740,100284,20.88,12.89,86,10.1477,116,53.9255,1,11,0.7,-10.8,1.342,0.1691283,0.8987583,11,28,0,15,45,860000
"2019-11-28 00:15:48.83",6741,100285,15.7,12.89,86,10.148,116,53.9041,1,11,0.7,-10.6,1.01,0.1691333,0.8984016,11,28,0,15,48,150000
"2019-11-28 00:15:51.12",6742,100286,28.51,12.89,86,10.1484,116,53.8823,1,11,0.7,-10.7,1.831,0.16914,0.8980383,11,28,0,15,50,440000
"2019-11-28 00:15:53.4",6743,100287,27.31,12.89,86,10.1489,116,53.8612,1,11,0.7,-10.7,1.755,0.1691483,0.8976866,11,28,0,15,52,720000
"2019-11-28 00:15:55.53",6744,100288,11.66,12.89,86,10.1495,116,53.8387,1,11,0.7,-10.8,0.751,0.1691583,0.8973116,11,28,0,15,54,840000
"2019-11-28 00:15:57.82",6745,100289,20.26,12.89,86,10.15,116,53.813,1,11,0.7,-10.6,1.302,0.1691667,0.8968833,11,28,0,15,57,140000
"2019-11-28 00:16:00.18",6746,100290,25.15,12.88,86,10.1503,116,53.794,1,11,0.7,-10.8,1.616,0.1691717,0.8965666,11,28,0,15,59,500000
"2019-11-28 00:16:04.28",6747,100291,19.63,12.89,86,10.1506,116,53.7599,1,11,0.7,-11.2,1.262,0.1691767,0.8959983,11,28,0,16,3,590000
"2019-11-28 00:16:06.57",6748,100292,13.37,12.89,86,10.151,116,53.7306,1,11,0.7,-11.2,0.861,0.1691833,0.8955099,11,28,0,16,5,890000
"2019-11-28 00:16:09.02",6749,100293,12.97,12.89,86,10.1512,116,53.7092,1,11,0.7,-11.2,0.835,0.1691867,0.8951534,11,28,0,16,8,340000
"2019-11-28 00:16:11.56",6750,100294,19.74,12.88,86,10.1514,116,53.679,1,11,0.7,-11.4,1.269,0.16919,0.8946501,11,28,0,16,10,880000
"2019-11-28 00:16:13.94",6751,100295,22.82,12.88,86,10.1514,116,53.6589,1,11,0.7,-11.6,1.466,0.16919,0.894315,11,28,0,16,13,260000
"2019-11-28 00:16:19.67",6752,100296,14.39,12.88,86,10.152,116,53.599,1,11,0.7,-11.9,0.927,0.1692,0.8933166,11,28,0,16,18,990000
"2019-11-28 00:16:22.89",6753,100297,11.72,12.88,86,10.1521,116,53.5742,1,11,0.7,-11.8,0.755,0.1692017,0.8929034,11,28,0,16,22,210000
"2019-11-28 00:16:26.32",6754,100298,26.12,12.88,86,10.1521,116,53.5447,1,11,0.7,-11.3,1.678,0.1692017,0.8924117,11,28,0,16,25,640000
"2019-11-28 00:16:28.77",6755,100299,19.46,12.88,86,10.1525,116,53.5185,1,11,0.7,-11,1.251,0.1692083,0.891975,11,28,0,16,28,90000
"2019-11-28 00:16:30.98",6756,100300,12.46,12.88,86,10.1525,116,53.4982,1,11,0.7,-10.9,0.803,0.1692083,0.8916366,11,28,0,16,30,300000
"2019-11-28 00:16:33.22",6757,100301,16.1,12.88,86,10.1524,116,53.4779,1,11,0.7,-10.6,1.036,0.1692067,0.8912983,11,28,0,16,32,540000
"2019-11-28 00:16:35.46",6758,100302,15.08,12.88,86,10.1522,116,53.4576,1,11,0.7,-10.5,0.97,0.1692033,0.89096,11,28,0,16,34,780000
"2019-11-28 00:16:37.57",6759,100303,14.39,12.88,86,10.152,116,53.4267,1,11,0.7,-10,0.927,0.1692,0.890445,11,28,0,16,36,890000
"2019-11-28 00:16:39.94",6760,100304,13.88,12.88,86,10.1519,116,53.4046,1,11,0.7,-10,0.894,0.1691983,0.8900766,11,28,0,16,39,260000
"2019-11-28 00:16:42.49",6761,100305,15.53,12.88,86,10.1519,116,53.3836,1,11,0.7,-9.9,1,0.1691983,0.8897266,11,28,0,16,41,800000
"2019-11-28 00:16:44.99",6762,100306,11.21,12.88,86,10.1521,116,53.3546,1,11,0.7,-10.1,0.722,0.1692017,0.8892433,11,28,0,16,44,310000
"2019-11-28 00:16:47.59",6763,100307,8.7,12.88,86,10.1523,116,53.3231,1,11,0.7,-10,0.562,0.169205,0.8887184,11,28,0,16,46,910000
"2019-11-28 00:16:49.79",6764,100308,22.82,12.88,86,10.1524,116,53.3015,1,10,0.7,-9.9,1.466,0.1692067,0.8883583,11,28,0,16,49,110000
"2019-11-28 00:16:53.67",6765,100309,26.57,12.87,86,10.1524,116,53.2593,1,11,0.7,-9.8,1.707,0.1692067,0.887655,11,28,0,16,52,990000
"2019-11-28 00:16:55.98",6766,100310,13.54,12.87,86,10.1525,116,53.2403,1,11,0.7,-9.8,0.872,0.1692083,0.8873383,11,28,0,16,55,300000
"2019-11-28 00:16:58.67",6767,100311,21.22,12.87,86,10.1521,116,53.2114,1,11,0.7,-9.8,1.364,0.1692017,0.8868566,11,28,0,16,57,990000
"2019-11-28 00:17:00.7",6768,100312,25.21,12.87,86,10.1519,116,53.193,1,11,0.7,-9.7,1.62,0.1691983,0.88655,11,28,0,17,0,20000
"2019-11-28 00:17:04.95",6769,100313,65.55,12.87,86,10.1519,116,53.1631,1,11,0.7,-10.1,4.206,0.1691983,0.8860517,11,28,0,17,4,270000
"2019-11-28 00:17:09.04",6770,100314,27.14,12.87,86,10.1518,116,53.1503,1,11,0.7,-10.1,1.744,0.1691967,0.8858383,11,28,0,17,8,350000
"2019-11-28 00:17:11.18",6771,100315,29.65,12.86,86,10.1517,116,53.1379,1,11,0.7,-10.2,1.904,0.169195,0.8856317,11,28,0,17,10,500000
"2019-11-28 00:17:13.34",6772,100316,24.58,12.87,86,10.1514,116,53.1235,1,11,0.7,-10.4,1.58,0.16919,0.8853917,11,28,0,17,12,660000
"2019-11-28 00:17:15.74",6773,100317,43.93,12.86,86,10.1503,116,53.1069,1,11,0.7,-10.3,2.82,0.1691717,0.885115,11,28,0,17,15,60000
"2019-11-28 00:17:17.98",6774,100318,15.87,12.86,86,10.1495,116,53.096,1,11,0.7,-10,1.021,0.1691583,0.8849334,11,28,0,17,17,300000
"2019-11-28 00:17:20.17",6775,100319,17.69,12.86,86,10.1487,116,53.0883,1,11,0.7,-9.8,1.138,0.169145,0.884805,11,28,0,17,19,490000
"2019-11-28 00:17:22.35",6776,100320,31.92,12.86,86,10.1479,116,53.0789,1,11,0.7,-9.8,2.05,0.1691317,0.8846483,11,28,0,17,21,670000
"2019-11-28 00:17:25",6777,100321,39.43,12.86,86,10.1467,116,53.0586,1,11,0.7,-10.3,2.532,0.1691117,0.88431,11,28,0,17,24,320000
"2019-11-28 00:17:27.25",6778,100322,24.41,12.86,86,10.1458,116,53.0443,1,11,0.7,-10.5,1.569,0.1690967,0.8840717,11,28,0,17,26,570000
"2019-11-28 00:17:29.54",6779,100323,35.79,12.86,86,10.1444,116,53.0293,1,11,0.7,-10.5,2.298,0.1690733,0.8838217,11,28,0,17,28,860000
"2019-11-28 00:17:31.78",6780,100324,32.83,12.86,86,10.1434,116,53.0199,1,11,0.7,-10.3,2.108,0.1690567,0.883665,11,28,0,17,31,100000
"2019-11-28 00:17:33.95",6781,100325,19.74,12.86,86,10.1423,116,53.0109,1,11,0.7,-10.2,1.269,0.1690383,0.883515,11,28,0,17,33,270000
"2019-11-28 00:17:36.35",6782,100326,9.84,12.86,86,10.1415,116,53.0027,1,11,0.7,-10.1,0.635,0.169025,0.8833783,11,28,0,17,35,670000
"2019-11-28 00:17:38.59",6783,100327,29.53,12.86,86,10.1402,116,52.9855,1,11,0.7,-10.4,1.897,0.1690033,0.8830917,11,28,0,17,37,910000
"2019-11-28 00:17:42.05",6784,100328,30.84,12.86,86,10.139,116,52.969,1,11,0.7,-10.5,1.981,0.1689833,0.8828166,11,28,0,17,41,360000
"2019-11-28 00:17:44.35",6785,100329,28.28,12.86,86,10.1384,116,52.9613,1,11,0.7,-10.5,1.817,0.1689733,0.8826883,11,28,0,17,43,670000
"2019-11-28 00:17:46.45",6786,100330,33.29,12.86,86,10.1374,116,52.9501,1,11,0.7,-10.5,2.138,0.1689567,0.8825017,11,28,0,17,45,770000
"2019-11-28 00:17:48.67",6787,100331,22.25,12.86,86,10.1359,116,52.9312,1,11,0.7,-10.6,1.43,0.1689317,0.8821866,11,28,0,17,47,990000
"2019-11-28 00:17:50.92",6788,100332,18.83,12.86,86,10.1349,116,52.9204,1,11,0.7,-10.6,1.211,0.168915,0.8820066,11,28,0,17,50,240000
"2019-11-28 00:17:53.16",6789,100333,16.5,12.86,86,10.1339,116,52.9099,1,11,0.7,-10.4,1.062,0.1688983,0.8818317,11,28,0,17,52,480000
"2019-11-28 00:17:55.62",6790,100334,21.96,12.86,86,10.1327,116,52.891,1,11,0.7,-10.5,1.412,0.1688783,0.8815166,11,28,0,17,54,940000
"2019-11-28 00:17:57.9",6791,100335,26,12.86,86,10.1315,116,52.8798,1,11,0.7,-10.5,1.671,0.1688583,0.8813299,11,28,0,17,57,210000
"2019-11-28 00:18:00.13",6792,100336,27.82,12.86,86,10.1304,116,52.8648,1,11,0.7,-10.6,1.787,0.16884,0.88108,11,28,0,17,59,450000
"2019-11-28 00:18:02.48",6793,100337,26,12.86,86,10.1294,116,52.8508,1,11,0.7,-10.7,1.671,0.1688233,0.8808466,11,28,0,18,1,800000
"2019-11-28 00:18:04.73",6794,100338,23.04,12.86,86,10.1278,116,52.8345,1,11,0.7,-10.5,1.481,0.1687967,0.880575,11,28,0,18,4,50000
"2019-11-28 00:18:06.91",6795,100339,24.07,12.85,86,10.1267,116,52.8237,1,11,0.7,-10.5,1.547,0.1687783,0.880395,11,28,0,18,6,230000
"2019-11-28 00:18:09.09",6796,100340,15.19,12.85,86,10.1255,116,52.81,1,11,0.7,-10.6,0.978,0.1687583,0.8801667,11,28,0,18,8,400000
"2019-11-28 00:18:11.26",6797,100341,15.48,12.85,86,10.1244,116,52.7977,1,11,0.7,-10.6,0.996,0.16874,0.8799617,11,28,0,18,10,570000
"2019-11-28 00:18:13.5",6798,100342,15.76,12.85,86,10.1235,116,52.7842,1,11,0.7,-10.6,1.014,0.168725,0.8797366,11,28,0,18,12,820000
"2019-11-28 00:18:15.69",6799,100343,17.18,12.85,86,10.1221,116,52.7659,1,11,0.7,-10.6,1.105,0.1687017,0.8794317,11,28,0,18,15,10000
"2019-11-28 00:18:17.53",6800,100344,21.79,12.85,86,10.1215,116,52.7606,1,11,0.7,-10.6,1.401,0.1686917,0.8793434,11,28,0,18,16,850000
"2019-11-28 00:18:19.73",6801,100345,17.75,12.85,86,10.1199,116,52.743,1,11,0.7,-10.4,1.142,0.168665,0.87905,11,28,0,18,19,50000
"2019-11-28 00:18:21.88",6802,100346,10.13,12.85,86,10.1188,116,52.7292,1,11,0.7,-10.4,0.653,0.1686467,0.87882,11,28,0,18,21,200000
"2019-11-28 00:18:24.15",6803,100347,24.69,12.85,86,10.1179,116,52.7154,1,11,0.7,-10.4,1.587,0.1686317,0.87859,11,28,0,18,23,470000
"2019-11-28 00:18:26.36",6804,100348,29.7,12.85,86,10.1168,116,52.7019,1,11,0.7,-10.5,1.908,0.1686133,0.878365,11,28,0,18,25,680000
"2019-11-28 00:18:28.65",6805,100349,27.99,12.85,86,10.1152,116,52.6823,1,11,0.7,-10.5,1.798,0.1685867,0.8780383,11,28,0,18,27,970000
"2019-11-28 00:18:30.85",6806,100350,17.01,12.85,86,10.1142,116,52.6678,1,11,0.7,-10.7,1.094,0.16857,0.8777967,11,28,0,18,30,170000
"2019-11-28 00:18:32.92",6807,100351,18.49,12.85,86,10.1131,116,52.6545,1,11,0.7,-10.8,1.189,0.1685517,0.877575,11,28,0,18,32,230000
"2019-11-28 00:18:35.79",6808,100352,29.13,12.85,86,10.1115,116,52.6358,1,11,0.7,-10.9,1.871,0.168525,0.8772633,11,28,0,18,35,110000
"2019-11-28 00:18:37.9",6809,100353,18.61,12.85,86,10.1103,116,52.6234,1,11,0.7,-11,1.196,0.168505,0.8770567,11,28,0,18,37,220000
"2019-11-28 00:18:40.02",6810,100354,20.71,12.85,86,10.1092,116,52.6098,1,11,0.7,-11.2,1.331,0.1684867,0.87683,11,28,0,18,39,340000
"2019-11-28 00:18:42.22",6811,100355,17.81,12.84,86,10.108,116,52.5972,1,11,0.7,-11.2,1.145,0.1684667,0.87662,11,28,0,18,41,540000
"2019-11-28 00:18:44.46",6812,100356,19.12,12.84,86,10.1069,116,52.5852,1,11,0.7,-11.3,1.229,0.1684483,0.87642,11,28,0,18,43,780000
"2019-11-28 00:18:46.72",6813,100357,19.4,12.84,86,10.1052,116,52.5664,1,11,0.7,-11.3,1.248,0.16842,0.8761066,11,28,0,18,46,30000
"2019-11-28 00:18:48.98",6814,100358,18.72,12.84,86,10.1041,116,52.5529,1,11,0.7,-11.5,1.204,0.1684017,0.8758816,11,28,0,18,48,300000
"2019-11-28 00:18:51.21",6815,100359,14.96,12.84,86,10.103,116,52.5395,1,11,0.7,-11.4,0.963,0.1683833,0.8756583,11,28,0,18,50,530000
"2019-11-28 00:18:53.4",6816,100360,18.43,12.84,86,10.1019,116,52.5262,1,11,0.7,-11.5,1.186,0.168365,0.8754366,11,28,0,18,52,720000
"2019-11-28 00:18:55.61",6817,100361,20.48,12.84,86,10.1004,116,52.5067,1,11,0.7,-11.3,1.317,0.16834,0.8751116,11,28,0,18,54,930000
"2019-11-28 00:18:57.83",6818,100362,16.16,12.84,86,10.0992,116,52.4934,1,11,0.7,-11.4,1.04,0.16832,0.87489,11,28,0,18,57,150000
"2019-11-28 00:19:00.07",6819,100363,18.04,12.84,86,10.098,116,52.479,1,11,0.7,-11.4,1.16,0.1683,0.87465,11,28,0,18,59,390000
"2019-11-28 00:19:02.48",6820,100364,19.74,12.84,86,10.0969,116,52.4629,1,11,0.7,-11.4,1.269,0.1682817,0.8743817,11,28,0,19,1,800000
"2019-11-28 00:19:04.82",6821,100365,23.67,12.84,86,10.0956,116,52.4403,1,11,0.7,-11.5,1.521,0.16826,0.874005,11,28,0,19,4,140000
"2019-11-28 00:19:07.22",6822,100366,19.57,12.84,86,10.0946,116,52.4291,1,11,0.7,-11.5,1.259,0.1682433,0.8738183,11,28,0,19,6,540000
"2019-11-28 00:19:09.49",6823,100367,17.98,12.84,86,10.0934,116,52.4234,1,11,0.7,-11.5,1.156,0.1682233,0.8737234,11,28,0,19,8,810000
"2019-11-28 00:19:11.6",6824,100368,13.31,12.84,86,10.0915,116,52.4347,1,11,0.7,-11.6,0.857,0.1681917,0.8739117,11,28,0,19,10,910000
"2019-11-28 00:19:13.79",6825,100369,14.17,12.84,86,10.0906,116,52.4493,1,11,0.7,-11.6,0.912,0.1681767,0.874155,11,28,0,19,13,110000
"2019-11-28 00:19:16.13",6826,100370,11.89,12.84,86,10.09,116,52.4649,1,11,0.7,-11.7,0.766,0.1681667,0.874415,11,28,0,19,15,440000
"2019-11-28 00:19:18.4",6827,100371,11.72,12.84,86,10.0894,116,52.4814,1,11,0.7,-11.6,0.755,0.1681567,0.87469,11,28,0,19,17,720000
"2019-11-28 00:19:20.81",6828,100372,15.08,12.84,86,10.0886,116,52.5073,1,11,0.7,-11.7,0.97,0.1681433,0.8751217,11,28,0,19,20,130000
"2019-11-28 00:19:24.19",6829,100373,17.18,12.83,86,10.0882,116,52.5127,1,11,0.7,-11.7,1.105,0.1681367,0.8752117,11,28,0,19,23,510000
"2019-11-28 00:19:26.46",6830,100374,22.19,12.84,86,10.0881,116,52.519,1,11,0.7,-11.8,1.426,0.168135,0.8753166,11,28,0,19,25,780000
"2019-11-28 00:19:28.7",6831,100375,37.27,12.83,86,10.0872,116,52.5429,1,11,0.7,-11.6,2.393,0.16812,0.875715,11,28,0,19,28,20000
"2019-11-28 00:19:30.83",6832,100376,18.26,12.83,86,10.0865,116,52.5585,1,11,0.7,-11.5,1.175,0.1681083,0.875975,11,28,0,19,30,150000
"2019-11-28 00:19:32.87",6833,100377,9.27,12.83,86,10.0862,116,52.5742,1,11,0.7,-11.2,0.598,0.1681033,0.8762366,11,28,0,19,32,190000
"2019-11-28 00:19:35.19",6834,100378,46.83,12.83,86,10.0856,116,52.587,1,11,0.7,-11,3.006,0.1680933,0.87645,11,28,0,19,34,510000
"2019-11-28 00:19:37.84",6835,100379,58.21,12.83,86,10.0851,116,52.6027,1,11,0.7,-10.9,3.735,0.168085,0.8767117,11,28,0,19,37,160000
"2019-11-28 00:19:40.3",6836,100380,30.56,12.83,86,10.0846,116,52.6152,1,11,0.7,-11.1,1.963,0.1680767,0.87692,11,28,0,19,39,620000
"2019-11-28 00:19:43.37",6837,100381,25.89,12.83,86,10.0842,116,52.6388,1,11,0.7,-11.1,1.663,0.16807,0.8773134,11,28,0,19,42,690000
"2019-11-28 00:19:45.47",6838,100382,5.175,12.83,86,10.0839,116,52.6516,1,11,0.7,-11.2,0.336,0.168065,0.8775266,11,28,0,19,44,790000
"2019-11-28 00:19:47.6",6839,100383,28.85,12.83,86,10.0831,116,52.6698,1,11,0.7,-11.2,1.853,0.1680517,0.87783,11,28,0,19,46,920000
"2019-11-28 00:19:50.04",6840,100384,25.26,12.83,86,10.0827,116,52.6829,1,11,0.7,-11.2,1.623,0.168045,0.8780483,11,28,0,19,49,360000
"2019-11-28 00:19:52.41",6841,100385,32.09,12.83,86,10.0821,116,52.6956,1,11,0.7,-11.3,2.061,0.168035,0.8782599,11,28,0,19,51,730000
"2019-11-28 00:19:54.99",6842,100386,29.76,12.83,86,10.0811,116,52.7181,1,11,0.7,-11.4,1.911,0.1680183,0.878635,11,28,0,19,54,310000
"2019-11-28 00:19:58.44",6843,100387,37.95,12.83,86,10.0801,116,52.7407,1,11,0.7,-11.5,2.437,0.1680017,0.8790117,11,28,0,19,57,760000
"2019-11-28 00:20:00.6",6844,100388,32.04,12.82,86,10.0792,116,52.762,1,11,0.7,-11.7,2.057,0.1679867,0.8793667,11,28,0,19,59,920000
"2019-11-28 00:20:02.75",6845,100389,12.35,12.82,86,10.0787,116,52.7753,1,11,0.7,-11.7,0.795,0.1679783,0.8795883,11,28,0,20,2,70000
"2019-11-28 00:20:05.06",6846,100390,22.02,12.83,86,10.0781,116,52.7885,1,11,0.7,-11.7,1.415,0.1679683,0.8798084,11,28,0,20,4,370000
"2019-11-28 00:20:07.59",6847,100391,31.86,12.82,86,10.0774,116,52.8114,1,11,0.7,-11.8,2.046,0.1679567,0.88019,11,28,0,20,6,910000
"2019-11-28 00:20:09.91",6848,100392,9.5,12.82,86,10.0768,116,52.8271,1,11,0.7,-11.7,0.613,0.1679467,0.8804516,11,28,0,20,9,230000
"2019-11-28 00:20:12.25",6849,100393,20.71,12.83,86,10.0762,116,52.8407,1,11,0.7,-11.6,1.331,0.1679367,0.8806783,11,28,0,20,11,570000
"2019-11-28 00:20:14.65",6850,100394,30.33,12.83,86,10.0752,116,52.861,1,11,0.7,-11.7,1.948,0.16792,0.8810166,11,28,0,20,13,970000
"2019-11-28 00:20:16.9",6851,100395,35.39,12.82,86,10.0745,116,52.8754,1,11,0.7,-11.8,2.273,0.1679083,0.8812567,11,28,0,20,16,220000
"2019-11-28 00:20:19.32",6852,100396,34.14,12.82,86,10.0738,116,52.8882,1,11,0.7,-11.8,2.192,0.1678967,0.88147,11,28,0,20,18,640000
"2019-11-28 00:20:21.87",6853,100397,26,12.82,86,10.0729,116,52.9075,1,11,0.7,-11.9,1.671,0.1678817,0.8817917,11,28,0,20,21,190000
"2019-11-28 00:20:24.5",6854,100398,56.9,12.82,86,10.0723,116,52.9191,1,11,0.7,-12,3.652,0.1678717,0.881985,11,28,0,20,23,820000
"2019-11-28 00:20:26.4",6855,100399,51.61,12.82,86,10.0719,116,52.9316,1,11,0.7,-12.1,3.312,0.167865,0.8821934,11,28,0,20,25,720000
"2019-11-28 00:20:29.31",6856,100400,45.35,12.82,86,10.0714,116,52.935,1,11,0.7,-12.1,2.911,0.1678567,0.88225,11,28,0,20,28,630000
"2019-11-28 00:20:31.74",6857,100401,58.5,12.82,86,10.0704,116,52.956,1,11,0.7,-12.2,3.754,0.16784,0.8826,11,28,0,20,31,60000
"2019-11-28 00:20:34.06",6858,100402,42.85,12.82,86,10.0699,116,52.9678,1,10,0.7,-12.1,2.75,0.1678317,0.8827966,11,28,0,20,33,380000
"2019-11-28 00:20:36.29",6859,100403,36.42,12.82,86,10.0693,116,52.9791,1,10,0.7,-12,2.338,0.1678217,0.882985,11,28,0,20,35,610000
"2019-11-28 00:20:38.49",6860,100404,16.16,12.82,86,10.0689,116,52.9896,1,10,0.7,-11.8,1.04,0.167815,0.88316,11,28,0,20,37,810000
"2019-11-28 00:20:40.58",6861,100405,18.04,12.82,86,10.068,116,53.0095,1,10,0.7,-11.8,1.16,0.1678,0.8834916,11,28,0,20,39,890000
"2019-11-28 00:20:44.34",6862,100406,32.78,12.82,86,10.0673,116,53.0248,1,10,0.7,-11.9,2.105,0.1677883,0.8837467,11,28,0,20,43,660000
"2019-11-28 00:20:46.59",6863,100407,31.81,12.82,86,10.0666,116,53.0369,1,10,0.7,-12,2.043,0.1677767,0.8839483,11,28,0,20,45,910000
"2019-11-28 00:20:48.28",6864,100408,0.111,12.82,86,10.0662,116,53.0436,1,10,0.7,-12.1,0.011,0.16777,0.88406,11,28,0,20,47,600000
"2019-11-28 00:20:51.76",6865,100409,16.84,12.82,86,10.0649,116,53.0686,1,10,0.7,-12.5,1.083,0.1677484,0.8844766,11,28,0,20,51,80000
"2019-11-28 00:20:55.44",6866,100410,12,12.82,86,10.0643,116,53.073,1,10,0.7,-12.5,0.773,0.1677383,0.88455,11,28,0,20,54,760000
"2019-11-28 00:20:58.41",6867,100411,20.54,12.81,86,10.0634,116,53.0913,1,10,0.7,-12.7,1.321,0.1677233,0.884855,11,28,0,20,57,730000
"2019-11-28 00:21:01.31",6868,100412,33.63,12.82,86,10.0627,116,53.1097,1,10,0.7,-12.9,2.16,0.1677117,0.8851616,11,28,0,21,0,630000
"2019-11-28 00:21:03.65",6869,100413,23.61,12.81,86,10.0616,116,53.1322,1,10,0.7,-13.1,1.518,0.1676933,0.8855366,11,28,0,21,2,960000
"2019-11-28 00:21:07.27",6870,100414,12.91,12.81,86,10.0608,116,53.1547,1,10,0.7,-13.1,0.832,0.16768,0.8859117,11,28,0,21,6,580000
"2019-11-28 00:21:09.55",6871,100415,10.75,12.81,86,10.06,116,53.1776,1,10,0.7,-13.2,0.693,0.1676667,0.8862934,11,28,0,21,8,860000
"2019-11-28 00:21:11.89",6872,100416,11.72,12.81,86,10.0593,116,53.193,1,10,0.7,-13.3,0.755,0.167655,0.88655,11,28,0,21,11,210000
"2019-11-28 00:21:13.68",6873,100417,9.67,12.81,86,10.0586,116,53.2099,1,10,0.7,-13.3,0.624,0.1676433,0.8868317,11,28,0,21,13,0
"2019-11-28 00:21:15.53",6874,100418,10.35,12.81,86,10.0583,116,53.2173,1,10,0.7,-13.3,0.668,0.1676383,0.886955,11,28,0,21,14,850000
"2019-11-28 00:21:17.52",6875,100419,11.66,12.81,86,10.0575,116,53.2305,1,10,0.7,-13.3,0.751,0.167625,0.887175,11,28,0,21,16,840000
"2019-11-28 00:21:19.79",6876,100420,15.08,12.8,86,10.0566,116,53.2496,1,10,0.7,-13.2,0.97,0.16761,0.8874933,11,28,0,21,19,110000
"2019-11-28 00:21:22",6877,100421,13.71,12.81,86,10.056,116,53.2631,1,10,0.7,-13.2,0.883,0.1676,0.8877183,11,28,0,21,21,320000
"2019-11-28 00:21:24.06",6878,100422,12.12,12.8,86,10.0554,116,53.2754,1,10,0.7,-13.2,0.781,0.16759,0.8879233,11,28,0,21,23,380000
"2019-11-28 00:21:26.01",6879,100423,18.21,12.8,86,10.0546,116,53.2875,1,10,0.7,-13.3,1.171,0.1675767,0.888125,11,28,0,21,25,330000
"2019-11-28 00:21:28.4",6880,100424,15.36,12.8,86,10.054,116,53.3015,1,10,0.7,-13.3,0.989,0.1675667,0.8883583,11,28,0,21,27,720000
"2019-11-28 00:21:30.4",6881,100425,8.53,12.8,86,10.0534,116,53.3172,1,10,0.7,-13.4,0.551,0.1675567,0.88862,11,28,0,21,29,720000
"2019-11-28 00:21:32.68",6882,100426,12.23,12.8,86,10.0524,116,53.341,1,10,0.7,-13.4,0.788,0.16754,0.8890167,11,28,0,21,32,0
"2019-11-28 00:21:34.81",6883,100427,14.51,12.8,86,10.0517,116,53.3563,1,10,0.7,-13.4,0.934,0.1675283,0.8892717,11,28,0,21,34,130000
"2019-11-28 00:21:37.02",6884,100428,10.58,12.8,86,10.0511,116,53.3723,1,10,0.7,-13.4,0.682,0.1675183,0.8895383,11,28,0,21,36,330000
"2019-11-28 00:21:39.18",6885,100429,9.61,12.8,86,10.0506,116,53.3886,1,10,0.7,-13.5,0.62,0.16751,0.88981,11,28,0,21,38,500000
"2019-11-28 00:21:41.35",6886,100430,12.17,12.8,86,10.0501,116,53.4036,1,10,0.7,-13.5,0.784,0.1675017,0.89006,11,28,0,21,40,670000
"2019-11-28 00:21:43.61",6887,100431,15.36,12.8,86,10.0494,116,53.4254,1,10,0.7,-13.4,0.989,0.16749,0.8904234,11,28,0,21,42,930000
"2019-11-28 00:21:45.71",6888,100432,12.29,12.8,86,10.0488,116,53.4403,1,10,0.7,-13.5,0.792,0.16748,0.8906717,11,28,0,21,45,30000
"2019-11-28 00:21:47.61",6889,100433,11.04,12.8,86,10.0483,116,53.4557,1,10,0.7,-13.5,0.711,0.1674717,0.8909283,11,28,0,21,46,930000
"2019-11-28 00:21:49.81",6890,100434,14.11,12.8,86,10.0477,116,53.4707,1,10,0.7,-13.7,0.908,0.1674617,0.8911783,11,28,0,21,49,130000
"2019-11-28 00:21:51.78",6891,100435,22.42,12.8,86,10.0471,116,53.4871,1,10,0.7,-13.6,1.441,0.1674517,0.8914517,11,28,0,21,51,100000
"2019-11-28 00:21:53.89",6892,100436,12.8,12.8,86,10.0465,116,53.5021,1,10,0.7,-13.6,0.824,0.1674417,0.8917017,11,28,0,21,53,210000
"2019-11-28 00:21:56.07",6893,100437,15.48,12.8,86,10.0459,116,53.5184,1,10,0.7,-13.5,0.996,0.1674317,0.8919733,11,28,0,21,55,390000
"2019-11-28 00:21:58.58",6894,100438,13.26,12.8,86,10.0451,116,53.5401,1,10,0.7,-13.4,0.854,0.1674183,0.892335,11,28,0,21,57,900000
"2019-11-28 00:22:01.08",6895,100439,19.4,12.79,86,10.0446,116,53.5549,1,10,0.7,-13.5,1.248,0.16741,0.8925817,11,28,0,22,0,400000
"2019-11-28 00:22:03.24",6896,100440,23.78,12.8,86,10.044,116,53.5686,1,10,0.7,-13.7,1.528,0.1674,0.89281,11,28,0,22,2,560000
"2019-11-28 00:22:05.47",6897,100441,17.13,12.8,86,10.0432,116,53.585,1,10,0.7,-13.7,1.102,0.1673867,0.8930834,11,28,0,22,4,790000
"2019-11-28 00:22:07.39",6898,100442,15.19,12.79,86,10.0425,116,53.6003,1,10,0.7,-13.7,0.978,0.167375,0.8933383,11,28,0,22,6,700000
"2019-11-28 00:22:09.86",6899,100443,16.84,12.79,86,10.0416,116,53.6256,1,10,0.7,-13.8,1.083,0.16736,0.89376,11,28,0,22,9,170000
"2019-11-28 00:22:12.27",6900,100444,21.11,12.79,86,10.0412,116,53.6399,1,10,0.7,-13.8,1.357,0.1673533,0.8939983,11,28,0,22,11,590000
"2019-11-28 00:22:14.45",6901,100445,17.18,12.79,86,10.0407,116,53.6553,1,10,0.7,-13.8,1.105,0.167345,0.894255,11,28,0,22,13,770000
"2019-11-28 00:22:16.53",6902,100446,19.35,12.79,86,10.0401,116,53.6729,1,10,0.7,-13.9,1.244,0.167335,0.8945483,11,28,0,22,15,850000
"2019-11-28 00:22:18.75",6903,100447,22.82,12.79,86,10.0392,116,53.6984,1,10,0.7,-14,1.466,0.16732,0.8949734,11,28,0,22,18,70000
"2019-11-28 00:22:22.69",6904,100448,10.35,12.79,86,10.0379,116,53.7298,1,10,0.7,-14.3,0.668,0.1672983,0.8954966,11,28,0,22,22,10000
"2019-11-28 00:22:24.48",6905,100449,9.84,12.79,86,10.0376,116,53.7369,1,10,0.7,-14.3,0.635,0.1672933,0.895615,11,28,0,22,23,800000
"2019-11-28 00:22:26.63",6906,100450,7.281,12.79,86,10.0368,116,53.7603,1,10,0.7,-14.4,0.471,0.16728,0.896005,11,28,0,22,25,950000
"2019-11-28 00:22:28.39",6907,100451,9.05,12.79,86,10.0364,116,53.7683,1,10,0.7,-14.4,0.584,0.1672733,0.8961383,11,28,0,22,27,710000
"2019-11-28 00:22:30.6",6908,100452,6.257,12.79,86,10.0355,116,53.7939,1,10,0.7,-14.4,0.405,0.1672583,0.896565,11,28,0,22,29,920000
"2019-11-28 00:22:32.46",6909,100453,8.48,12.79,86,10.0352,116,53.8024,1,10,0.7,-14.3,0.547,0.1672533,0.8967066,11,28,0,22,31,780000
"2019-11-28 00:22:34.7",6910,100454,16.16,12.79,86,10.0343,116,53.8265,1,10,0.7,-14.3,1.04,0.1672383,0.8971083,11,28,0,22,34,10000
"2019-11-28 00:22:37.13",6911,100455,19,12.79,86,10.0337,116,53.8421,1,10,0.7,-14.2,1.222,0.1672283,0.8973683,11,28,0,22,36,440000
"2019-11-28 00:22:39.32",6912,100456,11.89,12.78,86,10.0332,116,53.8573,1,10,0.7,-14.1,0.766,0.16722,0.8976217,11,28,0,22,38,640000
"2019-11-28 00:22:41.54",6913,100457,12.97,12.79,86,10.0321,116,53.8817,1,10,0.7,-14.1,0.835,0.1672017,0.8980283,11,28,0,22,40,860000
"2019-11-28 00:22:43.73",6914,100458,10.7,12.79,86,10.0315,116,53.8985,1,10,0.7,-14.2,0.689,0.1671917,0.8983083,11,28,0,22,43,50000
"2019-11-28 00:22:45.84",6915,100459,14.96,12.79,86,10.0309,116,53.9147,1,10,0.7,-14.3,0.963,0.1671817,0.8985783,11,28,0,22,45,160000
"2019-11-28 00:22:47.79",6916,100460,8.42,12.78,86,10.0304,116,53.9312,1,10,0.7,-14.1,0.544,0.1671733,0.8988533,11,28,0,22,47,110000
"2019-11-28 00:22:49.76",6917,100461,8.36,12.79,86,10.0296,116,53.9485,1,10,0.7,-14.1,0.54,0.16716,0.8991417,11,28,0,22,49,80000
"2019-11-28 00:22:51.99",6918,100462,16.9,12.79,86,10.0288,116,53.964,1,10,0.7,-14,1.087,0.1671467,0.8994,11,28,0,22,51,310000
"2019-11-28 00:22:54.21",6919,100463,14.85,12.79,86,10.0283,116,53.9823,1,10,0.7,-14,0.956,0.1671383,0.899705,11,28,0,22,53,530000
"2019-11-28 00:22:56.13",6920,100464,15.13,12.78,86,10.0277,116,54.0013,1,10,0.7,-14,0.974,0.1671283,0.9000217,11,28,0,22,55,440000
"2019-11-28 00:22:58.27",6921,100465,10.35,12.78,86,10.0271,116,54.018,1,10,0.7,-13.9,0.668,0.1671183,0.9003,11,28,0,22,57,580000
"2019-11-28 00:23:00.43",6922,100466,13.26,12.78,86,10.0264,116,54.0327,1,10,0.7,-14,0.854,0.1671067,0.900545,11,28,0,22,59,750000
"2019-11-28 00:23:02.59",6923,100467,9.27,12.78,86,10.0254,116,54.06,1,10,0.7,-14.1,0.598,0.16709,0.901,11,28,0,23,1,910000
"2019-11-28 00:23:04.68",6924,100468,13.83,12.78,86,10.0248,116,54.0775,1,10,0.7,-14,0.89,0.16708,0.9012917,11,28,0,23,4,0
"2019-11-28 00:23:06.76",6925,100469,9.44,12.78,86,10.0244,116,54.0948,1,10,0.7,-14,0.609,0.1670733,0.90158,11,28,0,23,6,80000
"2019-11-28 00:23:08.71",6926,100470,13.14,12.78,86,10.0241,116,54.1128,1,10,0.7,-13.9,0.846,0.1670683,0.90188,11,28,0,23,8,30000
"2019-11-28 00:23:10.9",6927,100471,9.27,12.78,86,10.0236,116,54.1304,1,10,0.7,-14,0.598,0.16706,0.9021734,11,28,0,23,10,220000
"2019-11-28 00:23:13.09",6928,100472,11.66,12.78,86,10.0228,116,54.1465,1,10,0.7,-14.1,0.751,0.1670467,0.9024417,11,28,0,23,12,410000
"2019-11-28 00:23:15.13",6929,100473,12.29,12.78,86,10.0222,116,54.1618,1,10,0.7,-13.9,0.792,0.1670367,0.9026966,11,28,0,23,14,450000
"2019-11-28 00:23:17.03",6930,100474,8.08,12.78,86,10.0216,116,54.178,1,10,0.7,-13.9,0.522,0.1670267,0.9029666,11,28,0,23,16,350000
"2019-11-28 00:23:18.81",6931,100475,6.996,12.78,86,10.021,116,54.1951,1,10,0.7,-13.9,0.452,0.1670167,0.9032517,11,28,0,23,18,130000
"2019-11-28 00:23:21.16",6932,100476,16.39,12.78,86,10.0202,116,54.2115,1,10,0.7,-13.8,1.054,0.1670033,0.903525,11,28,0,23,20,480000
"2019-11-28 00:23:23.37",6933,100477,26.69,12.78,86,10.0193,116,54.2248,1,10,0.7,-13.9,1.715,0.1669883,0.9037466,11,28,0,23,22,690000
"2019-11-28 00:23:26.01",6934,100478,20.09,12.78,86,10.018,116,54.2447,1,10,0.7,-13.7,1.291,0.1669667,0.9040784,11,28,0,23,25,330000
"2019-11-28 00:23:28.42",6935,100479,16.67,12.78,86,10.0172,116,54.255,1,10,0.7,-13.6,1.072,0.1669533,0.90425,11,28,0,23,27,740000
"2019-11-28 00:23:30.69",6936,100480,20.88,12.77,86,10.0158,116,54.2717,1,10,0.7,-13.7,1.342,0.16693,0.9045284,11,28,0,23,30,10000
"2019-11-28 00:23:32.94",6937,100481,11.21,12.78,86,10.0144,116,54.2781,1,10,0.7,-13.9,0.722,0.1669067,0.904635,11,28,0,23,32,250000
"2019-11-28 00:23:36.43",6938,100482,5.972,12.77,86,10.0121,116,54.2791,1,10,0.7,-13.9,0.387,0.1668683,0.9046517,11,28,0,23,35,750000
"2019-11-28 00:23:38.69",6939,100483,12.74,12.78,86,10.01,116,54.2755,1,10,0.7,-14,0.821,0.1668333,0.9045917,11,28,0,23,38,10000
"2019-11-28 00:23:41.11",6940,100484,12.12,12.77,86,10.0086,116,54.2737,1,10,0.7,-14,0.781,0.16681,0.9045617,11,28,0,23,40,430000
