"TOA5","35279","CR800","35279","CR800.Std.27.04","CPU:AWI_V2.1_Anja.CR8","15615","OperatorView"
"TIMESTAMP","RECORD","Counter","DepthCm","BattVolts","latitude_a","latitude_b","Longitude_a","Longitude_b","fix_quality","nmbr_satellites","HDOP","altitudeB","DepthVolts","LatitudeDDDDD","LongitudeDDDDD","month","dayofmonth","hourofday","minutes","seconds","microseconds"
"TS","RN","","","","degrees","minutes","degrees","minutes","unitless","","","","","","","","","","","",""
"","","Smp","Smp","Smp","Smp","Smp","Smp","Smp","Smp","Smp","Smp","Smp","Smp","Smp","Smp","Smp","Smp","Smp","Smp","Smp","Smp"
"2020-02-28 11:00:21.14",31528,100001,-0.55,12.44,88,20.4487,33,43.2003,1,10,0.8,-10.3,0,0.3408117,0.720005,2,28,11,4,6,250000
"2020-02-28 11:04:11.82",31529,100002,120,12.43,88,20.4485,33,43.1973,1,10,0.8,-10.6,7.882,0.3408083,0.719955,2,28,11,4,11,140000
"2020-02-28 11:04:12.83",31530,100003,119.9,12.43,88,20.4484,33,43.1957,1,10,0.8,-10.6,7.878,0.3408067,0.7199284,2,28,11,4,12,150000
"2020-02-28 11:04:13.79",31531,100004,119.9,12.42,88,20.4483,33,43.1941,1,10,0.8,-10.6,7.878,0.340805,0.7199017,2,28,11,4,13,110000
"2020-02-28 11:04:21.07",31532,100005,21.32,12.43,88,20.4481,33,43.1827,1,10,0.8,-11.1,1.43,0.3408016,0.7197117,2,28,11,4,20,390000
"2020-02-28 11:04:26.57",31533,100006,20.54,12.42,88,20.448,33,43.1666,1,10,0.8,-11.2,1.379,0.3408,0.7194434,2,28,11,4,25,890000
"2020-02-28 11:04:32.72",31534,100007,26.09,12.42,88,20.4476,33,43.1371,1,10,0.8,-12.3,1.742,0.3407933,0.7189517,2,28,11,4,32,40000
"2020-02-28 11:04:39.41",31535,100008,28.95,12.41,88,20.447,33,43.1078,1,10,0.8,-12.6,1.929,0.3407833,0.7184633,2,28,11,4,38,730000
"2020-02-28 11:04:44.57",31536,100009,35.73,12.42,88,20.4468,33,43.0743,1,10,0.8,-12.7,2.373,0.34078,0.717905,2,28,11,4,43,890000
"2020-02-28 11:04:50.11",31537,100010,33.32,12.41,88,20.4463,33,43.0372,1,10,0.8,-12.3,2.215,0.3407717,0.7172867,2,28,11,4,49,430000
"2020-02-28 11:04:55.96",31538,100011,15.99,12.41,88,20.4456,33,43.0237,1,10,0.8,-12.3,1.082,0.34076,0.7170617,2,28,11,4,55,280000
"2020-02-28 11:05:02.07",31539,100012,17.84,12.41,88,20.4452,33,42.9964,1,10,0.8,-12.7,1.203,0.3407534,0.7166066,2,28,11,5,1,380000
"2020-02-28 11:05:08.16",31540,100013,26.82,12.41,88,20.4441,33,42.9776,1,10,0.8,-12,1.79,0.340735,0.7162934,2,28,11,5,7.000,480000
"2020-02-28 11:05:14.5",31541,100014,18.91,12.4,88,20.4432,33,42.9413,1,10,0.8,-11.8,1.273,0.34072,0.7156883,2,28,11,5,13,820000
"2020-02-28 11:05:19.29",31542,100015,16.83,12.4,88,20.4425,33,42.9328,1,10,0.8,-11,1.137,0.3407083,0.7155466,2,28,11,5,18,610000
"2020-02-28 11:05:23.48",31543,100016,23.68,12.39,88,20.4419,33,42.9131,1,10,0.8,-10.3,1.584,0.3406983,0.7152184,2,28,11,5,22,800000
"2020-02-28 11:05:28.42",31544,100017,30.86,12.39,88,20.4409,33,42.8875,1,10,0.8,-10,2.054,0.3406817,0.7147917,2,28,11,5,27,740000
"2020-02-28 11:05:32.95",31545,100018,29.9,12.4,88,20.4402,33,42.8762,1,10,0.8,-9.2,1.992,0.34067,0.7146034,2,28,11,5,32,270000
"2020-02-28 11:05:37.47",31546,100019,24.01,12.4,88,20.4398,33,42.8583,1,10,0.8,-8.8,1.606,0.3406634,0.714305,2,28,11,5,36,790000
"2020-02-28 11:05:44.97",31547,100020,16.61,12.38,88,20.4387,33,42.8313,1,10,0.8,-8,1.122,0.340645,0.713855,2,28,11,5,44,290000
"2020-02-28 11:05:52.63",31548,100021,23.79,12.38,88,20.438,33,42.8144,1,10,0.8,-7.7,1.592,0.3406333,0.7135734,2,28,11,5,51,950000
"2020-02-28 11:05:57.65",31549,100022,32.26,12.38,88,20.4376,33,42.7928,1,10,0.8,-7.6,2.146,0.3406266,0.7132134,2,28,11,5,56,970000
"2020-02-28 11:06:06.29",31550,100023,21.55,12.38,88,20.4366,33,42.7624,1,10,0.8,-6.5,1.445,0.34061,0.7127067,2,28,11,6,5,610000
"2020-02-28 11:06:11.79",31551,100024,26.37,12.37,88,20.4359,33,42.7397,1,10,0.8,-6.2,1.761,0.3405983,0.7123283,2,28,11,6,11,110000
"2020-02-28 11:06:16.84",31552,100025,39.72,12.37,88,20.4353,33,42.7113,1,10,0.8,-5.9,2.633,0.3405884,0.711855,2,28,11,6,16,160000
"2020-02-28 11:06:22.49",31553,100026,42.3,12.37,88,20.4346,33,42.6914,1,10,0.8,-5.4,2.802,0.3405767,0.7115233,2,28,11,6,21,810000
"2020-02-28 11:06:27.47",31554,100027,51.94,12.37,88,20.4338,33,42.6661,1,10,0.8,-5,3.433,0.3405633,0.7111017,2,28,11,6,26,790000
"2020-02-28 11:06:36.77",31555,100028,52.73,12.36,88,20.4328,33,42.6319,1,10,0.8,-4.3,3.484,0.3405467,0.7105317,2,28,11,6,36,90000
"2020-02-28 11:06:43.86",31556,100029,48.46,12.36,88,20.4319,33,42.6075,1,10,0.8,-4.6,3.206,0.3405317,0.710125,2,28,11,6,43,180000
"2020-02-28 11:06:48.39",31557,100030,50.09,12.35,88,20.4312,33,42.5967,1,10,0.8,-4.5,3.312,0.34052,0.709945,2,28,11,6,47,710000
"2020-02-28 11:06:52.65",31558,100031,58.11,12.36,88,20.4307,33,42.5823,1,10,0.8,-4.4,3.837,0.3405117,0.709705,2,28,11,6,51,970000
"2020-02-28 11:06:57.91",31559,100032,68.88,12.35,88,20.4298,33,42.558,1,10,0.8,-4.2,4.541,0.3404966,0.7093,2,28,11,6,57,230000
"2020-02-28 11:07:04.18",31560,100033,91.5,12.36,88,20.4289,33,42.5364,1,10,0.8,-4.1,6.023,0.3404817,0.70894,2,28,11,7.000,3,500000
"2020-02-28 11:07:16.6",31561,100034,94.5,12.35,88,20.428,33,42.5127,1,10,0.8,-4.8,6.217,0.3404666,0.708545,2,28,11,7.000,15,920000
"2020-02-28 11:07:40.34",31562,100035,18.97,12.34,88,20.4268,33,42.472,1,10,0.8,-3.7,1.276,0.3404466,0.7078666,2,28,11,7.000,39,660000
"2020-02-28 11:07:52.2",31563,100036,17.51,12.34,88,20.4256,33,42.4321,1,10,0.8,-3.2,1.181,0.3404266,0.7072017,2,28,11,7.000,51,520000
"2020-02-28 11:08:02.94",31564,100037,9.43,12.33,88,20.4246,33,42.4059,1,10,0.8,-4.1,0.65,0.34041,0.706765,2,28,11,8,2,260000
"2020-02-28 11:08:11.29",31565,100038,19.53,12.32,88,20.4242,33,42.3812,1,10,0.8,-4.3,1.313,0.3404034,0.7063533,2,28,11,8,10,610000
"2020-02-28 11:08:21.11",31566,100039,13.25,12.33,88,20.4234,33,42.3493,1,10,0.8,-4.4,0.90,0.34039,0.7058217,2,28,11,8,20,420000
"2020-02-28 11:08:32.63",31567,100040,66.19,12.32,88,20.4225,33,42.3146,1,10,0.8,-5,4.365,0.340375,0.7052434,2,28,11,8,31,950000
"2020-02-28 11:08:42.89",31568,100041,97,12.31,88,20.4217,33,42.2876,1,10,0.8,-4.6,6.382,0.3403616,0.7047934,2,28,11,8,42,210000
"2020-02-28 11:08:53.74",31569,100042,86.8,12.31,88,20.4204,33,42.2547,1,10,0.8,-4.4,5.711,0.34034,0.704245,2,28,11,8,53,60000
"2020-02-28 11:09:09.59",31570,100043,112.1,12.31,88,20.4188,33,42.2071,1,10,0.8,-4.9,7.369,0.3403134,0.7034517,2,28,11,9,8,910000
"2020-02-28 11:09:18.31",31571,100044,112.7,12.3,88,20.418,33,42.1772,1,10,0.8,-4.1,7.409,0.3403,0.7029534,2,28,11,9,17,630000
"2020-02-28 11:09:27.51",31572,100045,110.6,12.3,88,20.4172,33,42.1438,1,10,0.8,-4,7.270,0.3402867,0.7023966,2,28,11,9,26,830000
"2020-02-28 11:09:35.33",31573,100046,97.3,12.3,88,20.4159,33,42.116,1,10,0.8,-3.4,6.4,0.340265,0.7019334,2,28,11,9,34,650000
"2020-02-28 11:09:50.91",31574,100047,99.2,12.3,88,20.4152,33,42.0845,1,10,0.8,-3.3,6.525,0.3402533,0.7014083,2,28,11,9,50,230000
"2020-02-28 11:09:58.29",31575,100048,89.9,12.28,88,20.4145,33,42.0629,1,10,0.8,-3.5,5.912,0.3402416,0.7010483,2,28,11,9,57,610000
"2020-02-28 11:10:05.59",31576,100049,94.2,12.29,88,20.4138,33,42.0419,1,10,0.8,-3.4,6.199,0.34023,0.7006983,2,28,11,10,4,910000
"2020-02-28 11:10:20.87",31577,100050,85.3,12.28,88,20.4129,33,42.0079,1,10,0.8,-3.4,5.612,0.340215,0.7001317,2,28,11,10,20,190000
"2020-02-28 11:10:25.73",31578,100051,96.8,12.28,88,20.4125,33,41.9878,1,10,0.8,-3.7,6.367,0.3402084,0.6997966,2,28,11,10,25,40000
"2020-02-28 11:10:32.99",31579,100052,101.2,12.28,88,20.4115,33,41.9542,1,10,0.8,-3.3,6.653,0.3401917,0.6992367,2,28,11,10,32,310000
"2020-02-28 11:10:41.2",31580,100053,97.3,12.27,88,20.4107,33,41.9215,1,10,0.8,-3,6.397,0.3401784,0.6986917,2,28,11,10,40,520000
"2020-02-28 11:10:46.04",31581,100054,99.6,12.28,88,20.4099,33,41.9003,1,10,0.8,-2.9,6.551,0.340165,0.6983383,2,28,11,10,45,360000
"2020-02-28 11:10:50.57",31582,100055,102.3,12.26,88,20.4092,33,41.8794,1,10,0.8,-2.1,6.727,0.3401533,0.69799,2,28,11,10,49,890000
"2020-02-28 11:10:57.56",31583,100056,101.2,12.27,88,20.4082,33,41.8521,1,10,0.8,-1.3,6.653,0.3401366,0.697535,2,28,11,10,56,870000
"2020-02-28 11:11:01.84",31584,100057,104.7,12.27,88,20.4074,33,41.8312,1,10,0.8,-1.6,6.881,0.3401233,0.6971866,2,28,11,11,1,160000
"2020-02-28 11:11:06.21",31585,100058,105.2,12.26,88,20.4066,33,41.7964,1,10,0.8,-1.8,6.917,0.34011,0.6966066,2,28,11,11,5,530000
"2020-02-28 11:11:18.73",31586,100059,109.3,12.26,88,20.4059,33,41.7787,1,10,0.8,-1,7.185,0.3400983,0.6963117,2,28,11,11,18,50000
"2020-02-28 11:11:23.91",31587,100060,99.6,12.26,88,20.4053,33,41.7392,1,10,0.8,-2.1,6.551,0.3400883,0.6956533,2,28,11,11,23,230000
"2020-02-28 11:11:38.61",31588,100061,94,12.26,88,20.4046,33,41.7266,1,10,0.8,-1.9,6.184,0.3400766,0.6954434,2,28,11,11,37,930000
"2020-02-28 11:11:43.08",31589,100062,92.1,12.26,88,20.4039,33,41.7035,1,10,0.8,-1.8,6.059,0.340065,0.6950583,2,28,11,11,42,400000
"2020-02-28 11:11:47.42",31590,100063,92.1,12.25,88,20.4029,33,41.6738,1,10,0.8,-2.5,6.059,0.3400484,0.6945634,2,28,11,11,46,740000
"2020-02-28 11:11:51.73",31591,100064,89.4,12.26,88,20.4023,33,41.6545,1,10,0.8,-2.2,5.88,0.3400383,0.6942417,2,28,11,11,51,50000
"2020-02-28 11:11:55.96",31592,100065,81.1,12.25,88,20.4016,33,41.639,1,10,0.8,-1.1,5.34,0.3400267,0.6939833,2,28,11,11,55,280000
"2020-02-28 11:12:01.33",31593,100066,70.9,12.25,88,20.4011,33,41.6075,1,10,0.8,-1.2,4.673,0.3400183,0.6934583,2,28,11,12,0,650000
"2020-02-28 11:12:05.48",31594,100067,72.81,12.24,88,20.4006,33,41.5956,1,10,0.8,-0.8,4.798,0.34001,0.69326,2,28,11,12,4,800000
"2020-02-28 11:12:09.43",31595,100068,70.56,12.24,88,20.3999,33,41.5788,1,10,0.8,-0.3,4.651,0.3399983,0.69298,2,28,11,12,8,750000
"2020-02-28 11:12:13.82",31596,100069,62.82,12.25,88,20.3991,33,41.5497,1,10,0.8,-0.3,4.145,0.339985,0.692495,2,28,11,12,13,130000
"2020-02-28 11:13:50.69",31597,100070,21.1,12.22,88,20.4201,33,42.2079,1,10,0.8,-0.1,1.416,0.340335,0.703465,2,28,11,13,50,10000
"2020-02-28 11:13:58.16",31598,100071,119.9,12.21,88,20.4198,33,42.1926,1,10,0.8,-0.1,7.879,0.34033,0.70321,2,28,11,13,57,470000
"2020-02-28 11:13:59.05",31599,100072,120,12.2,88,20.4197,33,42.191,1,10,0.8,-0.1,7.883,0.3403283,0.7031834,2,28,11,13,58,370000
"2020-02-28 11:13:59.98",31600,100073,119.9,12.21,88,20.4197,33,42.1888,1,10,0.8,-0.1,7.879,0.3403283,0.7031467,2,28,11,13,59,300000
"2020-02-28 11:14:53.89",31601,100074,23.23,12.21,88,20.4194,33,41.8902,1,10,0.8,-1.2,1.555,0.3403233,0.69817,2,28,11,14,53,210000
"2020-02-28 11:15:01.17",31602,100075,17.29,12.2,88,20.4185,33,41.8639,1,10,0.7,-1.5,1.167,0.3403083,0.6977317,2,28,11,15,0,480000
"2020-02-28 11:15:05.2",31603,100076,14.71,12.2,88,20.418,33,41.8455,1,10,0.8,-1.7,1.00,0.3403,0.697425,2,28,11,15,4,520000
"2020-02-28 11:15:08.5",31604,100077,15.04,12.19,88,20.4177,33,41.8335,1,10,0.7,-1.6,1.02,0.340295,0.697225,2,28,11,15,7.000,810000
"2020-02-28 11:15:12.16",31605,100078,13.92,12.2,88,20.4171,33,41.8098,1,10,0.7,-1.6,0.95,0.340285,0.69683,2,28,11,15,11,480000
"2020-02-28 11:15:15.48",31606,100079,19.98,12.19,88,20.4166,33,41.7931,1,10,0.7,-1.7,1.343,0.3402766,0.6965516,2,28,11,15,14,800000
"2020-02-28 11:15:19.41",31607,100080,24.47,12.2,88,20.4159,33,41.7695,1,10,0.7,-1.8,1.636,0.340265,0.6961583,2,28,11,15,18,730000
"2020-02-28 11:15:23.22",31608,100081,17.74,12.2,88,20.4154,33,41.7468,1,10,0.7,-2,1.196,0.3402567,0.69578,2,28,11,15,22,540000
"2020-02-28 11:15:26.79",31609,100082,30.69,12.2,88,20.4147,33,41.7247,1,10,0.7,-2.2,2.043,0.340245,0.6954117,2,28,11,15,26,110000
"2020-02-28 11:15:30.83",31610,100083,32.77,12.19,88,20.4143,33,41.705,1,10,0.7,-2.3,2.179,0.3402384,0.6950834,2,28,11,15,30,150000
"2020-02-28 11:15:35.16",31611,100084,28.95,12.18,88,20.4136,33,41.6881,1,10,0.7,-2.4,1.93,0.3402267,0.6948016,2,28,11,15,34,480000
"2020-02-28 11:15:40.65",31612,100085,28.39,12.19,88,20.4129,33,41.6725,1,10,0.7,-2.4,1.893,0.340215,0.6945417,2,28,11,15,39,970000
"2020-02-28 11:15:44.53",31613,100086,26.49,12.19,88,20.4124,33,41.6539,1,10,0.7,-2.5,1.768,0.3402066,0.6942317,2,28,11,15,43,850000
"2020-02-28 11:15:48.23",31614,100087,29.91,12.19,88,20.4119,33,41.6328,1,10,0.7,-2.6,1.992,0.3401983,0.69388,2,28,11,15,47,550000
"2020-02-28 11:15:53.67",31615,100088,26.82,12.18,88,20.4112,33,41.6113,1,10,0.7,-2.5,1.79,0.3401866,0.6935217,2,28,11,15,52,990000
"2020-02-28 11:15:56.97",31616,100089,31.42,12.19,88,20.4106,33,41.5905,1,10,0.7,-2.5,2.091,0.3401767,0.693175,2,28,11,15,56,290000
"2020-02-28 11:16:01.25",31617,100090,56.72,12.18,88,20.4099,33,41.5684,1,10,0.7,-2.6,3.745,0.340165,0.6928066,2,28,11,16,0,570000
"2020-02-28 11:16:07.17",31618,100091,66.37,12.18,88,20.4091,33,41.5428,1,10,0.7,-2.5,4.376,0.3401517,0.69238,2,28,11,16,6,490000
"2020-02-28 11:16:12.81",31619,100092,75.73,12.18,88,20.4085,33,41.5114,1,10,0.7,-2.7,4.989,0.3401417,0.6918566,2,28,11,16,12,130000
"2020-02-28 11:16:20.44",31620,100093,45.56,12.17,88,20.4078,33,41.4942,1,10,0.7,-2.5,3.015,0.34013,0.6915701,2,28,11,16,19,760000
"2020-02-28 11:16:27.93",31621,100094,105.2,12.16,88,20.4071,33,41.4614,1,10,0.7,-2.9,6.919,0.3401184,0.6910233,2,28,11,16,27,250000
"2020-02-28 11:16:36.72",31622,100095,119.9,12.18,88,20.4062,33,41.4372,1,10,0.7,-2.8,7.880,0.3401033,0.69062,2,28,11,16,36,40000
"2020-02-28 11:16:51.14",31623,100096,119.9,12.17,88,20.4051,33,41.3939,1,10,0.7,-2.8,7.880,0.340085,0.6898984,2,28,11,16,50,460000
"2020-02-28 11:16:58.85",31624,100097,119.9,12.16,88,20.4042,33,41.3641,1,10,0.7,-2.5,7.880,0.34007,0.6894017,2,28,11,16,58,170000
"2020-02-28 11:17:08.24",31625,100098,107.8,12.15,88,20.4033,33,41.3335,1,10,0.7,-3,7.087,0.340055,0.6888917,2,28,11,17,7.000,560000
"2020-02-28 11:17:16.96",31626,100099,44.55,12.15,88,20.4027,33,41.3089,1,10,0.7,-2.7,2.949,0.340045,0.6884816,2,28,11,17,16,280000
"2020-02-28 11:17:25.41",31627,100100,4.554,12.16,88,20.402,33,41.2923,1,9,0.8,-1.8,0.33,0.3400334,0.688205,2,28,11,17,24,730000
"2020-02-28 11:17:37.23",31628,100101,16.28,12.16,88,20.4012,33,41.2629,1,10,0.7,-1.8,1.101,0.34002,0.687715,2,28,11,17,36,550000
"2020-02-28 11:17:53.29",31629,100102,12.46,12.15,88,20.4,33,41.2293,1,10,0.7,-1.6,0.85,0.34,0.687155,2,28,11,17,52,610000
"2020-02-28 11:18:29.11",31630,100103,14.31,12.15,88,20.398,33,41.1608,1,10,0.7,-1,0.97,0.3399667,0.6860134,2,28,11,18,28,430000
"2020-02-28 11:18:33.51",31631,100104,13.7,12.15,88,20.3975,33,41.1424,1,10,0.7,-1.2,0.93,0.3399583,0.6857066,2,28,11,18,32,830000
"2020-02-28 11:18:45.38",31632,100105,39.5,12.14,88,20.3966,33,41.1104,1,10,0.7,-1.5,2.619,0.3399434,0.6851734,2,28,11,18,44,700000
"2020-02-28 11:18:49.53",31633,100106,58.91,12.14,88,20.3962,33,41.0995,1,10,0.7,-1.4,3.889,0.3399367,0.6849917,2,28,11,18,48,850000
"2020-02-28 11:18:53.64",31634,100107,45.56,12.14,88,20.3956,33,41.0799,1,10,0.7,-1.6,3.016,0.3399267,0.684665,2,28,11,18,52,950000
"2020-02-28 11:18:57.8",31635,100108,50.83,12.14,88,20.3948,33,41.0412,1,10,0.7,-3.7,3.361,0.3399133,0.68402,2,28,11,18,57,110000
"2020-02-28 11:19:03.23",31636,100109,34.96,12.13,88,20.3941,33,41.0194,1,10,0.7,-3.3,2.322,0.3399016,0.6836567,2,28,11,19,2,540000
"2020-02-28 11:19:12.29",31637,100110,51.84,12.13,88,20.3935,33,40.9935,1,10,0.7,-3.4,3.427,0.3398916,0.683225,2,28,11,19,11,610000
"2020-02-28 11:19:18.78",31638,100111,41.63,12.13,88,20.3928,33,40.9739,1,10,0.7,-2.7,2.759,0.33988,0.6828983,2,28,11,19,18,100000
"2020-02-28 11:19:24.22",31639,100112,42.2,12.14,88,20.3921,33,40.9484,1,10,0.7,-2.5,2.796,0.3398683,0.6824733,2,28,11,19,23,540000
"2020-02-28 11:19:28.37",31640,100113,47.92,12.12,88,20.3915,33,40.9295,1,10,0.7,-2.5,3.17,0.3398584,0.6821583,2,28,11,19,27,690000
"2020-02-28 11:19:33.35",31641,100114,49.26,12.12,88,20.3907,33,40.9014,1,10,0.7,-2.4,3.258,0.339845,0.68169,2,28,11,19,32,670000
"2020-02-28 11:19:38.72",31642,100115,47.19,12.13,88,20.3901,33,40.876,1,10,0.7,-2.7,3.122,0.339835,0.6812666,2,28,11,19,38,40000
"2020-02-28 11:19:44.56",31643,100116,48.48,12.13,88,20.3893,33,40.8584,1,10,0.7,-2.7,3.207,0.3398217,0.6809733,2,28,11,19,43,880000
"2020-02-28 11:19:49.33",31644,100117,53.08,12.13,88,20.3887,33,40.838,1,10,0.7,-3,3.507,0.3398117,0.6806334,2,28,11,19,48,650000
"2020-02-28 11:20:06.46",31645,100118,70.02,12.12,88,20.3876,33,40.7967,1,10,0.7,-3.4,4.615,0.3397933,0.679945,2,28,11,20,5,780000
"2020-02-28 11:20:11.92",31646,100119,69.57,12.11,88,20.3868,33,40.7713,1,10,0.7,-3.9,4.586,0.33978,0.6795217,2,28,11,20,11,230000
"2020-02-28 11:20:20.66",31647,100120,35.8,12.12,88,20.3858,33,40.7562,1,10,0.7,-4.2,2.377,0.3397633,0.67927,2,28,11,20,19,980000
"2020-02-28 11:20:26.66",31648,100121,61.55,12.12,88,20.3853,33,40.7358,1,10,0.7,-4.1,4.061,0.339755,0.6789301,2,28,11,20,25,980000
"2020-02-28 11:20:33.03",31649,100122,64.3,12.13,88,20.3846,33,40.7097,1,10,0.7,-4.6,4.241,0.3397433,0.678495,2,28,11,20,32,350000
"2020-02-28 11:20:36.92",31650,100123,64.07,12.12,88,20.384,33,40.6937,1,10,0.7,-4.5,4.227,0.3397333,0.6782283,2,28,11,20,36,240000
"2020-02-28 11:20:41.4",31651,100124,61.16,12.12,88,20.3834,33,40.6709,1,10,0.7,-4.4,4.036,0.3397233,0.6778482,2,28,11,20,40,720000
"2020-02-28 11:20:46.76",31652,100125,63.4,12.12,88,20.3824,33,40.6411,1,10,0.7,-4.5,4.183,0.3397067,0.6773517,2,28,11,20,46,70000
"2020-02-28 11:20:51.07",31653,100126,59.25,12.12,88,20.3819,33,40.6246,1,10,0.7,-4.5,3.911,0.3396984,0.6770766,2,28,11,20,50,390000
"2020-02-28 11:20:57.56",31654,100127,56.11,12.12,88,20.3812,33,40.6074,1,10,0.7,-4.4,3.706,0.3396867,0.67679,2,28,11,20,56,880000
"2020-02-28 11:21:01.47",31655,100128,48.37,12.12,88,20.3807,33,40.5886,1,10,0.7,-4.6,3.199,0.3396783,0.6764766,2,28,11,21,0,790000
"2020-02-28 11:21:04.63",31656,100129,49.26,12.12,88,20.3803,33,40.5793,1,10,0.7,-4.5,3.258,0.3396717,0.6763217,2,28,11,21,3,950000
"2020-02-28 11:21:08.02",31657,100130,50.27,12.11,88,20.3796,33,40.5516,1,10,0.7,-4.7,3.324,0.33966,0.6758601,2,28,11,21,7.000,340000
"2020-02-28 11:21:11.41",31658,100131,50.95,12.11,88,20.3791,33,40.5357,1,10,0.7,-4.8,3.368,0.3396517,0.675595,2,28,11,21,10,730000
"2020-02-28 11:21:15.19",31659,100132,42.59,12.12,88,20.3785,33,40.5119,1,10,0.7,-4.8,2.821,0.3396417,0.6751984,2,28,11,21,14,510000
"2020-02-28 11:23:00.01",31660,100133,23.01,12.09,88,20.3969,33,41.0656,1,10,0.7,-3.6,1.541,0.3399483,0.6844266,2,28,11,22,59,330000
"2020-02-28 11:23:06.49",31661,100134,120,12.08,88,20.3968,33,41.0537,1,10,0.7,-3.7,7.881,0.3399466,0.6842283,2,28,11,23,5,810000
"2020-02-28 11:23:07.72",31662,100135,120,12.09,88,20.3968,33,41.0519,1,10,0.7,-3.7,7.881,0.3399466,0.6841983,2,28,11,23,7.000,40000
"2020-02-28 11:23:09.03",31663,100136,120,12.09,88,20.3967,33,41.0491,1,10,0.7,-3.7,7.881,0.339945,0.6841517,2,28,11,23,8,350000
"2020-02-28 11:35:40.71",31664,100137,120,11.97,88,20.3678,33,39.7786,1,11,0.7,-3.7,7.883,0.3394633,0.6629766,2,28,11,35,40,30000
"2020-02-28 11:35:41.79",31665,100138,120,11.97,88,20.3677,33,39.7756,1,11,0.7,-3.7,7.883,0.3394617,0.6629267,2,28,11,35,41,110000
"2020-02-28 11:35:42.82",31666,100139,120,11.96,88,20.3677,33,39.7743,1,11,0.7,-3.8,7.883,0.3394617,0.662905,2,28,11,35,42,140000
"2020-02-28 11:35:50.84",31667,100140,39.97,11.97,88,20.368,33,39.751,1,11,0.7,-4,2.65,0.3394667,0.6625166,2,28,11,35,50,160000
"2020-02-28 11:35:54.93",31668,100141,25.09,11.97,88,20.3676,33,39.7331,1,11,0.7,-4.1,1.677,0.33946,0.6622183,2,28,11,35,54,250000
"2020-02-28 11:35:59.96",31669,100142,22.01,11.96,88,20.3671,33,39.7123,1,11,0.7,-4.3,1.475,0.3394517,0.6618717,2,28,11,35,59,280000
"2020-02-28 11:36:03.5",31670,100143,10.22,11.97,88,20.3666,33,39.6951,1,11,0.7,-4.4,0.71,0.3394433,0.661585,2,28,11,36,2,820000
"2020-02-28 11:36:10.17",31671,100144,11.29,11.97,88,20.3658,33,39.659,1,11,0.7,-4.6,0.77,0.33943,0.6609833,2,28,11,36,9,490000
"2020-02-28 11:36:16.04",31672,100145,3.49,11.97,88,20.3651,33,39.6333,1,11,0.7,-4.9,0.26,0.3394184,0.660555,2,28,11,36,15,360000
"2020-02-28 11:36:19.83",31673,100146,25.71,11.96,88,20.3644,33,39.6091,1,11,0.7,-5,1.718,0.3394067,0.6601517,2,28,11,36,19,150000
"2020-02-28 11:36:26.06",31674,100147,18.08,11.96,88,20.3637,33,39.5819,1,11,0.7,-5.1,1.218,0.339395,0.6596984,2,28,11,36,25,380000
"2020-02-28 11:36:29.99",31675,100148,13.14,11.96,88,20.3632,33,39.566,1,11,0.7,-5.1,0.90,0.3393866,0.6594334,2,28,11,36,29,310000
"2020-02-28 11:36:34.8",31676,100149,11.96,11.96,88,20.3626,33,39.5404,1,11,0.7,-5.2,0.82,0.3393766,0.6590067,2,28,11,36,34,110000
"2020-02-28 11:36:42.08",31677,100150,13.03,11.97,88,20.3619,33,39.5149,1,11,0.7,-5.2,0.89,0.339365,0.6585817,2,28,11,36,41,400000
"2020-02-28 11:36:49.78",31678,100151,15.44,11.96,88,20.3611,33,39.4905,1,11,0.7,-5.2,1.046,0.3393516,0.658175,2,28,11,36,49,90000
"2020-02-28 11:36:53.96",31679,100152,21.78,11.96,88,20.3606,33,39.4646,1,11,0.7,-5.3,1.461,0.3393433,0.6577433,2,28,11,36,53,280000
"2020-02-28 11:36:58.45",31680,100153,15.33,11.96,88,20.3601,33,39.4448,1,11,0.7,-5.3,1.039,0.339335,0.6574134,2,28,11,36,57,770000
"2020-02-28 11:37:08.33",31681,100154,42.32,11.96,88,20.3593,33,39.4212,1,11,0.7,-5.3,2.804,0.3393217,0.65702,2,28,11,37,7.000,650000
"2020-02-28 11:37:13.34",31682,100155,32.45,11.95,88,20.3586,33,39.3958,1,11,0.7,-5.5,2.158,0.33931,0.6565967,2,28,11,37,12,660000
"2020-02-28 11:37:37.69",31683,100156,82.8,11.96,88,20.3569,33,39.3475,1,11,0.7,-5.9,5.45,0.3392816,0.6557916,2,28,11,37,37,10000
"2020-02-28 11:37:48.27",31684,100157,61.74,11.95,88,20.3561,33,39.3238,1,11,0.7,-5.8,4.074,0.3392683,0.6553966,2,28,11,37,47,590000
"2020-02-28 11:37:52.59",31685,100158,72.12,11.95,88,20.3556,33,39.3041,1,11,0.7,-5.9,4.753,0.33926,0.6550683,2,28,11,37,51,910000
"2020-02-28 11:37:58.3",31686,100159,62.19,11.95,88,20.3548,33,39.2741,1,11,0.7,-5.7,4.103,0.3392467,0.6545684,2,28,11,37,57,620000
"2020-02-28 11:38:04.9",31687,100160,89.8,11.94,88,20.3541,33,39.2443,1,11,0.7,-5.5,5.909,0.339235,0.6540717,2,28,11,38,4,220000
"2020-02-28 11:38:43.54",31688,100161,89,11.94,88,20.3523,33,39.1702,1,11,0.7,-6,5.858,0.339205,0.6528367,2,28,11,38,42,860000
"2020-02-28 11:38:50.86",31689,100162,94.3,11.95,88,20.3513,33,39.1375,1,11,0.7,-5.7,6.203,0.3391883,0.6522916,2,28,11,38,50,180000
"2020-02-28 11:38:57.15",31690,100163,98.2,11.94,88,20.3505,33,39.1106,1,11,0.7,-5.7,6.46,0.339175,0.6518433,2,28,11,38,56,470000
"2020-02-28 11:39:03.49",31691,100164,101.2,11.95,88,20.3497,33,39.0889,1,11,0.7,-5.8,6.654,0.3391617,0.6514817,2,28,11,39,2,810000
"2020-02-28 11:39:08.81",31692,100165,108.6,11.94,88,20.349,33,39.0655,1,11,0.7,-5.8,7.139,0.33915,0.6510916,2,28,11,39,8,130000
"2020-02-28 11:39:18.39",31693,100166,117.9,11.94,88,20.3481,33,39.0196,1,11,0.7,-6.7,7.744,0.339135,0.6503267,2,28,11,39,17,710000
"2020-02-28 11:39:20.4",31694,100167,117.6,11.94,88,20.348,33,39.0165,1,11,0.7,-6.5,7.730,0.3391333,0.650275,2,28,11,39,19,720000
"2020-02-28 11:39:36.73",31695,100168,120,11.94,88,20.347,33,38.9899,1,11,0.7,-6.3,7.884,0.3391167,0.6498316,2,28,11,39,36,50000
"2020-02-28 11:39:46.5",31696,100169,120,11.94,88,20.3465,33,38.9639,1,11,0.7,-6.3,7.884,0.3391084,0.6493984,2,28,11,39,45,820000
"2020-02-28 11:39:52.76",31697,100170,119.9,11.93,88,20.3457,33,38.9419,1,11,0.7,-6.2,7.880,0.339095,0.6490316,2,28,11,39,52,80000
"2020-02-28 11:40:11.5",31698,100171,120,11.93,88,20.3448,33,38.9011,1,11,0.7,-6.4,7.884,0.33908,0.6483517,2,28,11,40,10,820000
"2020-02-28 11:40:20.12",31699,100172,120,11.93,88,20.3437,33,38.8676,1,11,0.7,-6.6,7.884,0.3390617,0.6477934,2,28,11,40,19,440000
"2020-02-28 11:40:36.3",31700,100173,102.8,11.93,88,20.3428,33,38.8214,1,12,0.7,-6.9,6.761,0.3390466,0.6470233,2,28,11,40,35,620000
"2020-02-28 11:40:43.4",31701,100174,6.521,11.94,88,20.3424,33,38.8149,1,12,0.7,-6.2,0.46,0.33904,0.646915,2,28,11,40,42,720000
"2020-02-28 11:40:50.59",31702,100175,21.34,11.94,88,20.3415,33,38.7812,1,12,0.7,-5.8,1.431,0.339025,0.6463534,2,28,11,40,49,910000
"2020-02-28 11:40:59.73",31703,100176,119.1,11.93,88,20.3408,33,38.7425,1,12,0.7,-6.6,7.825,0.3390133,0.6457083,2,28,11,40,59,50000
"2020-02-28 11:41:12.17",31704,100177,119.9,11.92,88,20.3398,33,38.6935,1,12,0.7,-6.8,7.880,0.3389967,0.6448917,2,28,11,41,11,490000
"2020-02-28 11:41:20.79",31705,100178,120,11.93,88,20.3391,33,38.6566,1,12,0.7,-7.8,7.884,0.338985,0.6442767,2,28,11,41,20,100000
"2020-02-28 11:41:31.75",31706,100179,118.9,11.91,88,20.3383,33,38.6298,1,12,0.7,-8.1,7.810,0.3389717,0.64383,2,28,11,41,31,70000
"2020-02-28 11:41:40.43",31707,100180,119.9,11.92,88,20.3377,33,38.5991,1,12,0.7,-8.2,7.880,0.3389617,0.6433183,2,28,11,41,39,750000
"2020-02-28 11:41:52.32",31708,100181,120,11.92,88,20.3369,33,38.567,1,12,0.7,-7.7,7.884,0.3389483,0.6427834,2,28,11,41,51,640000
"2020-02-28 11:42:04.75",31709,100182,119.9,11.91,88,20.3359,33,38.5308,1,12,0.7,-7.8,7.876,0.3389316,0.64218,2,28,11,42,4,60000
"2020-02-28 11:42:11.8",31710,100183,120,11.91,88,20.3353,33,38.5044,1,12,0.7,-7.7,7.884,0.3389217,0.64174,2,28,11,42,11,120000
"2020-02-28 11:42:23.06",31711,100184,120,11.91,88,20.3345,33,38.4754,1,12,0.7,-8.5,7.884,0.3389083,0.6412566,2,28,11,42,22,380000
"2020-02-28 11:42:31.65",31712,100185,119.9,11.9,88,20.3334,33,38.4502,1,12,0.7,-9.8,7.880,0.33889,0.6408366,2,28,11,42,30,970000
"2020-02-28 11:42:41.72",31713,100186,120,11.91,88,20.3328,33,38.4269,1,12,0.7,-8.9,7.884,0.33888,0.6404483,2,28,11,42,41,40000
"2020-02-28 11:42:47.42",31714,100187,119.9,11.91,88,20.3322,33,38.4037,1,12,0.7,-9.1,7.880,0.33887,0.6400617,2,28,11,42,46,740000
"2020-02-28 11:42:53.07",31715,100188,108.7,11.91,88,20.3315,33,38.3581,1,12,0.7,-10.2,7.142,0.3388583,0.6393016,2,28,11,42,52,390000
"2020-02-28 11:42:59.42",31716,100189,90.7,11.91,88,20.3311,33,38.3429,1,12,0.7,-11.2,5.968,0.3388517,0.6390483,2,28,11,42,58,740000
"2020-02-28 11:43:06.17",31717,100190,95,11.91,88,20.3303,33,38.3199,1,12,0.7,-11,6.247,0.3388383,0.638665,2,28,11,43,5,490000
"2020-02-28 11:43:11.71",31718,100191,83.3,11.9,88,20.3295,33,38.3023,1,12,0.7,-10.9,5.487,0.338825,0.6383716,2,28,11,43,11,30000
"2020-02-28 11:43:21.46",31719,100192,67.13,11.9,88,20.3289,33,38.2764,1,12,0.7,-10.1,4.426,0.338815,0.63794,2,28,11,43,20,780000
"2020-02-28 11:43:25.84",31720,100193,61.18,11.91,88,20.3283,33,38.2613,1,12,0.7,-9.9,4.037,0.338805,0.6376883,2,28,11,43,25,160000
"2020-02-28 11:43:31.28",31721,100194,52.65,11.9,88,20.3277,33,38.234,1,12,0.7,-10,3.48,0.338795,0.6372334,2,28,11,43,30,600000
"2020-02-28 11:43:35.83",31722,100195,46.03,11.9,88,20.3271,33,38.2119,1,12,0.7,-10,3.046,0.338785,0.636865,2,28,11,43,35,150000
"2020-02-28 11:43:40.37",31723,100196,44.57,11.9,88,20.3266,33,38.1914,1,12,0.7,-9.9,2.951,0.3387766,0.6365233,2,28,11,43,39,690000
"2020-02-28 11:43:44.5",31724,100197,39.74,11.9,88,20.3261,33,38.1712,1,12,0.7,-9.8,2.635,0.3387683,0.6361866,2,28,11,43,43,820000
"2020-02-28 11:43:49.75",31725,100198,30.04,11.9,88,20.3256,33,38.148,1,12,0.7,-9.7,2,0.33876,0.6358,2,28,11,43,49,70000
"2020-02-28 11:43:54.36",31726,100199,27.01,11.91,88,20.325,33,38.1274,1,12,0.7,-10,1.802,0.33875,0.6354567,2,28,11,43,53,680000
"2020-02-28 11:43:58.13",31727,100200,25.1,11.91,88,20.3244,33,38.1091,1,12,0.7,-10,1.677,0.33874,0.6351517,2,28,11,43,57,450000
"2020-02-28 11:44:01.96",31728,100201,13.71,11.91,88,20.3239,33,38.0903,1,12,0.7,-10.3,0.93,0.3387317,0.6348384,2,28,11,44,1,280000
"2020-02-28 11:44:05.28",31729,100202,14.49,11.9,88,20.3234,33,38.0791,1,12,0.7,-10.3,0.98,0.3387233,0.6346517,2,28,11,44,4,600000
"2020-02-28 11:44:09.83",31730,100203,15.05,11.9,88,20.3227,33,38.0606,1,12,0.7,-10.4,1.02,0.3387117,0.6343433,2,28,11,44,9,150000
"2020-02-28 11:44:13.38",31731,100204,16.85,11.9,88,20.3223,33,38.0451,1,12,0.7,-10.3,1.138,0.338705,0.634085,2,28,11,44,12,700000
"2020-02-28 11:44:16.44",31732,100205,17.18,11.9,88,20.3216,33,38.026,1,12,0.7,-10.2,1.16,0.3386933,0.6337667,2,28,11,44,15,760000
"2020-02-28 11:44:20.06",31733,100206,14.6,11.9,88,20.3212,33,38.002,1,12,0.7,-10.1,0.99,0.3386866,0.6333666,2,28,11,44,19,380000
"2020-02-28 11:44:23.2",31734,100207,16.06,11.91,88,20.3207,33,37.9841,1,12,0.7,-10,1.086,0.3386783,0.6330683,2,28,11,44,22,520000
"2020-02-28 11:44:26.89",31735,100208,19.88,11.9,88,20.3199,33,37.9739,1,12,0.7,-9.9,1.336,0.338665,0.6328983,2,28,11,44,26,210000
"2020-02-28 11:45:47.52",31736,100209,38.06,11.89,88,20.3404,33,38.7417,1,12,0.7,-9.3,2.525,0.3390067,0.645695,2,28,11,45,46,840000
"2020-02-28 11:45:52.96",31737,100210,119.9,11.89,88,20.3399,33,38.73,1,12,0.7,-10.1,7.877,0.3389983,0.6455,2,28,11,45,52,280000
"2020-02-28 11:45:54.08",31738,100211,119.9,11.89,88,20.3399,33,38.7269,1,12,0.7,-10,7.877,0.3389983,0.6454483,2,28,11,45,53,400000
"2020-02-28 11:45:55.61",31739,100212,119.9,11.89,88,20.3398,33,38.7252,1,12,0.7,-10,7.877,0.3389967,0.64542,2,28,11,45,54,930000
