"TOA5","35279","CR800","35279","CR800.Std.27.04","CPU:AWI_V2.1_Anja.CR8","15615","OperatorView"
"TIMESTAMP","RECORD","Counter","DepthCm","BattVolts","latitude_a","latitude_b","Longitude_a","Longitude_b","fix_quality","nmbr_satellites","HDOP","altitudeB","DepthVolts","LatitudeDDDDD","LongitudeDDDDD","month","dayofmonth","hourofday","minutes","seconds","microseconds"
"TS","RN","","","","degrees","minutes","degrees","minutes","unitless","","","","","","","","","","","",""
"","","Smp","Smp","Smp","Smp","Smp","Smp","Smp","Smp","Smp","Smp","Smp","Smp","Smp","Smp","Smp","Smp","Smp","Smp","Smp","Smp"
"2020-01-23 16:51:15.23",17362,100401,10.57,12.41,87,23.9122,94,34.1402,1,11,0.7,13.4,0.73,0.3985367,0.5690034,1,23,16,51,14,550000
"2020-01-23 16:51:17.54",17363,100402,9.84,12.41,87,23.9126,94,34.1222,1,11,0.7,13.2,0.68,0.3985433,0.5687034,1,23,16,51,16,860000
"2020-01-23 16:51:19.64",17364,100403,6.748,12.41,87,23.9131,94,34.1015,1,11,0.7,13.5,0.48,0.3985516,0.5683584,1,23,16,51,18,960000
"2020-01-23 16:51:21.58",17365,100404,7.702,12.41,87,23.9136,94,34.0788,1,11,0.7,13.3,0.54,0.39856,0.56798,1,23,16,51,20,900000
"2020-01-23 16:51:23.42",17366,100405,6.972,12.4,87,23.9139,94,34.0675,1,11,0.7,13.1,0.49,0.398565,0.5677917,1,23,16,51,22,740000
"2020-01-23 16:51:25.19",17367,100406,5.85,12.41,87,23.9145,94,34.0405,1,11,0.7,13,0.42,0.398575,0.5673417,1,23,16,51,24,510000
"2020-01-23 16:51:27.04",17368,100407,6.916,12.4,87,23.9151,94,34.0134,1,11,0.7,12.7,0.49,0.398585,0.56689,1,23,16,51,26,360000
"2020-01-23 16:51:28.67",17369,100408,5.513,12.41,87,23.9157,94,33.9858,1,11,0.7,12.6,0.40,0.398595,0.56643,1,23,16,51,27,990000
"2020-01-23 16:51:30.41",17370,100409,6.13,12.4,87,23.9161,94,33.9716,1,11,0.7,12.6,0.44,0.3986016,0.5661934,1,23,16,51,29,730000
"2020-01-23 16:51:32.17",17371,100410,6.186,12.41,87,23.9167,94,33.9454,1,11,0.7,12.4,0.44,0.3986117,0.5657567,1,23,16,51,31,490000
"2020-01-23 16:51:34.51",17372,100411,6.972,12.41,87,23.9176,94,33.9033,1,11,0.7,12.2,0.49,0.3986267,0.565055,1,23,16,51,33,830000
"2020-01-23 16:51:36.33",17373,100412,6.13,12.4,87,23.9178,94,33.8902,1,11,0.7,12,0.44,0.39863,0.5648367,1,23,16,51,35,650000
"2020-01-23 16:51:38.28",17374,100413,5.513,12.4,87,23.9183,94,33.8625,1,11,0.7,11.9,0.40,0.3986383,0.564375,1,23,16,51,37,600000
"2020-01-23 16:51:40.26",17375,100414,7.141,12.4,87,23.9188,94,33.8362,1,11,0.7,11.7,0.50,0.3986467,0.5639366,1,23,16,51,39,580000
"2020-01-23 16:51:42.16",17376,100415,19.43,12.4,87,23.9193,94,33.8096,1,11,0.7,11.6,1.307,0.398655,0.5634934,1,23,16,51,41,480000
"2020-01-23 16:51:44.47",17377,100416,7.085,12.41,87,23.9198,94,33.7842,1,11,0.7,11.4,0.50,0.3986634,0.56307,1,23,16,51,43,790000
"2020-01-23 16:51:47.25",17378,100417,5.962,12.4,87,23.9202,94,33.7566,1,11,0.7,11,0.43,0.39867,0.56261,1,23,16,51,46,570000
"2020-01-23 16:51:49.25",17379,100418,5.625,12.4,87,23.9205,94,33.7339,1,11,0.7,10.8,0.40,0.398675,0.5622316,1,23,16,51,48,570000
"2020-01-23 16:51:51.66",17380,100419,6.523,12.41,87,23.9213,94,33.6977,1,11,0.7,10.4,0.46,0.3986884,0.5616284,1,23,16,51,50,980000
"2020-01-23 16:51:53.98",17381,100420,5.962,12.4,87,23.9217,94,33.6769,1,11,0.7,10.3,0.43,0.398695,0.5612816,1,23,16,51,53,300000
"2020-01-23 16:51:56.34",17382,100421,6.636,12.4,87,23.9217,94,33.656,1,11,0.7,10.2,0.47,0.398695,0.5609333,1,23,16,51,55,660000
"2020-01-23 16:51:58.58",17383,100422,6.411,12.4,87,23.9222,94,33.6217,1,11,0.7,9.9,0.46,0.3987033,0.5603617,1,23,16,51,57,900000
"2020-01-23 16:52:01.01",17384,100423,8.66,12.41,87,23.9226,94,33.601,1,11,0.7,9.9,0.60,0.39871,0.5600167,1,23,16,52,0,330000
"2020-01-23 16:52:03.42",17385,100424,8.54,12.4,87,23.9231,94,33.5775,1,11,0.7,9.8,0.60,0.3987183,0.559625,1,23,16,52,2,740000
"2020-01-23 16:52:07.35",17386,100425,6.186,12.4,87,23.9241,94,33.5325,1,11,0.7,9.6,0.44,0.398735,0.558875,1,23,16,52,6,670000
"2020-01-23 16:52:11.59",17387,100426,11.58,12.41,87,23.9249,94,33.4806,1,11,0.7,8.8,0.79,0.3987483,0.55801,1,23,16,52,10,910000
"2020-01-23 16:52:13.99",17388,100427,8.66,12.4,87,23.9253,94,33.4615,1,11,0.7,8.8,0.60,0.398755,0.5576916,1,23,16,52,13,310000
"2020-01-23 16:52:16.22",17389,100428,9.22,12.4,87,23.9258,94,33.4431,1,11,0.7,8.6,0.64,0.3987633,0.557385,1,23,16,52,15,540000
"2020-01-23 16:52:18.63",17390,100429,9.11,12.4,87,23.9264,94,33.4146,1,11,0.7,8.6,0.63,0.3987733,0.55691,1,23,16,52,17,950000
"2020-01-23 16:52:21.15",17391,100430,8.77,12.4,87,23.9268,94,33.3979,1,11,0.7,8.5,0.61,0.39878,0.5566317,1,23,16,52,20,470000
"2020-01-23 16:52:24.08",17392,100431,7.197,12.4,87,23.9274,94,33.3667,1,11,0.7,8.4,0.51,0.39879,0.5561116,1,23,16,52,23,400000
"2020-01-23 16:52:26.32",17393,100432,6.523,12.4,87,23.9279,94,33.3484,1,11,0.7,8.3,0.46,0.3987984,0.5558067,1,23,16,52,25,640000
"2020-01-23 16:52:28.68",17394,100433,6.579,12.4,87,23.9287,94,33.3175,1,10,0.7,8.2,0.47,0.3988117,0.5552917,1,23,16,52,28,0
"2020-01-23 16:52:30.99",17395,100434,5.737,12.4,87,23.9291,94,33.2989,1,10,0.7,8.2,0.41,0.3988184,0.5549816,1,23,16,52,30,310000
"2020-01-23 16:52:34.47",17396,100435,6.748,12.4,87,23.9298,94,33.2667,1,10,0.7,8.2,0.48,0.39883,0.554445,1,23,16,52,33,790000
"2020-01-23 16:52:37.69",17397,100436,8.54,12.4,87,23.9301,94,33.2368,1,10,0.7,8,0.60,0.398835,0.5539467,1,23,16,52,37,10000
"2020-01-23 16:52:40.52",17398,100437,7.422,12.4,87,23.9304,94,33.2059,1,10,0.7,8.1,0.52,0.39884,0.5534316,1,23,16,52,39,840000
"2020-01-23 16:52:43.61",17399,100438,10.34,12.4,87,23.9313,94,33.171,1,10,0.7,8.2,0.71,0.398855,0.55285,1,23,16,52,42,930000
"2020-01-23 16:52:46.79",17400,100439,10.28,12.4,87,23.932,94,33.1378,1,10,0.7,8.3,0.71,0.3988666,0.5522966,1,23,16,52,46,110000
"2020-01-23 16:52:51.94",17401,100440,6.636,12.4,87,23.9325,94,33.0921,1,10,0.7,8.3,0.47,0.398875,0.551535,1,23,16,52,51,260000
"2020-01-23 16:53:00.31",17402,100441,7.028,12.4,87,23.9331,94,33.051,1,10,0.7,8.3,0.50,0.398885,0.55085,1,23,16,52,59,630000
"2020-01-23 16:53:02.78",17403,100442,8.77,12.4,87,23.9337,94,33.0221,1,10,0.7,8.4,0.61,0.398895,0.5503683,1,23,16,53,2,100000
"2020-01-23 16:53:05.3",17404,100443,13.37,12.4,87,23.9343,94,33.0011,1,10,0.7,8.5,0.91,0.398905,0.5500183,1,23,16,53,4,620000
"2020-01-23 16:53:08.09",17405,100444,20.78,12.4,87,23.9349,94,32.9693,1,10,0.7,8.4,1.395,0.398915,0.5494883,1,23,16,53,7.000,410000
"2020-01-23 16:53:12.56",17406,100445,29.43,12.4,87,23.9357,94,32.9279,1,10,0.7,8.1,1.961,0.3989283,0.5487983,1,23,16,53,11,880000
"2020-01-23 16:53:16.42",17407,100446,18.48,12.4,87,23.936,94,32.9139,1,10,0.7,8.1,1.245,0.3989334,0.548565,1,23,16,53,15,740000
"2020-01-23 16:53:19.95",17408,100447,11.35,12.4,87,23.9362,94,32.8818,1,10,0.7,7.7,0.78,0.3989366,0.54803,1,23,16,53,19,270000
"2020-01-23 16:53:22.67",17409,100448,9.44,12.39,87,23.9369,94,32.8541,1,10,0.7,6.8,0.65,0.3989483,0.5475683,1,23,16,53,21,990000
"2020-01-23 16:53:25.54",17410,100449,12.92,12.4,87,23.9377,94,32.8227,1,10,0.7,7.1,0.88,0.3989617,0.547045,1,23,16,53,24,860000
"2020-01-23 16:53:28.15",17411,100450,7.758,12.4,87,23.9381,94,32.8017,1,10,0.7,7.2,0.54,0.3989683,0.546695,1,23,16,53,27,470000
"2020-01-23 16:53:30.58",17412,100451,10,12.39,87,23.9386,94,32.7694,1,10,0.7,7.2,0.69,0.3989767,0.5461567,1,23,16,53,29,900000
"2020-01-23 16:53:33.56",17413,100452,8.21,12.4,87,23.9393,94,32.7354,1,10,0.7,7.3,0.57,0.3989883,0.54559,1,23,16,53,32,880000
"2020-01-23 16:53:36.42",17414,100453,8.77,12.4,87,23.9396,94,32.7139,1,10,0.7,7.4,0.61,0.3989934,0.5452317,1,23,16,53,35,740000
"2020-01-23 16:53:39.12",17415,100454,7.197,12.4,87,23.9402,94,32.681,1,10,0.7,7.5,0.51,0.3990034,0.5446833,1,23,16,53,38,440000
"2020-01-23 16:53:42.02",17416,100455,8.04,12.4,87,23.9407,94,32.6505,1,10,0.7,7.5,0.56,0.3990117,0.544175,1,23,16,53,41,340000
"2020-01-23 16:53:44.57",17417,100456,5.625,12.39,87,23.9413,94,32.6212,1,10,0.7,7.4,0.40,0.3990216,0.5436867,1,23,16,53,43,890000
"2020-01-23 16:53:47.34",17418,100457,6.186,12.4,87,23.9408,94,32.605,1,10,0.7,7.4,0.44,0.3990134,0.5434167,1,23,16,53,46,660000
"2020-01-23 16:53:50.06",17419,100458,6.636,12.39,87,23.9415,94,32.5722,1,10,0.7,7.5,0.47,0.399025,0.54287,1,23,16,53,49,380000
"2020-01-23 16:53:52.76",17420,100459,6.636,12.4,87,23.9423,94,32.5411,1,10,0.7,7.5,0.47,0.3990384,0.5423517,1,23,16,53,52,80000
"2020-01-23 16:53:55.12",17421,100460,5.457,12.39,87,23.9428,94,32.5216,1,10,0.7,7.6,0.39,0.3990467,0.5420266,1,23,16,53,54,440000
"2020-01-23 16:53:57.68",17422,100461,5.794,12.39,87,23.9434,94,32.489,1,10,0.7,7.6,0.42,0.3990566,0.5414833,1,23,16,53,57,0
"2020-01-23 16:54:00.24",17423,100462,5.85,12.4,87,23.9438,94,32.4685,1,10,0.7,7.6,0.42,0.3990633,0.5411416,1,23,16,53,59,560000
"2020-01-23 16:54:02.83",17424,100463,5.625,12.39,87,23.9441,94,32.4365,1,10,0.7,7.6,0.40,0.3990683,0.5406084,1,23,16,54,2,150000
"2020-01-23 16:54:05.47",17425,100464,7.983,12.4,87,23.9441,94,32.4171,1,10,0.7,7.6,0.56,0.3990683,0.540285,1,23,16,54,4,790000
"2020-01-23 16:54:08.1",17426,100465,13.37,12.4,87,23.9447,94,32.3874,1,10,0.7,7.7,0.91,0.3990783,0.53979,1,23,16,54,7.000,420000
"2020-01-23 16:54:10.82",17427,100466,8.99,12.39,87,23.9452,94,32.3586,1,10,0.7,7.8,0.62,0.3990866,0.53931,1,23,16,54,10,140000
"2020-01-23 16:54:14.62",17428,100467,8.66,12.39,87,23.9457,94,32.3223,1,10,0.7,7.8,0.60,0.399095,0.538705,1,23,16,54,13,940000
"2020-01-23 16:54:17.47",17429,100468,5.625,12.39,87,23.9459,94,32.3014,1,10,0.7,7.8,0.40,0.3990983,0.5383567,1,23,16,54,16,790000
"2020-01-23 16:54:20.42",17430,100469,5.457,12.39,87,23.9453,94,32.2723,1,10,0.7,7.7,0.39,0.3990883,0.5378716,1,23,16,54,19,740000
"2020-01-23 16:54:23.19",17431,100470,5.401,12.39,87,23.9456,94,32.2371,1,10,0.7,7.8,0.39,0.3990933,0.537285,1,23,16,54,22,510000
"2020-01-23 16:54:25.66",17432,100471,5.681,12.4,87,23.9459,94,32.2017,1,10,0.7,7.9,0.41,0.3990983,0.536695,1,23,16,54,24,980000
"2020-01-23 16:54:28.43",17433,100472,5.85,12.39,87,23.9461,94,32.1794,1,10,0.7,7.9,0.42,0.3991017,0.5363234,1,23,16,54,27,750000
"2020-01-23 16:54:31.29",17434,100473,5.064,12.39,87,23.9464,94,32.144,1,10,0.7,7.9,0.37,0.3991066,0.5357334,1,23,16,54,30,610000
"2020-01-23 16:54:34.1",17435,100474,5.401,12.39,87,23.9466,94,32.1087,1,10,0.7,7.9,0.39,0.39911,0.535145,1,23,16,54,33,420000
"2020-01-23 16:54:36.42",17436,100475,7.871,12.39,87,23.9468,94,32.0874,1,10,0.7,8,0.55,0.3991133,0.53479,1,23,16,54,35,740000
"2020-01-23 16:54:39",17437,100476,8.77,12.39,87,23.9468,94,32.0526,1,10,0.7,8.1,0.61,0.3991133,0.53421,1,23,16,54,38,320000
"2020-01-23 16:54:41.41",17438,100477,8.21,12.39,87,23.9467,94,32.0314,1,10,0.7,8.3,0.57,0.3991116,0.5338566,1,23,16,54,40,730000
"2020-01-23 16:54:44.54",17439,100478,6.018,12.39,87,23.9465,94,31.9954,1,10,0.7,8.3,0.43,0.3991084,0.5332566,1,23,16,54,43,860000
"2020-01-23 16:54:47.03",17440,100479,6.074,12.39,87,23.9465,94,31.9764,1,10,0.7,8.3,0.43,0.3991084,0.53294,1,23,16,54,46,350000
"2020-01-23 16:54:49.59",17441,100480,5.737,12.39,87,23.9462,94,31.9406,1,10,0.7,8.2,0.41,0.3991033,0.5323433,1,23,16,54,48,910000
"2020-01-23 16:54:52.29",17442,100481,5.737,12.39,87,23.9461,94,31.9196,1,10,0.7,8.2,0.41,0.3991017,0.5319933,1,23,16,54,51,610000
"2020-01-23 16:54:55.27",17443,100482,8.66,12.39,87,23.9459,94,31.8831,1,10,0.7,8.2,0.60,0.3990983,0.531385,1,23,16,54,54,590000
"2020-01-23 16:55:02.42",17444,100483,6.411,12.39,87,23.9451,94,31.8016,1,11,0.7,7.8,0.46,0.399085,0.5300267,1,23,16,55,1,740000
"2020-01-23 16:55:04.5",17445,100484,5.962,12.39,87,23.9448,94,31.7804,1,11,0.7,7.8,0.43,0.39908,0.5296733,1,23,16,55,3,820000
"2020-01-23 16:55:07.18",17446,100485,8.10,12.39,87,23.9445,94,31.7446,1,11,0.7,7.7,0.57,0.399075,0.5290767,1,23,16,55,6,500000
"2020-01-23 16:55:09.77",17447,100486,8.66,12.39,87,23.944,94,31.7095,1,10,0.7,7.7,0.60,0.3990666,0.5284917,1,23,16,55,9,90000
"2020-01-23 16:55:12.27",17448,100487,6.13,12.39,87,23.9435,94,31.686,1,10,0.7,7.7,0.44,0.3990584,0.5281,1,23,16,55,11,590000
"2020-01-23 16:55:14.84",17449,100488,6.299,12.39,87,23.9437,94,31.6503,1,10,0.7,7.7,0.45,0.3990617,0.527505,1,23,16,55,14,160000
"2020-01-23 16:55:17.62",17450,100489,18.87,12.39,87,23.944,94,31.6133,1,10,0.7,7.9,1.27,0.3990666,0.5268883,1,23,16,55,16,940000
"2020-01-23 16:55:20.61",17451,100490,32.96,12.39,87,23.9441,94,31.5804,1,10,0.7,7.9,2.192,0.3990683,0.52634,1,23,16,55,19,930000
"2020-01-23 16:55:24.69",17452,100491,41.5,12.39,87,23.9439,94,31.5446,1,10,0.7,8.2,2.75,0.399065,0.5257433,1,23,16,55,24,10000
"2020-01-23 16:55:29.68",17453,100492,42.79,12.39,87,23.9437,94,31.5088,1,10,0.7,8.2,2.834,0.3990617,0.5251467,1,23,16,55,29,0
"2020-01-23 16:55:36.1",17454,100493,52.67,12.38,87,23.9435,94,31.4671,1,10,0.7,8.2,3.481,0.3990584,0.5244517,1,23,16,55,35,420000
"2020-01-23 16:55:40.43",17455,100494,50.2,12.38,87,23.9433,94,31.4414,1,10,0.7,8,3.319,0.399055,0.5240234,1,23,16,55,39,750000
"2020-01-23 16:55:44.45",17456,100495,44.3,12.39,87,23.9431,94,31.4098,1,10,0.7,7.7,2.934,0.3990517,0.5234967,1,23,16,55,43,770000
"2020-01-23 16:55:48.7",17457,100496,44.25,12.39,87,23.943,94,31.3606,1,10,0.7,7.4,2.93,0.39905,0.5226766,1,23,16,55,48,20000
"2020-01-23 16:55:53.07",17458,100497,35.38,12.39,87,23.943,94,31.3288,1,10,0.7,7.3,2.35,0.39905,0.5221466,1,23,16,55,52,390000
"2020-01-23 16:55:56.58",17459,100498,47.39,12.39,87,23.943,94,31.3031,1,10,0.7,7.2,3.135,0.39905,0.5217183,1,23,16,55,55,900000
"2020-01-23 16:56:01.35",17460,100499,38.07,12.38,87,23.9425,94,31.2776,1,10,0.7,7.1,2.526,0.3990416,0.5212934,1,23,16,56,0,670000
"2020-01-23 16:56:04.92",17461,100500,20.56,12.38,87,23.9419,94,31.2467,1,10,0.7,7,1.38,0.3990317,0.5207784,1,23,16,56,4,240000
"2020-01-23 16:56:08.96",17462,100501,10.12,12.39,87,23.942,94,31.2095,1,10,0.7,6.9,0.70,0.3990333,0.5201584,1,23,16,56,8,280000
"2020-01-23 16:56:12.62",17463,100502,8.43,12.39,87,23.942,94,31.1738,1,10,0.7,6.8,0.59,0.3990333,0.5195633,1,23,16,56,11,940000
"2020-01-23 16:56:15.95",17464,100503,4.166,12.38,87,23.942,94,31.1475,1,10,0.7,6.8,0.31,0.3990333,0.519125,1,23,16,56,15,270000
"2020-01-23 16:56:18.65",17465,100504,4.278,12.38,87,23.9422,94,31.1147,1,10,0.7,6.9,0.32,0.3990367,0.5185784,1,23,16,56,17,970000
"2020-01-23 16:56:21.39",17466,100505,4.166,12.39,87,23.9423,94,31.0954,1,10,0.7,6.8,0.31,0.3990384,0.5182567,1,23,16,56,20,710000
"2020-01-23 16:56:24.18",17467,100506,4.278,12.39,87,23.9426,94,31.0654,1,10,0.7,6.8,0.32,0.3990434,0.5177566,1,23,16,56,23,500000
"2020-01-23 16:56:27.1",17468,100507,4.278,12.39,87,23.943,94,31.0354,1,10,0.7,6.8,0.32,0.39905,0.5172567,1,23,16,56,26,420000
"2020-01-23 16:56:29.91",17469,100508,4.053,12.38,87,23.9434,94,31.0024,1,11,0.7,6.7,0.30,0.3990566,0.5167066,1,23,16,56,29,230000
"2020-01-23 16:56:33.13",17470,100509,3.773,12.38,87,23.9439,94,30.9731,1,10,0.7,6.7,0.28,0.399065,0.5162184,1,23,16,56,32,450000
"2020-01-23 16:56:36.05",17471,100510,4.39,12.37,87,23.9445,94,30.9437,1,10,0.7,6.8,0.32,0.399075,0.5157284,1,23,16,56,35,370000
"2020-01-23 16:56:39.03",17472,100511,7.197,12.39,87,23.9448,94,30.9158,1,10,0.7,6.7,0.51,0.39908,0.5152633,1,23,16,56,38,350000
"2020-01-23 16:56:42.53",17473,100512,5.176,12.37,87,23.9453,94,30.8755,1,10,0.7,6.8,0.37,0.3990883,0.5145916,1,23,16,56,41,850000
"2020-01-23 16:56:45.84",17474,100513,5.85,12.37,87,23.9456,94,30.8496,1,10,0.7,6.8,0.42,0.3990933,0.51416,1,23,16,56,45,160000
"2020-01-23 16:56:49.36",17475,100514,14.27,12.37,87,23.9457,94,30.8428,1,11,0.7,7,0.97,0.399095,0.5140467,1,23,16,56,48,680000
"2020-01-23 16:56:53.3",17476,100515,16.18,12.38,87,23.9464,94,30.8147,1,11,0.7,7,1.094,0.3991066,0.5135783,1,23,16,56,52,620000
"2020-01-23 16:56:56.22",17477,100516,6.972,12.39,87,23.9467,94,30.794,1,11,0.7,6.9,0.49,0.3991116,0.5132334,1,23,16,56,55,540000
"2020-01-23 16:56:59.58",17478,100517,5.513,12.38,87,23.9473,94,30.76,1,11,0.7,6.8,0.40,0.3991217,0.5126666,1,23,16,56,58,900000
"2020-01-23 16:57:02.48",17479,100518,5.176,12.37,87,23.9476,94,30.7424,1,11,0.7,6.7,0.37,0.3991266,0.5123733,1,23,16,57,1,800000
"2020-01-23 16:57:05.16",17480,100519,5.85,12.38,87,23.9482,94,30.7144,1,11,0.7,6.5,0.42,0.3991367,0.5119067,1,23,16,57,4,480000
"2020-01-23 16:57:07.85",17481,100520,5.513,12.39,87,23.9486,94,30.689,1,11,0.7,6.4,0.40,0.3991433,0.5114833,1,23,16,57,7.000,170000
"2020-01-23 16:57:10.77",17482,100521,4.952,12.38,87,23.9489,94,30.658,1,11,0.7,6.3,0.36,0.3991484,0.5109666,1,23,16,57,10,90000
"2020-01-23 16:57:13.48",17483,100522,5.513,12.38,87,23.9489,94,30.6381,1,11,0.7,6.3,0.40,0.3991484,0.510635,1,23,16,57,12,800000
"2020-01-23 16:57:16.56",17484,100523,10.57,12.39,87,23.9491,94,30.6103,1,11,0.7,6.2,0.73,0.3991517,0.5101716,1,23,16,57,15,870000
"2020-01-23 16:57:19.33",17485,100524,5.457,12.38,87,23.9498,94,30.5797,1,11,0.7,6.1,0.39,0.3991633,0.5096617,1,23,16,57,18,650000
"2020-01-23 16:57:22.11",17486,100525,10.34,12.37,87,23.9502,94,30.5415,1,11,0.7,6,0.71,0.39917,0.509025,1,23,16,57,21,430000
"2020-01-23 16:57:25.27",17487,100526,20.73,12.37,87,23.9506,94,30.5065,1,11,0.7,5.7,1.392,0.3991766,0.5084417,1,23,16,57,24,590000
"2020-01-23 16:57:28.17",17488,100527,24.04,12.38,87,23.951,94,30.4699,1,11,0.7,5.5,1.608,0.3991833,0.5078317,1,23,16,57,27,490000
"2020-01-23 16:57:31.78",17489,100528,29.76,12.38,87,23.9514,94,30.4274,1,11,0.7,5.3,1.983,0.39919,0.5071234,1,23,16,57,31,100000
"2020-01-23 16:57:35.95",17490,100529,20.78,12.37,87,23.9518,94,30.3907,1,11,0.7,5,1.395,0.3991966,0.5065116,1,23,16,57,35,270000
"2020-01-23 16:57:39.71",17491,100530,20.78,12.37,87,23.9521,94,30.3486,1,11,0.7,4.7,1.395,0.3992017,0.50581,1,23,16,57,39,30000
"2020-01-23 16:57:45.13",17492,100531,26.06,12.37,87,23.9529,94,30.3088,1,11,0.7,4.3,1.74,0.399215,0.5051467,1,23,16,57,44,450000
"2020-01-23 16:57:48.77",17493,100532,21.01,12.38,87,23.9536,94,30.2716,1,11,0.7,4.2,1.41,0.3992267,0.5045267,1,23,16,57,48,90000
"2020-01-23 16:57:52.54",17494,100533,11.24,12.37,87,23.9541,94,30.2392,1,11,0.7,3.9,0.77,0.399235,0.5039866,1,23,16,57,51,860000
"2020-01-23 16:57:55.55",17495,100534,7.197,12.37,87,23.9548,94,30.2285,1,11,0.7,4.6,0.51,0.3992467,0.5038083,1,23,16,57,54,860000
"2020-01-23 16:57:58.28",17496,100535,6.972,12.37,87,23.9553,94,30.2093,1,11,0.7,4.5,0.49,0.399255,0.5034883,1,23,16,57,57,600000
"2020-01-23 16:58:01.08",17497,100536,15.51,12.38,87,23.956,94,30.1814,1,11,0.7,4.5,1.05,0.3992667,0.5030233,1,23,16,58,0,400000
"2020-01-23 16:58:03.66",17498,100537,6.804,12.37,87,23.9569,94,30.1499,1,11,0.7,4.4,0.48,0.3992816,0.5024983,1,23,16,58,2,980000
"2020-01-23 16:58:06.5",17499,100538,12.75,12.37,87,23.9575,94,30.1288,1,11,0.7,4.4,0.87,0.3992917,0.5021467,1,23,16,58,5,820000
"2020-01-23 16:58:09.06",17500,100539,6.074,12.37,87,23.9581,94,30.1029,1,11,0.7,5,0.43,0.3993016,0.501715,1,23,16,58,8,380000
"2020-01-23 16:58:11.31",17501,100540,11.01,12.37,87,23.9587,94,30.0777,1,11,0.7,4.9,0.76,0.3993117,0.501295,1,23,16,58,10,630000
"2020-01-23 16:58:13.68",17502,100541,4.053,12.37,87,23.9595,94,30.0402,1,11,0.7,4.8,0.30,0.399325,0.50067,1,23,16,58,13,0
"2020-01-23 16:58:16.15",17503,100542,9.44,12.37,87,23.96,94,30.0146,1,11,0.7,4.8,0.65,0.3993333,0.5002434,1,23,16,58,15,470000
"2020-01-23 16:58:18.1",17504,100543,7.534,12.37,87,23.9606,94,29.9864,1,11,0.7,4.8,0.53,0.3993434,0.4997734,1,23,16,58,17,420000
"2020-01-23 16:58:20.4",17505,100544,8.54,12.37,87,23.9611,94,29.9615,1,11,0.7,4.6,0.60,0.3993516,0.4993583,1,23,16,58,19,720000
"2020-01-23 16:58:22.59",17506,100545,7.197,12.37,87,23.9619,94,29.9224,1,11,0.7,4.6,0.51,0.399365,0.4987067,1,23,16,58,21,910000
"2020-01-23 16:58:24.4",17507,100546,9.5,12.37,87,23.9622,94,29.9107,1,11,0.7,4.5,0.66,0.39937,0.4985117,1,23,16,58,23,720000
"2020-01-23 16:58:26.24",17508,100547,8.32,12.37,87,23.9626,94,29.8844,1,11,0.7,4.5,0.58,0.3993767,0.4980733,1,23,16,58,25,560000
"2020-01-23 16:58:27.87",17509,100548,5.513,12.37,87,23.9631,94,29.8587,1,11,0.7,4.5,0.40,0.399385,0.497645,1,23,16,58,27,190000
"2020-01-23 16:58:29.45",17510,100549,6.523,12.37,87,23.9634,94,29.8459,1,11,0.7,4.4,0.46,0.39939,0.4974317,1,23,16,58,28,770000
"2020-01-23 16:58:31.22",17511,100550,7.085,12.37,87,23.9639,94,29.8185,1,11,0.7,4.3,0.50,0.3993983,0.496975,1,23,16,58,30,540000
"2020-01-23 16:58:32.7",17512,100551,6.86,12.37,87,23.9645,94,29.79,1,11,0.7,4.2,0.49,0.3994084,0.4965,1,23,16,58,32,20000
"2020-01-23 16:58:34.2",17513,100552,6.636,12.37,87,23.9648,94,29.7804,1,11,0.7,4.4,0.47,0.3994133,0.49634,1,23,16,58,33,520000
"2020-01-23 16:58:35.59",17514,100553,8.99,12.37,87,23.9652,94,29.7571,1,11,0.7,4.7,0.62,0.39942,0.4959516,1,23,16,58,34,910000
"2020-01-23 16:58:37.13",17515,100554,8.66,12.37,87,23.9655,94,29.742,1,11,0.7,4.7,0.60,0.399425,0.4957,1,23,16,58,36,450000
"2020-01-23 16:58:38.65",17516,100555,8.54,12.37,87,23.9661,94,29.7133,1,11,0.7,4.6,0.60,0.399435,0.4952217,1,23,16,58,37,970000
"2020-01-23 16:58:40.09",17517,100556,8.88,12.37,87,23.9664,94,29.6993,1,11,0.7,4.6,0.62,0.39944,0.4949884,1,23,16,58,39,410000
"2020-01-23 16:58:41.5",17518,100557,9.11,12.37,87,23.9667,94,29.6851,1,11,0.7,4.6,0.63,0.399445,0.4947517,1,23,16,58,40,820000
"2020-01-23 16:58:42.85",17519,100558,6.748,12.37,87,23.9672,94,29.6548,1,11,0.7,4.5,0.48,0.3994533,0.4942467,1,23,16,58,42,170000
"2020-01-23 16:58:44.36",17520,100559,8.94,12.37,87,23.9675,94,29.6399,1,11,0.7,4.4,0.62,0.3994584,0.4939984,1,23,16,58,43,680000
"2020-01-23 16:58:45.93",17521,100560,8.77,12.37,87,23.9681,94,29.6103,1,11,0.7,4.4,0.61,0.3994683,0.493505,1,23,16,58,45,250000
"2020-01-23 16:58:47.36",17522,100561,6.523,12.37,87,23.9684,94,29.5958,1,11,0.7,4.3,0.46,0.3994733,0.4932633,1,23,16,58,46,680000
"2020-01-23 16:58:48.84",17523,100562,8.99,12.37,87,23.969,94,29.567,1,11,0.7,4.2,0.62,0.3994833,0.4927833,1,23,16,58,48,160000
"2020-01-23 16:58:50.31",17524,100563,11.13,12.37,87,23.9692,94,29.5538,1,11,0.7,4.2,0.76,0.3994867,0.4925633,1,23,16,58,49,630000
"2020-01-23 16:58:52.18",17525,100564,9.67,12.37,87,23.9697,94,29.5251,1,11,0.7,4.1,0.67,0.399495,0.492085,1,23,16,58,51,500000
"2020-01-23 16:58:53.8",17526,100565,6.972,12.36,87,23.9703,94,29.4974,1,11,0.7,4,0.49,0.399505,0.4916234,1,23,16,58,53,120000
"2020-01-23 16:58:55.31",17527,100566,6.748,12.37,87,23.9706,94,29.4846,1,11,0.7,4,0.48,0.39951,0.49141,1,23,16,58,54,630000
"2020-01-23 16:58:57.12",17528,100567,6.804,12.36,87,23.9711,94,29.4589,1,11,0.7,3.9,0.48,0.3995184,0.4909817,1,23,16,58,56,440000
"2020-01-23 16:58:58.89",17529,100568,6.972,12.37,87,23.9716,94,29.432,1,11,0.7,3.8,0.49,0.3995266,0.4905333,1,23,16,58,58,210000
"2020-01-23 16:59:00.75",17530,100569,7.253,12.37,87,23.9722,94,29.4069,1,11,0.7,3.6,0.51,0.3995367,0.490115,1,23,16,59,0,70000
"2020-01-23 16:59:02.34",17531,100570,6.748,12.37,87,23.9725,94,29.3933,1,11,0.7,3.6,0.48,0.3995417,0.4898883,1,23,16,59,1,660000
"2020-01-23 16:59:03.78",17532,100571,6.804,12.37,87,23.9731,94,29.3654,1,11,0.7,3.6,0.48,0.3995517,0.4894233,1,23,16,59,3,100000
"2020-01-23 16:59:05.7",17533,100572,7.197,12.37,87,23.9737,94,29.341,1,11,0.7,3.6,0.51,0.3995617,0.4890166,1,23,16,59,5,20000
"2020-01-23 16:59:07.36",17534,100573,6.86,12.37,87,23.9739,94,29.328,1,11,0.7,3.6,0.49,0.399565,0.4888,1,23,16,59,6,680000
"2020-01-23 16:59:09.08",17535,100574,6.58,12.37,87,23.9744,94,29.3032,1,11,0.7,3.6,0.47,0.3995733,0.4883867,1,23,16,59,8,400000
"2020-01-23 16:59:10.68",17536,100575,6.411,12.37,87,23.975,94,29.2794,1,11,0.7,3.6,0.46,0.3995833,0.48799,1,23,16,59,10,0
"2020-01-23 16:59:12.31",17537,100576,6.58,12.37,87,23.9752,94,29.2671,1,11,0.7,3.6,0.47,0.3995867,0.487785,1,23,16,59,11,630000
"2020-01-23 16:59:15.56",17538,100577,6.411,12.37,87,23.9761,94,29.2118,1,11,0.7,3.3,0.46,0.3996017,0.4868633,1,23,16,59,14,880000
"2020-01-23 16:59:17.51",17539,100578,8.77,12.37,87,23.9765,94,29.1895,1,11,0.7,3.1,0.61,0.3996083,0.4864917,1,23,16,59,16,830000
"2020-01-23 16:59:19.51",17540,100579,8.49,12.37,87,23.9768,94,29.1777,1,11,0.7,3,0.59,0.3996134,0.486295,1,23,16,59,18,830000
"2020-01-23 16:59:21.34",17541,100580,6.636,12.37,87,23.9773,94,29.1552,1,11,0.7,3,0.47,0.3996217,0.48592,1,23,16,59,20,660000
"2020-01-23 16:59:23.33",17542,100581,8.54,12.37,87,23.9777,94,29.1296,1,11,0.7,3,0.60,0.3996283,0.4854933,1,23,16,59,22,650000
"2020-01-23 16:59:25.21",17543,100582,9.27,12.37,87,23.9781,94,29.1044,1,11,0.7,3,0.64,0.399635,0.4850734,1,23,16,59,24,530000
"2020-01-23 16:59:27.27",17544,100583,9.11,12.36,87,23.9785,94,29.0887,1,11,0.7,3.6,0.63,0.3996417,0.4848117,1,23,16,59,26,590000
"2020-01-23 16:59:29.24",17545,100584,15.62,12.37,87,23.979,94,29.0643,1,11,0.7,3.6,1.057,0.39965,0.484405,1,23,16,59,28,560000
"2020-01-23 16:59:31.37",17546,100585,15.11,12.37,87,23.9794,94,29.0426,1,11,0.7,3.7,1.024,0.3996567,0.4840433,1,23,16,59,30,690000
"2020-01-23 16:59:34.41",17547,100586,5.85,12.36,87,23.9801,94,29.0132,1,11,0.7,3.6,0.42,0.3996683,0.4835534,1,23,16,59,33,730000
"2020-01-23 16:59:37.31",17548,100587,4.446,12.37,87,23.9807,94,28.9812,1,11,0.7,3.6,0.33,0.3996783,0.48302,1,23,16,59,36,630000
"2020-01-23 16:59:40.01",17549,100588,9.55,12.37,87,23.9814,94,28.9478,1,11,0.7,3.6,0.66,0.39969,0.4824633,1,23,16,59,39,330000
"2020-01-23 16:59:42.51",17550,100589,10,12.37,87,23.9818,94,28.9264,1,11,0.7,3.6,0.69,0.3996967,0.4821066,1,23,16,59,41,830000
"2020-01-23 16:59:44.98",17551,100590,13.04,12.36,87,23.9825,94,28.8929,1,11,0.7,3.6,0.89,0.3997083,0.4815483,1,23,16,59,44,300000
"2020-01-23 16:59:48.15",17552,100591,17.53,12.36,87,23.9833,94,28.868,1,11,0.7,3.7,1.182,0.3997216,0.4811334,1,23,16,59,47,470000
"2020-01-23 16:59:51.91",17553,100592,17.3,12.36,87,23.9841,94,28.8389,1,11,0.7,3.7,1.168,0.399735,0.4806483,1,23,16,59,51,230000
"2020-01-23 16:59:55.99",17554,100593,10.96,12.36,87,23.9846,94,28.8194,1,11,0.7,3.8,0.75,0.3997434,0.4803234,1,23,16,59,55,310000
"2020-01-23 16:59:59.2",17555,100594,8.54,12.36,87,23.985,94,28.7971,1,11,0.7,3.6,0.60,0.39975,0.4799517,1,23,16,59,58,520000
"2020-01-23 17:00:02.95",17556,100595,6.355,12.37,87,23.986,94,28.76,1,11,0.7,3.5,0.45,0.3997666,0.4793334,1,23,17,0,2,270000
"2020-01-23 17:00:06.38",17557,100596,5.176,12.37,87,23.9868,94,28.7301,1,11,0.7,3.5,0.37,0.39978,0.478835,1,23,17,0,5,700000
"2020-01-23 17:02:06.69",17558,100597,6.523,12.36,87,23.986,94,28.605,1,10,0.7,6.3,0.46,0.3997666,0.47675,1,23,17,2,6,10000
"2020-01-23 17:02:09.72",17559,100598,5.625,12.36,87,23.9865,94,28.5804,1,10,0.7,6.1,0.40,0.399775,0.47634,1,23,17,2,9,40000
"2020-01-23 17:02:15.7",17560,100599,6.973,12.36,87,23.9876,94,28.5219,1,10,0.7,5.2,0.49,0.3997933,0.475365,1,23,17,2,15,20000
"2020-01-23 17:02:18.14",17561,100600,8.77,12.35,87,23.988,94,28.5043,1,10,0.7,4.9,0.61,0.3998,0.4750716,1,23,17,2,17,460000
"2020-01-23 17:02:20.48",17562,100601,6.973,12.36,87,23.9886,94,28.4841,1,10,0.7,4.7,0.49,0.39981,0.474735,1,23,17,2,19,800000
"2020-01-23 17:02:22.96",17563,100602,5.737,12.36,87,23.9896,94,28.4538,1,10,0.7,4.7,0.41,0.3998266,0.47423,1,23,17,2,22,280000
"2020-01-23 17:02:25.16",17564,100603,6.299,12.36,87,23.99,94,28.4324,1,10,0.7,4.7,0.45,0.3998333,0.4738733,1,23,17,2,24,480000
"2020-01-23 17:03:41.43",17565,100604,8.10,12.36,87,23.9893,94,28.3627,1,11,0.7,3.4,0.57,0.3998217,0.4727116,1,23,17,3,40,750000
"2020-01-23 17:03:44.54",17566,100605,6.018,12.36,87,23.9902,94,28.3446,1,11,0.7,3.7,0.43,0.3998366,0.47241,1,23,17,3,43,860000
"2020-01-23 17:03:46.64",17567,100606,8.66,12.36,87,23.9909,94,28.3268,1,11,0.7,3.6,0.60,0.3998484,0.4721133,1,23,17,3,45,960000
"2020-01-23 17:03:49.11",17568,100607,4.951,12.35,87,23.9917,94,28.312,1,11,0.7,3.5,0.36,0.3998617,0.4718667,1,23,17,3,48,430000
"2020-01-23 17:03:51.29",17569,100608,10.12,12.35,87,23.9925,94,28.2982,1,11,0.7,3.4,0.70,0.399875,0.4716367,1,23,17,3,50,610000
"2020-01-23 17:03:53.46",17570,100609,6.636,12.36,87,23.9934,94,28.2812,1,11,0.7,3.4,0.47,0.39989,0.4713534,1,23,17,3,52,780000
"2020-01-23 17:03:55.78",17571,100610,6.355,12.35,87,23.9948,94,28.2577,1,11,0.7,3.1,0.45,0.3999134,0.4709617,1,23,17,3,55,100000
"2020-01-23 17:03:58.07",17572,100611,6.411,12.35,87,23.9957,94,28.247,1,11,0.7,3.9,0.46,0.3999284,0.4707833,1,23,17,3,57,390000
"2020-01-23 17:04:00.44",17573,100612,14.38,12.35,87,23.9967,94,28.2279,1,11,0.7,3.8,0.98,0.399945,0.470465,1,23,17,3,59,760000
"2020-01-23 17:04:04.55",17574,100613,20.56,12.35,87,23.9983,94,28.1996,1,11,0.7,3.6,1.38,0.3999717,0.4699933,1,23,17,4,3,860000
"2020-01-23 17:04:08.64",17575,100614,40.6,12.35,87,23.9993,94,28.1831,1,11,0.7,3.6,2.691,0.3999883,0.4697183,1,23,17,4,7.000,960000
"2020-01-23 17:04:14.01",17576,100615,4.053,12.35,87,24.0004,94,28.1662,1,11,0.7,3.3,0.30,0.4000067,0.4694367,1,23,17,4,13,330000
"2020-01-23 17:04:18.13",17577,100616,34.09,12.35,87,24.0008,94,28.1549,1,11,0.7,3.3,2.265,0.4000133,0.4692483,1,23,17,4,17,450000
"2020-01-23 17:04:22.38",17578,100617,15.95,12.35,87,24.0017,94,28.1355,1,11,0.7,3,1.079,0.4000283,0.468925,1,23,17,4,21,700000
"2020-01-23 17:04:25.78",17579,100618,13.88,12.35,87,24.0027,94,28.1039,1,11,0.7,1.5,0.94,0.400045,0.4683984,1,23,17,4,25,100000
"2020-01-23 17:04:28.65",17580,100619,24.49,12.35,87,24.0036,94,28.0758,1,11,0.7,1.6,1.637,0.40006,0.46793,1,23,17,4,27,970000
"2020-01-23 17:04:33.33",17581,100620,8.04,12.35,87,24.0041,94,28.0278,1,11,0.7,1.5,0.56,0.4000684,0.46713,1,23,17,4,32,650000
"2020-01-23 17:04:35.92",17582,100621,6.243,12.35,87,24.0042,94,27.9932,1,11,0.7,1.7,0.44,0.40007,0.4665533,1,23,17,4,35,240000
"2020-01-23 17:04:39.54",17583,100622,7.421,12.35,87,24.0037,94,27.9456,1,11,0.7,1.3,0.52,0.4000617,0.46576,1,23,17,4,38,860000
"2020-01-23 17:04:42.76",17584,100623,16.29,12.35,87,24.0034,94,27.9121,1,11,0.7,1.3,1.101,0.4000567,0.4652017,1,23,17,4,42,80000
"2020-01-23 17:04:45.98",17585,100624,1.583,12.35,87,24.0029,94,27.8808,1,11,0.7,1.2,0.14,0.4000483,0.46468,1,23,17,4,45,300000
"2020-01-23 17:04:51.74",17586,100625,2.481,12.35,87,24.0016,94,27.8208,1,11,0.7,1.6,0.20,0.4000267,0.46368,1,23,17,4,51,60000
"2020-01-23 17:04:54.32",17587,100626,2.257,12.35,87,24.0012,94,27.8025,1,11,0.7,1.5,0.18,0.40002,0.463375,1,23,17,4,53,640000
"2020-01-23 17:04:57.58",17588,100627,2.032,12.35,87,24.0002,94,27.7484,1,11,0.7,1.5,0.17,0.4000034,0.4624733,1,23,17,4,56,900000
"2020-01-23 17:05:00.04",17589,100628,2.257,12.35,87,24,94,27.7193,1,11,0.7,1.4,0.18,0.4,0.4619883,1,23,17,4,59,360000
"2020-01-23 17:05:03.57",17590,100629,2.818,12.35,87,24.0003,94,27.6622,1,11,0.7,1.1,0.22,0.400005,0.4610367,1,23,17,5,2,890000
"2020-01-23 17:05:06.13",17591,100630,2.706,12.35,87,24.0009,94,27.6385,1,11,0.7,0.9,0.21,0.400015,0.4606417,1,23,17,5,5,450000
"2020-01-23 17:05:08.57",17592,100631,2.818,12.35,87,24.0022,94,27.6096,1,11,0.7,0.7,0.22,0.4000367,0.46016,1,23,17,5,7.000,890000
"2020-01-23 17:05:15.79",17593,100632,1.92,12.34,87,24.0054,94,27.5636,1,11,0.7,1.7,0.16,0.40009,0.4593934,1,23,17,5,15,110000
"2020-01-23 17:05:18.2",17594,100633,2.481,12.35,87,24.0063,94,27.5493,1,11,0.7,1.6,0.20,0.400105,0.459155,1,23,17,5,17,520000
"2020-01-23 17:05:22.7",17595,100634,2.481,12.35,87,24.0087,94,27.505,1,11,0.7,1.3,0.20,0.400145,0.4584166,1,23,17,5,22,20000
"2020-01-23 17:05:27.64",17596,100635,2.594,12.35,87,24.0115,94,27.4765,1,11,0.7,1.2,0.21,0.4001917,0.4579416,1,23,17,5,26,960000
"2020-01-23 17:05:32.63",17597,100636,2.931,12.34,87,24.0142,94,27.4622,1,11,0.7,2.1,0.23,0.4002367,0.4577033,1,23,17,5,31,950000
"2020-01-23 17:05:37.47",17598,100637,3.099,12.34,87,24.0163,94,27.4378,1,11,0.7,1.7,0.24,0.4002717,0.4572967,1,23,17,5,36,790000
"2020-01-23 17:05:42.27",17599,100638,3.043,12.34,87,24.0191,94,27.4065,1,11,0.7,1.6,0.24,0.4003183,0.456775,1,23,17,5,41,590000
"2020-01-23 17:05:46.57",17600,100639,2.931,12.34,87,24.022,94,27.373,1,11,0.7,0.5,0.23,0.4003667,0.4562167,1,23,17,5,45,890000
"2020-01-23 17:05:50.69",17601,100640,2.481,12.34,87,24.0242,94,27.3506,1,11,0.7,0.1,0.20,0.4004034,0.4558433,1,23,17,5,50,10000
"2020-01-23 17:05:54.33",17602,100641,3.773,12.35,87,24.026,94,27.3353,1,11,0.7,0,0.28,0.4004333,0.4555884,1,23,17,5,53,650000
"2020-01-23 17:05:58.81",17603,100642,3.604,12.35,87,24.0287,94,27.31,1,11,0.7,-0.3,0.27,0.4004783,0.4551667,1,23,17,5,58,130000
"2020-01-23 17:06:02.92",17604,100643,2.481,12.35,87,24.0309,94,27.2868,1,11,0.7,-0.8,0.20,0.400515,0.45478,1,23,17,6,2,240000
"2020-01-23 17:06:06.61",17605,100644,2.818,12.34,87,24.0331,94,27.2675,1,11,0.7,-0.8,0.22,0.4005517,0.4544583,1,23,17,6,5,930000
"2020-01-23 17:06:10.15",17606,100645,2.818,12.35,87,24.0348,94,27.2516,1,11,0.7,-0.9,0.22,0.40058,0.4541933,1,23,17,6,9,470000
"2020-01-23 17:06:13.93",17607,100646,2.032,12.35,87,24.0369,94,27.2358,1,11,0.8,-0.4,0.17,0.400615,0.45393,1,23,17,6,13,250000
"2020-01-23 17:06:18.56",17608,100647,2.481,12.35,87,24.0396,94,27.2107,1,11,0.7,-0.5,0.20,0.40066,0.4535116,1,23,17,6,17,870000
"2020-01-23 17:06:22.39",17609,100648,2.481,12.35,87,24.041,94,27.1982,1,11,0.7,-0.6,0.20,0.4006834,0.4533033,1,23,17,6,21,710000
"2020-01-23 17:06:26.46",17610,100649,2.706,12.35,87,24.0432,94,27.1754,1,11,0.7,-0.8,0.21,0.40072,0.4529233,1,23,17,6,25,780000
"2020-01-23 17:06:29.73",17611,100650,1.359,12.35,87,24.0452,94,27.1523,1,11,0.7,-0.9,0.13,0.4007534,0.4525384,1,23,17,6,29,50000
"2020-01-23 17:06:35.85",17612,100651,2.088,12.35,87,24.0478,94,27.1285,1,11,0.7,-1.1,0.17,0.4007967,0.4521417,1,23,17,6,35,170000
"2020-01-23 17:06:41.22",17613,100652,2.369,12.35,87,24.0503,94,27.1014,1,11,0.7,-1.4,0.19,0.4008384,0.45169,1,23,17,6,40,540000
"2020-01-23 17:06:45.89",17614,100653,2.032,12.34,87,24.0526,94,27.0825,1,11,0.7,-1.8,0.17,0.4008767,0.451375,1,23,17,6,45,210000
"2020-01-23 17:06:50.27",17615,100654,1.976,12.34,87,24.0546,94,27.0677,1,11,0.7,-1.7,0.17,0.40091,0.4511283,1,23,17,6,49,590000
"2020-01-23 17:06:54.75",17616,100655,1.92,12.35,87,24.0573,94,27.0502,1,11,0.7,-0.8,0.16,0.400955,0.4508366,1,23,17,6,54,70000
"2020-01-23 17:06:59.76",17617,100656,2.144,12.34,87,24.0598,94,27.0217,1,11,0.7,-0.9,0.18,0.4009966,0.4503617,1,23,17,6,59,80000
"2020-01-23 17:07:04.46",17618,100657,1.92,12.34,87,24.0619,94,27.0029,1,11,0.7,-1.1,0.16,0.4010316,0.4500483,1,23,17,7.000,3,780000
"2020-01-23 17:07:14.11",17619,100658,2.201,12.34,87,24.0673,94,26.9523,1,11,0.8,-1.5,0.18,0.4011217,0.449205,1,23,17,7.000,13,430000
"2020-01-23 17:07:19.74",17620,100659,3.604,12.35,87,24.0705,94,26.9134,1,11,0.7,-1.7,0.27,0.401175,0.4485567,1,23,17,7.000,19,60000
"2020-01-23 17:07:22.24",17621,100660,1.583,12.34,87,24.0715,94,26.9015,1,11,0.7,-1.8,0.14,0.4011917,0.4483584,1,23,17,7.000,21,560000
"2020-01-23 17:07:28.38",17622,100661,2.481,12.34,87,24.0745,94,26.8613,1,11,0.7,-0.9,0.20,0.4012417,0.4476883,1,23,17,7.000,27,700000
"2020-01-23 17:07:31.6",17623,100662,2.65,12.34,87,24.0766,94,26.819,1,11,0.7,-1.1,0.21,0.4012766,0.4469833,1,23,17,7.000,30,920000
"2020-01-23 17:07:34.42",17624,100663,2.481,12.34,87,24.0777,94,26.8009,1,11,0.7,-1.1,0.20,0.401295,0.4466816,1,23,17,7.000,33,740000
"2020-01-23 17:07:37.78",17625,100664,2.369,12.34,87,24.0801,94,26.7696,1,11,0.7,-1.1,0.19,0.401335,0.44616,1,23,17,7.000,37,100000
"2020-01-23 17:07:41.14",17626,100665,2.594,12.34,87,24.0818,94,26.7498,1,11,0.7,-1.1,0.21,0.4013634,0.44583,1,23,17,7.000,40,460000
"2020-01-23 17:07:44.72",17627,100666,2.594,12.34,87,24.0842,94,26.7209,1,11,0.7,-1.2,0.21,0.4014033,0.4453483,1,23,17,7.000,44,40000
"2020-01-23 17:07:49.18",17628,100667,2.762,12.34,87,24.0868,94,26.694,1,11,0.7,-1.7,0.22,0.4014467,0.4449,1,23,17,7.000,48,500000
"2020-01-23 17:07:54.27",17629,100668,2.481,12.34,87,24.09,94,26.662,1,11,0.7,-1.9,0.20,0.4015,0.4443667,1,23,17,7.000,53,590000
"2020-01-23 17:07:59.67",17630,100669,2.481,12.34,87,24.0937,94,26.6217,1,11,0.7,-2,0.20,0.4015617,0.443695,1,23,17,7.000,58,990000
"2020-01-23 17:08:05.57",17631,100670,2.594,12.34,87,24.0978,94,26.5863,1,11,0.7,-2.4,0.21,0.40163,0.443105,1,23,17,8,4,890000
"2020-01-23 17:08:11.18",17632,100671,3.043,12.34,87,24.1009,94,26.56,1,11,0.7,-2.4,0.24,0.4016817,0.4426666,1,23,17,8,10,500000
"2020-01-23 17:08:18.54",17633,100672,2.481,12.34,87,24.1059,94,26.5188,1,11,0.7,-1.9,0.20,0.401765,0.44198,1,23,17,8,17,860000
"2020-01-23 17:08:25.43",17634,100673,2.481,12.34,87,24.1095,94,26.4828,1,11,0.7,-1.9,0.20,0.401825,0.44138,1,23,17,8,24,750000
"2020-01-23 17:08:32.34",17635,100674,2.425,12.34,87,24.1135,94,26.4432,1,11,0.7,-1.9,0.20,0.4018917,0.44072,1,23,17,8,31,660000
"2020-01-23 17:08:37.52",17636,100675,2.369,12.34,87,24.1172,94,26.4067,1,11,0.7,-2.1,0.19,0.4019533,0.4401117,1,23,17,8,36,830000
"2020-01-23 17:08:42.42",17637,100676,2.144,12.34,87,24.1194,94,26.3859,1,11,0.7,-2.1,0.18,0.40199,0.439765,1,23,17,8,41,740000
"2020-01-23 17:08:48.17",17638,100677,2.65,12.34,87,24.1225,94,26.3528,1,11,0.7,-2.1,0.21,0.4020416,0.4392133,1,23,17,8,47,490000
"2020-01-23 17:08:53.41",17639,100678,2.257,12.34,87,24.1252,94,26.3263,1,11,0.7,-1.5,0.18,0.4020867,0.4387717,1,23,17,8,52,730000
"2020-01-23 17:08:58.39",17640,100679,2.032,12.34,87,24.1277,94,26.2948,1,11,0.7,-1.5,0.17,0.4021283,0.4382467,1,23,17,8,57,710000
"2020-01-23 17:09:04.67",17641,100680,2.257,12.34,87,24.1312,94,26.2613,1,11,0.7,-0.2,0.18,0.4021867,0.4376883,1,23,17,9,3,990000
"2020-01-23 17:09:10.89",17642,100681,2.369,12.34,87,24.1343,94,26.2231,1,11,0.7,-0.3,0.19,0.4022383,0.4370517,1,23,17,9,10,210000
"2020-01-23 17:09:16.84",17643,100682,2.593,12.34,87,24.1373,94,26.1848,1,11,0.7,-0.4,0.21,0.4022884,0.4364133,1,23,17,9,16,160000
"2020-01-23 17:09:23.99",17644,100683,2.593,12.34,87,24.1408,94,26.1327,1,10,0.7,-0.6,0.21,0.4023467,0.435545,1,23,17,9,23,310000
"2020-01-23 17:09:27.76",17645,100684,2.369,12.34,87,24.1429,94,26.104,1,10,0.7,-0.7,0.19,0.4023817,0.4350667,1,23,17,9,27,80000
"2020-01-23 17:09:34.54",17646,100685,2.706,12.34,87,24.1466,94,26.0503,1,10,0.7,-1.4,0.21,0.4024434,0.4341717,1,23,17,9,33,850000
"2020-01-23 17:09:39.97",17647,100686,3.099,12.33,87,24.1502,94,25.9996,1,10,0.7,-1.4,0.24,0.4025034,0.4333267,1,23,17,9,39,290000
"2020-01-23 17:09:45.78",17648,100687,2.93,12.33,87,24.1539,94,25.9518,1,10,0.7,-0.6,0.23,0.402565,0.43253,1,23,17,9,45,100000
"2020-01-23 17:09:51.47",17649,100688,3.267,12.34,87,24.1569,94,25.9063,1,10,0.7,-0.7,0.25,0.402615,0.4317717,1,23,17,9,50,790000
"2020-01-23 17:09:57.16",17650,100689,2.65,12.33,87,24.1603,94,25.864,1,10,0.8,0.2,0.21,0.4026717,0.4310667,1,23,17,9,56,480000
"2020-01-23 17:10:02.82",17651,100690,2.818,12.33,87,24.1638,94,25.8008,1,10,0.7,0.1,0.22,0.40273,0.4300133,1,23,17,10,2,140000
"2020-01-23 17:10:08.44",17652,100691,2.93,12.33,87,24.1666,94,25.7465,1,10,0.7,-0.1,0.23,0.4027766,0.4291083,1,23,17,10,7.000,760000
"2020-01-23 17:10:14.01",17653,100692,3.043,12.33,87,24.17,94,25.6785,1,10,0.7,-0.2,0.24,0.4028334,0.427975,1,23,17,10,13,330000
"2020-01-23 17:10:18.36",17654,100693,3.267,12.34,87,24.1722,94,25.6319,1,10,0.7,-0.4,0.25,0.40287,0.4271984,1,23,17,10,17,680000
"2020-01-23 17:10:25.11",17655,100694,2.93,12.33,87,24.1761,94,25.5492,1,10,0.7,-0.5,0.23,0.402935,0.42582,1,23,17,10,24,430000
"2020-01-23 17:10:29.56",17656,100695,2.874,12.33,87,24.1785,94,25.4938,1,10,0.7,-0.1,0.22,0.402975,0.4248966,1,23,17,10,28,880000
"2020-01-23 17:10:34.34",17657,100696,3.323,12.33,87,24.1807,94,25.4563,1,10,0.7,0.4,0.25,0.4030117,0.4242717,1,23,17,10,33,660000
"2020-01-23 17:10:39.78",17658,100697,3.379,12.33,87,24.1842,94,25.3945,1,10,0.7,0.1,0.26,0.40307,0.4232417,1,23,17,10,39,100000
"2020-01-23 17:10:45.31",17659,100698,2.481,12.33,87,24.1871,94,25.353,1,11,0.7,0.5,0.20,0.4031183,0.42255,1,23,17,10,44,630000
"2020-01-23 17:10:52.12",17660,100699,2.706,12.33,87,24.1912,94,25.2897,1,11,0.7,0.9,0.21,0.4031867,0.421495,1,23,17,10,51,440000
"2020-01-23 17:11:00.58",17661,100700,2.593,12.33,87,24.1967,94,25.2301,1,11,0.7,-0.7,0.21,0.4032783,0.4205017,1,23,17,10,59,900000
"2020-01-23 17:11:12.57",17662,100701,2.594,12.32,87,24.2044,94,25.2076,1,11,0.8,0.1,0.21,0.4034066,0.4201266,1,23,17,11,11,890000
"2020-01-23 17:11:16.84",17663,100702,2.818,12.33,87,24.2072,94,25.2002,1,11,0.8,-0.5,0.22,0.4034533,0.4200033,1,23,17,11,16,160000
"2020-01-23 17:11:21.88",17664,100703,2.818,12.33,87,24.2104,94,25.1922,1,11,0.8,-0.5,0.22,0.4035067,0.41987,1,23,17,11,21,200000
"2020-01-23 17:11:26.58",17665,100704,3.043,12.33,87,24.2135,94,25.1799,1,11,0.8,-0.5,0.24,0.4035583,0.419665,1,23,17,11,25,900000
"2020-01-23 17:11:32.17",17666,100705,2.594,12.33,87,24.2166,94,25.1639,1,11,0.7,-0.6,0.21,0.40361,0.4193983,1,23,17,11,31,490000
"2020-01-23 17:11:38.19",17667,100706,3.043,12.33,87,24.2197,94,25.1218,1,11,0.7,-0.3,0.24,0.4036617,0.4186967,1,23,17,11,37,510000
"2020-01-23 17:11:42.97",17668,100707,2.93,12.32,87,24.2217,94,25.0764,1,11,0.7,0.1,0.23,0.403695,0.41794,1,23,17,11,42,290000
"2020-01-23 17:11:48.87",17669,100708,0.80,12.33,87,24.2232,94,25.0389,1,11,0.7,-0.1,0.09,0.40372,0.417315,1,23,17,11,48,190000
"2020-01-23 17:12:03.85",17670,100709,3.155,12.33,87,24.2239,94,25.0104,1,11,0.7,0.5,0.24,0.4037317,0.41684,1,23,17,12,3,170000
"2020-01-23 17:12:09.71",17671,100710,2.369,12.32,87,24.2264,94,24.9803,1,11,0.7,0.6,0.19,0.4037733,0.4163384,1,23,17,12,9,30000
"2020-01-23 17:12:16.18",17672,100711,13.65,12.32,87,24.229,94,24.9652,1,11,0.7,0.6,0.93,0.4038167,0.4160867,1,23,17,12,15,500000
"2020-01-23 17:12:20.43",17673,100712,9.78,12.33,87,24.2304,94,24.9463,1,11,0.7,0.2,0.68,0.40384,0.4157717,1,23,17,12,19,750000
"2020-01-23 17:12:24.06",17674,100713,4.39,12.33,87,24.2316,94,24.934,1,11,0.7,-0.1,0.32,0.40386,0.4155666,1,23,17,12,23,380000
"2020-01-23 17:12:26.67",17675,100714,4.333,12.33,87,24.2328,94,24.9247,1,11,0.7,0,0.32,0.40388,0.4154116,1,23,17,12,25,990000
"2020-01-23 17:12:28.94",17676,100715,4.053,12.32,87,24.2339,94,24.9275,1,11,0.8,0,0.30,0.4038983,0.4154583,1,23,17,12,28,260000
"2020-01-23 17:12:31.2",17677,100716,4.053,12.33,87,24.2346,94,24.9464,1,11,0.7,0.9,0.30,0.40391,0.4157733,1,23,17,12,30,520000
"2020-01-23 17:12:33.53",17678,100717,4.614,12.32,87,24.2361,94,24.9491,1,11,0.8,0.8,0.34,0.403935,0.4158183,1,23,17,12,32,850000
"2020-01-23 17:12:35.89",17679,100718,4.277,12.33,87,24.2373,94,24.9524,1,11,0.8,0.5,0.32,0.403955,0.4158734,1,23,17,12,35,210000
"2020-01-23 17:12:38.06",17680,100719,6.41,12.33,87,24.2385,94,24.9563,1,11,0.8,0.5,0.46,0.403975,0.4159384,1,23,17,12,37,380000
"2020-01-23 17:12:40.36",17681,100720,4.446,12.32,87,24.2397,94,24.9578,1,11,0.8,0.5,0.33,0.403995,0.4159633,1,23,17,12,39,680000
"2020-01-23 17:12:42.63",17682,100721,5.568,12.33,87,24.2415,94,24.9665,1,11,0.7,0.3,0.4,0.404025,0.4161083,1,23,17,12,41,950000
"2020-01-23 17:12:45.06",17683,100722,4.165,12.32,87,24.2427,94,24.9722,1,11,0.7,0.2,0.31,0.404045,0.4162034,1,23,17,12,44,380000
"2020-01-23 17:12:47.5",17684,100723,4.558,12.33,87,24.2444,94,24.9775,1,11,0.8,-0.6,0.33,0.4040733,0.4162917,1,23,17,12,46,830000
"2020-01-23 17:12:49.82",17685,100724,7.084,12.33,87,24.2455,94,24.9834,1,11,0.8,-0.5,0.50,0.4040917,0.41639,1,23,17,12,49,140000
"2020-01-23 17:12:52.11",17686,100725,5.512,12.32,87,24.2466,94,24.9868,1,11,0.8,-0.5,0.40,0.40411,0.4164466,1,23,17,12,51,430000
"2020-01-23 17:12:55.23",17687,100726,15.62,12.33,87,24.2483,94,24.9951,1,11,0.7,-0.4,1.057,0.4041384,0.416585,1,23,17,12,54,550000
"2020-01-23 17:12:57.98",17688,100727,8.99,12.33,87,24.2496,94,25.0086,1,11,0.7,0.6,0.62,0.40416,0.41681,1,23,17,12,57,300000
"2020-01-23 17:13:01.6",17689,100728,9.22,12.32,87,24.2511,94,25.0096,1,11,0.8,0.2,0.64,0.404185,0.4168267,1,23,17,13,0,920000
"2020-01-23 17:13:04.92",17690,100729,7.645,12.33,87,24.2524,94,25.0127,1,11,0.8,0.1,0.54,0.4042067,0.4168783,1,23,17,13,4,240000
"2020-01-23 17:13:08.5",17691,100730,13.71,12.32,87,24.2538,94,25.0169,1,11,0.7,0.1,0.93,0.40423,0.4169483,1,23,17,13,7.000,820000
"2020-01-23 17:13:12.2",17692,100731,28.97,12.32,87,24.2546,94,25.0206,1,11,0.8,0.2,1.931,0.4042434,0.41701,1,23,17,13,11,520000
"2020-01-23 17:13:15.67",17693,100732,25.78,12.32,87,24.2554,94,25.0195,1,11,0.8,0,1.722,0.4042567,0.4169917,1,23,17,13,14,990000
"2020-01-23 17:13:18.13",17694,100733,29.99,12.32,87,24.2558,94,25.0225,1,11,0.8,0.1,1.997,0.4042634,0.4170416,1,23,17,13,17,450000
"2020-01-23 17:13:21.42",17695,100734,28.08,12.32,87,24.2564,94,25.0215,1,11,0.7,0.1,1.872,0.4042733,0.417025,1,23,17,13,20,740000
"2020-01-23 17:13:26.09",17696,100735,31.5,12.32,87,24.2578,94,25.0271,1,11,0.8,0.5,2.096,0.4042967,0.4171184,1,23,17,13,25,410000
"2020-01-23 17:13:31.41",17697,100736,35.32,12.33,87,24.2586,94,25.0265,1,11,0.7,0.6,2.346,0.40431,0.4171084,1,23,17,13,30,730000
"2020-01-23 17:13:35.53",17698,100737,26.95,12.32,87,24.2599,94,25.0307,1,11,0.8,0.8,1.799,0.4043316,0.4171783,1,23,17,13,34,850000
"2020-01-23 17:13:43.54",17699,100738,35.6,12.32,87,24.262,94,25.0355,1,11,0.7,0.2,2.364,0.4043666,0.4172583,1,23,17,13,42,860000
"2020-01-23 17:13:47.47",17700,100739,21,12.32,87,24.2627,94,25.0421,1,11,0.7,0.2,1.41,0.4043783,0.4173684,1,23,17,13,46,790000
"2020-01-23 17:13:51.35",17701,100740,10.34,12.33,87,24.2636,94,25.0541,1,11,0.7,0.6,0.71,0.4043933,0.4175683,1,23,17,13,50,670000
"2020-01-23 17:14:01.42",17702,100741,23.81,12.32,87,24.2675,94,25.0142,1,11,0.7,0.4,1.593,0.4044584,0.4169034,1,23,17,14,0,740000
"2020-01-23 17:14:05.21",17703,100742,34.48,12.32,87,24.2682,94,24.9974,1,11,0.7,0.3,2.291,0.40447,0.4166233,1,23,17,14,4,530000
"2020-01-23 17:14:10.22",17704,100743,39.75,12.32,87,24.269,94,24.9794,1,11,0.7,1.2,2.636,0.4044833,0.4163233,1,23,17,14,9,540000
"2020-01-23 17:14:12.51",17705,100744,36.94,12.32,87,24.2696,94,24.9608,1,11,0.8,1.1,2.452,0.4044933,0.4160133,1,23,17,14,11,820000
"2020-01-23 17:14:16.15",17706,100745,22.24,12.32,87,24.27,94,24.9411,1,11,0.7,1,1.49,0.4045,0.415685,1,23,17,14,15,470000
"2020-01-23 17:14:19.66",17707,100746,18.2,12.32,87,24.2709,94,24.9182,1,11,0.7,0.9,1.226,0.404515,0.4153033,1,23,17,14,18,980000
"2020-01-23 17:14:23.04",17708,100747,14.16,12.32,87,24.2715,94,24.9055,1,11,0.7,0.9,0.96,0.404525,0.4150917,1,23,17,14,22,360000
"2020-01-23 17:14:27.67",17709,100748,12.14,12.32,87,24.2728,94,24.8749,1,11,0.7,0.8,0.83,0.4045467,0.4145817,1,23,17,14,26,990000
"2020-01-23 17:14:31.15",17710,100749,5.624,12.32,87,24.2737,94,24.8599,1,11,0.7,0.7,0.40,0.4045617,0.4143316,1,23,17,14,30,470000
"2020-01-23 17:14:34.5",17711,100750,10.17,12.32,87,24.2752,94,24.8306,1,11,0.7,0.7,0.70,0.4045867,0.4138433,1,23,17,14,33,820000
"2020-01-23 17:14:37",17712,100751,19.6,12.32,87,24.2757,94,24.8084,1,11,0.7,0.6,1.318,0.404595,0.4134733,1,23,17,14,36,320000
"2020-01-23 17:14:39.11",17713,100752,17.75,12.32,87,24.2762,94,24.7869,1,11,0.7,0.6,1.197,0.4046033,0.413115,1,23,17,14,38,430000
"2020-01-23 17:14:41.22",17714,100753,9.33,12.32,87,24.2767,94,24.7702,1,11,0.7,0.6,0.65,0.4046116,0.4128367,1,23,17,14,40,540000
"2020-01-23 17:14:43.27",17715,100754,20.22,12.32,87,24.277,94,24.7501,1,11,0.7,0.7,1.358,0.4046167,0.4125017,1,23,17,14,42,590000
"2020-01-23 17:14:45.27",17716,100755,3.94,12.32,87,24.2774,94,24.7289,1,11,0.7,0.7,0.29,0.4046233,0.4121484,1,23,17,14,44,590000
"2020-01-23 17:14:47.32",17717,100756,10.23,12.32,87,24.2776,94,24.7106,1,11,0.7,0.5,0.71,0.4046267,0.4118433,1,23,17,14,46,640000
"2020-01-23 17:14:49.25",17718,100757,19.88,12.32,87,24.278,94,24.6875,1,11,0.7,0,1.336,0.4046334,0.4114584,1,23,17,14,48,570000
"2020-01-23 17:14:51.56",17719,100758,18.42,12.32,87,24.2785,94,24.6579,1,11,0.7,0.1,1.241,0.4046416,0.410965,1,23,17,14,50,880000
"2020-01-23 17:14:54.27",17720,100759,17.58,12.32,87,24.2786,94,24.642,1,11,0.7,0.3,1.186,0.4046434,0.4107,1,23,17,14,53,590000
"2020-01-23 17:14:57.7",17721,100760,9.44,12.32,87,24.2791,94,24.6125,1,11,0.7,0.3,0.65,0.4046517,0.4102083,1,23,17,14,57,20000
"2020-01-23 17:15:01.07",17722,100761,9.22,12.32,87,24.2794,94,24.5874,1,11,0.7,0.5,0.64,0.4046567,0.40979,1,23,17,15,0,390000
"2020-01-23 17:15:04.22",17723,100762,8.88,12.32,87,24.2798,94,24.5633,1,11,0.7,0.2,0.62,0.4046634,0.4093883,1,23,17,15,3,540000
"2020-01-23 17:15:06.68",17724,100763,6.747,12.32,87,24.2804,94,24.5353,1,11,0.7,0.3,0.48,0.4046733,0.4089216,1,23,17,15,6,0
"2020-01-23 17:15:08.8",17725,100764,8.99,12.32,87,24.2807,94,24.5224,1,11,0.7,0.3,0.62,0.4046784,0.4087067,1,23,17,15,8,120000
"2020-01-23 17:15:11.68",17726,100765,23.47,12.32,87,24.2812,94,24.5028,1,11,0.7,0.4,1.571,0.4046866,0.40838,1,23,17,15,11,0
"2020-01-23 17:15:14.15",17727,100766,12.58,12.32,87,24.2815,94,24.4916,1,11,0.7,0.4,0.86,0.4046917,0.4081933,1,23,17,15,13,470000
"2020-01-23 17:15:16.8",17728,100767,8.66,12.32,87,24.2822,94,24.4742,1,11,0.7,0.2,0.60,0.4047033,0.4079033,1,23,17,15,16,120000
"2020-01-23 17:15:19.06",17729,100768,8.21,12.32,87,24.2827,94,24.46,1,11,0.7,0.2,0.57,0.4047117,0.4076666,1,23,17,15,18,380000
"2020-01-23 17:15:21.35",17730,100769,11.18,12.32,87,24.2834,94,24.446,1,11,0.7,0.1,0.77,0.4047233,0.4074333,1,23,17,15,20,670000
"2020-01-23 17:15:23.64",17731,100770,10,12.32,87,24.2843,94,24.4218,1,11,0.7,0.1,0.69,0.4047383,0.40703,1,23,17,15,22,960000
"2020-01-23 17:15:25.81",17732,100771,14.49,12.32,87,24.2849,94,24.4106,1,11,0.7,0.5,0.98,0.4047484,0.4068433,1,23,17,15,25,130000
"2020-01-23 17:15:28.06",17733,100772,13.2,12.32,87,24.2855,94,24.3977,1,11,0.7,0.8,0.90,0.4047583,0.4066283,1,23,17,15,27,380000
"2020-01-23 17:15:30.77",17734,100773,9.33,12.32,87,24.2864,94,24.3765,1,11,0.7,0.7,0.65,0.4047733,0.406275,1,23,17,15,30,90000
"2020-01-23 17:15:33.45",17735,100774,8.32,12.32,87,24.2869,94,24.364,1,11,0.7,0.6,0.58,0.4047817,0.4060667,1,23,17,15,32,770000
"2020-01-23 17:15:36.46",17736,100775,21.23,12.32,87,24.2876,94,24.3488,1,11,0.7,0.6,1.424,0.4047933,0.4058133,1,23,17,15,35,780000
"2020-01-23 17:15:41.43",17737,100776,25.49,12.32,87,24.2884,94,24.3281,1,11,0.7,-0.4,1.703,0.4048067,0.4054684,1,23,17,15,40,750000
"2020-01-23 17:15:44.37",17738,100777,15.17,12.32,87,24.2892,94,24.3118,1,11,0.8,-0.8,1.028,0.40482,0.4051967,1,23,17,15,43,690000
"2020-01-23 17:15:47.76",17739,100778,22.58,12.32,87,24.2902,94,24.2813,1,11,0.7,-0.9,1.512,0.4048366,0.4046883,1,23,17,15,47,80000
"2020-01-23 17:15:53.6",17740,100779,13.31,12.32,87,24.2914,94,24.2601,1,11,0.7,0.1,0.91,0.4048567,0.404335,1,23,17,15,52,920000
"2020-01-23 17:15:57.07",17741,100780,12.36,12.32,87,24.2922,94,24.2364,1,11,0.7,0.1,0.84,0.40487,0.40394,1,23,17,15,56,390000
"2020-01-23 17:15:59.33",17742,100781,19.32,12.32,87,24.2927,94,24.2148,1,11,0.7,0,1.3,0.4048783,0.40358,1,23,17,15,58,650000
"2020-01-23 17:16:01.58",17743,100782,20.22,12.32,87,24.2936,94,24.183,1,11,0.7,0.2,1.358,0.4048933,0.40305,1,23,17,16,0,900000
"2020-01-23 17:16:03.96",17744,100783,16.96,12.32,87,24.2942,94,24.1615,1,11,0.7,0.1,1.145,0.4049034,0.4026917,1,23,17,16,3,280000
"2020-01-23 17:16:06.55",17745,100784,18.98,12.32,87,24.2951,94,24.1314,1,11,0.7,0.1,1.277,0.4049183,0.40219,1,23,17,16,5,860000
"2020-01-23 17:16:08.84",17746,100785,23.59,12.32,87,24.2957,94,24.1096,1,11,0.7,1,1.579,0.4049283,0.4018267,1,23,17,16,8,160000
"2020-01-23 17:16:11.32",17747,100786,19.32,12.32,87,24.2963,94,24.0878,1,11,0.7,0.9,1.3,0.4049384,0.4014633,1,23,17,16,10,640000
"2020-01-23 17:16:13.85",17748,100787,20.33,12.32,87,24.2972,94,24.0546,1,11,0.7,0.9,1.366,0.4049533,0.40091,1,23,17,16,13,170000
"2020-01-23 17:16:16.4",17749,100788,42.67,12.32,87,24.2978,94,24.0326,1,11,0.7,0.9,2.827,0.4049634,0.4005433,1,23,17,16,15,720000
"2020-01-23 17:16:20.51",17750,100789,45.08,12.32,87,24.2989,94,23.9962,1,11,0.7,1,2.984,0.4049817,0.3999367,1,23,17,16,19,830000
"2020-01-23 17:16:24.14",17751,100790,42.44,12.32,87,24.2993,94,23.9737,1,11,0.7,0.5,2.812,0.4049883,0.3995617,1,23,17,16,23,460000
"2020-01-23 17:16:27.73",17752,100791,46.15,12.32,87,24.3005,94,23.9476,1,11,0.7,0.6,3.054,0.4050084,0.3991266,1,23,17,16,27,50000
"2020-01-23 17:16:32.5",17753,100792,31.56,12.32,87,24.3014,94,23.9302,1,11,0.7,0.7,2.1,0.4050233,0.3988367,1,23,17,16,31,820000
"2020-01-23 17:16:36.63",17754,100793,46.65,12.31,87,24.303,94,23.9017,1,11,0.7,1.6,3.087,0.40505,0.3983616,1,23,17,16,35,950000
"2020-01-23 17:16:40.34",17755,100794,39.64,12.32,87,24.3039,94,23.8824,1,11,0.7,1.6,2.628,0.405065,0.39804,1,23,17,16,39,660000
"2020-01-23 17:16:43.77",17756,100795,17.19,12.31,87,24.3049,94,23.8603,1,11,0.7,1.5,1.16,0.4050816,0.3976717,1,23,17,16,43,90000
"2020-01-23 17:16:46.93",17757,100796,11.46,12.32,87,24.3057,94,23.8412,1,11,0.7,1.3,0.79,0.405095,0.3973533,1,23,17,16,46,250000
"2020-01-23 17:16:50.02",17758,100797,8.88,12.32,87,24.3067,94,23.8147,1,11,0.7,0.6,0.62,0.4051117,0.3969116,1,23,17,16,49,340000
"2020-01-23 17:16:51.92",17759,100798,9.44,12.32,87,24.3074,94,23.7987,1,11,0.7,0.5,0.65,0.4051233,0.396645,1,23,17,16,51,240000
"2020-01-23 17:16:54.24",17760,100799,9.10,12.32,87,24.308,94,23.7817,1,11,0.7,0.4,0.63,0.4051333,0.3963617,1,23,17,16,53,560000
"2020-01-23 17:16:56.23",17761,100800,3.66,12.31,87,24.3084,94,23.7597,1,11,0.7,0.4,0.28,0.40514,0.395995,1,23,17,16,55,550000
"2020-01-23 17:16:58.34",17762,100801,3.996,12.32,87,24.3089,94,23.7393,1,11,0.7,0.4,0.30,0.4051484,0.395655,1,23,17,16,57,660000
"2020-01-23 17:17:00.15",17763,100802,4.165,12.31,87,24.3094,94,23.7177,1,11,0.7,0.3,0.31,0.4051567,0.395295,1,23,17,16,59,470000
"2020-01-23 17:17:02.17",17764,100803,12.14,12.32,87,24.3097,94,23.7067,1,11,0.7,1,0.83,0.4051617,0.3951116,1,23,17,17,1,490000
"2020-01-23 17:17:05.2",17765,100804,21.34,12.31,87,24.31,94,23.6693,1,11,0.7,1.3,1.432,0.4051666,0.3944883,1,23,17,17,4,520000
"2020-01-23 17:17:07.58",17766,100805,18.2,12.32,87,24.3105,94,23.6507,1,11,0.7,1.3,1.226,0.405175,0.3941783,1,23,17,17,6,900000
"2020-01-23 17:17:10.37",17767,100806,7.757,12.32,87,24.3109,94,23.6355,1,11,0.7,1.1,0.54,0.4051817,0.393925,1,23,17,17,9,690000
"2020-01-23 17:17:13.63",17768,100807,18.7,12.31,87,24.312,94,23.5953,1,11,0.7,1.1,1.259,0.4052,0.393255,1,23,17,17,12,950000
"2020-01-23 17:17:17.63",17769,100808,21,12.32,87,24.3128,94,23.5573,1,11,0.7,1.2,1.41,0.4052133,0.3926217,1,23,17,17,16,950000
"2020-01-23 17:17:22.29",17770,100809,8.54,12.31,87,24.3135,94,23.5228,1,11,0.7,0.7,0.60,0.405225,0.3920467,1,23,17,17,21,610000
"2020-01-23 17:17:24.51",17771,100810,7.982,12.32,87,24.3138,94,23.5061,1,11,0.7,0.5,0.56,0.40523,0.3917683,1,23,17,17,23,830000
"2020-01-23 17:17:27.39",17772,100811,11.8,12.31,87,24.3142,94,23.4797,1,11,0.7,0.4,0.81,0.4052367,0.3913283,1,23,17,17,26,710000
"2020-01-23 17:17:29.74",17773,100812,9.89,12.31,87,24.315,94,23.4565,1,11,0.7,1.1,0.68,0.40525,0.3909416,1,23,17,17,29,60000
"2020-01-23 17:17:32.71",17774,100813,12.7,12.31,87,24.3158,94,23.429,1,11,0.7,1,0.87,0.4052633,0.3904834,1,23,17,17,32,30000
"2020-01-23 17:17:34.86",17775,100814,7.982,12.32,87,24.3162,94,23.4112,1,11,0.7,0.9,0.56,0.40527,0.3901867,1,23,17,17,34,180000
"2020-01-23 17:17:36.91",17776,100815,10.9,12.32,87,24.3169,94,23.3917,1,11,0.7,0.8,0.75,0.4052817,0.3898617,1,23,17,17,36,230000
"2020-01-23 17:17:38.91",17777,100816,14.21,12.32,87,24.3174,94,23.3713,1,11,0.7,0.8,0.97,0.40529,0.3895216,1,23,17,17,38,230000
"2020-01-23 17:17:41.1",17778,100817,20.44,12.31,87,24.3179,94,23.3522,1,11,0.7,0.8,1.373,0.4052983,0.3892033,1,23,17,17,40,420000
"2020-01-23 17:17:43.19",17779,100818,15,12.32,87,24.3183,94,23.3314,1,11,0.7,0.8,1.017,0.405305,0.3888567,1,23,17,17,42,510000
"2020-01-23 17:17:45.75",17780,100819,14.32,12.31,87,24.3191,94,23.3067,1,11,0.7,0.4,0.97,0.4053183,0.388445,1,23,17,17,45,70000
"2020-01-23 17:17:48.48",17781,100820,28.3,12.31,87,24.3196,94,23.29,1,11,0.7,0,1.887,0.4053267,0.3881667,1,23,17,17,47,800000
"2020-01-23 17:17:50.96",17782,100821,35.48,12.31,87,24.3205,94,23.2629,1,11,0.7,0.1,2.357,0.4053416,0.387715,1,23,17,17,50,280000
"2020-01-23 17:17:53.3",17783,100822,23.75,12.31,87,24.3209,94,23.2456,1,11,0.7,0.3,1.59,0.4053483,0.3874267,1,23,17,17,52,620000
"2020-01-23 17:17:55.5",17784,100823,26.45,12.31,87,24.3216,94,23.2212,1,11,0.7,0.6,1.766,0.40536,0.38702,1,23,17,17,54,820000
"2020-01-23 17:17:58.27",17785,100824,14.32,12.32,87,24.3219,94,23.2124,1,11,0.7,1,0.97,0.405365,0.3868733,1,23,17,17,57,590000
"2020-01-23 17:18:00.63",17786,100825,21.51,12.32,87,24.3228,94,23.1791,1,11,0.7,0.9,1.443,0.40538,0.3863183,1,23,17,17,59,950000
"2020-01-23 17:18:02.75",17787,100826,13.48,12.31,87,24.3232,94,23.1594,1,11,0.7,1,0.92,0.4053866,0.38599,1,23,17,18,2,70000
"2020-01-23 17:18:04.88",17788,100827,8.94,12.31,87,24.3237,94,23.1425,1,11,0.7,0.9,0.62,0.405395,0.3857083,1,23,17,18,4,200000
"2020-01-23 17:18:07.27",17789,100828,5.624,12.32,87,24.3241,94,23.1195,1,11,0.7,0.7,0.40,0.4054017,0.385325,1,23,17,18,6,590000
"2020-01-23 17:18:11.6",17790,100829,11.8,12.32,87,24.3255,94,23.0734,1,11,0.7,1.5,0.81,0.405425,0.3845567,1,23,17,18,10,920000
"2020-01-23 17:18:18.32",17791,100830,10.4,12.32,87,24.3268,94,23.0171,1,11,0.7,1.1,0.72,0.4054466,0.3836183,1,23,17,18,17,640000
"2020-01-23 17:18:20.55",17792,100831,15.17,12.31,87,24.3273,94,22.9912,1,11,0.7,1.2,1.028,0.405455,0.3831867,1,23,17,18,19,870000
"2020-01-23 17:18:22.62",17793,100832,10.34,12.32,87,24.3278,94,22.9721,1,11,0.7,1.1,0.71,0.4054633,0.3828683,1,23,17,18,21,940000
"2020-01-23 17:18:24.69",17794,100833,11.01,12.31,87,24.3283,94,22.9553,1,11,0.7,1.5,0.76,0.4054717,0.3825883,1,23,17,18,24,10000
"2020-01-23 17:18:27.08",17795,100834,8.71,12.31,87,24.3289,94,22.937,1,11,0.7,1.4,0.61,0.4054817,0.3822833,1,23,17,18,26,400000
"2020-01-23 17:18:29.06",17796,100835,9.22,12.31,87,24.3295,94,22.9193,1,11,0.7,1.4,0.64,0.4054917,0.3819884,1,23,17,18,28,380000
"2020-01-23 17:18:31.14",17797,100836,10,12.32,87,24.33,94,22.9001,1,11,0.7,1.4,0.69,0.4055,0.3816684,1,23,17,18,30,460000
"2020-01-23 17:18:33.17",17798,100837,12.92,12.31,87,24.3306,94,22.8817,1,11,0.7,1.4,0.88,0.40551,0.3813617,1,23,17,18,32,490000
"2020-01-23 17:18:35.26",17799,100838,13.88,12.31,87,24.3311,94,22.8616,1,11,0.7,1.4,0.94,0.4055184,0.3810267,1,23,17,18,34,580000
"2020-01-23 17:18:37.36",17800,100839,13.09,12.32,87,24.3317,94,22.8437,1,11,0.7,1.4,0.89,0.4055283,0.3807283,1,23,17,18,36,680000
"2020-01-23 17:18:39.78",17801,100840,8.99,12.31,87,24.3316,94,22.8184,1,11,0.7,1.4,0.62,0.4055267,0.3803067,1,23,17,18,39,100000
"2020-01-23 17:18:41.97",17802,100841,4.165,12.31,87,24.3324,94,22.7966,1,11,0.7,1.4,0.31,0.40554,0.3799434,1,23,17,18,41,290000
"2020-01-23 17:18:44.2",17803,100842,4.053,12.32,87,24.3331,94,22.7762,1,11,0.7,1.4,0.30,0.4055516,0.3796033,1,23,17,18,43,520000
"2020-01-23 17:18:46.33",17804,100843,6.073,12.31,87,24.3338,94,22.7553,1,11,0.7,1.4,0.43,0.4055633,0.379255,1,23,17,18,45,650000
"2020-01-23 17:18:48.57",17805,100844,5.512,12.31,87,24.3346,94,22.7262,1,11,0.7,1.4,0.40,0.4055767,0.37877,1,23,17,18,47,890000
"2020-01-23 17:18:51.07",17806,100845,4.951,12.31,87,24.335,94,22.7069,1,11,0.7,1.4,0.36,0.4055833,0.3784483,1,23,17,18,50,390000
"2020-01-23 17:18:53.2",17807,100846,7.982,12.31,87,24.3358,94,22.6907,1,11,0.7,1.3,0.56,0.4055967,0.3781783,1,23,17,18,52,520000
"2020-01-23 17:18:55.27",17808,100847,11.29,12.32,87,24.3364,94,22.6737,1,11,0.7,0.8,0.78,0.4056066,0.377895,1,23,17,18,54,590000
"2020-01-23 17:18:57.8",17809,100848,6.747,12.31,87,24.3371,94,22.6405,1,11,0.7,0.5,0.48,0.4056183,0.3773416,1,23,17,18,57,120000
"2020-01-23 17:19:00.74",17810,100849,7.982,12.31,87,24.3379,94,22.6123,1,11,0.7,0.6,0.56,0.4056317,0.3768717,1,23,17,19,0,60000
"2020-01-23 17:19:02.85",17811,100850,5.175,12.31,87,24.3384,94,22.5965,1,11,0.7,0.6,0.37,0.40564,0.3766084,1,23,17,19,2,170000
"2020-01-23 17:19:04.93",17812,100851,5.4,12.31,87,24.3389,94,22.5797,1,11,0.7,0.9,0.39,0.4056483,0.3763284,1,23,17,19,4,250000
"2020-01-23 17:19:06.99",17813,100852,5.063,12.31,87,24.3392,94,22.5679,1,11,0.7,1.6,0.37,0.4056533,0.3761316,1,23,17,19,6,310000
"2020-01-23 17:19:09.09",17814,100853,5.456,12.31,87,24.3401,94,22.5517,1,11,0.7,1.5,0.39,0.4056683,0.3758617,1,23,17,19,8,410000
"2020-01-23 17:19:11.23",17815,100854,4.951,12.31,87,24.3407,94,22.5283,1,11,0.7,1.1,0.36,0.4056783,0.3754716,1,23,17,19,10,550000
"2020-01-23 17:19:13.4",17816,100855,6.298,12.31,87,24.3414,94,22.5046,1,11,0.7,1.1,0.45,0.40569,0.3750767,1,23,17,19,12,720000
"2020-01-23 17:19:15.52",17817,100856,4.67,12.32,87,24.3422,94,22.4694,1,11,0.7,1.1,0.34,0.4057033,0.37449,1,23,17,19,14,840000
"2020-01-23 17:19:17.61",17818,100857,4.726,12.31,87,24.3428,94,22.4462,1,11,0.7,1.1,0.35,0.4057134,0.3741033,1,23,17,19,16,930000
"2020-01-23 17:19:19.83",17819,100858,6.017,12.31,87,24.3432,94,22.4399,1,11,0.7,1.8,0.43,0.40572,0.3739983,1,23,17,19,19,150000
"2020-01-23 17:19:21.99",17820,100859,4.726,12.31,87,24.3438,94,22.4172,1,11,0.7,1.8,0.35,0.40573,0.37362,1,23,17,19,21,310000
"2020-01-23 17:19:24.09",17821,100860,5.736,12.31,87,24.3446,94,22.3965,1,11,0.7,1.9,0.41,0.4057433,0.373275,1,23,17,19,23,410000
"2020-01-23 17:19:26.16",17822,100861,5.736,12.31,87,24.345,94,22.3734,1,11,0.7,1.9,0.41,0.40575,0.37289,1,23,17,19,25,480000
"2020-01-23 17:19:28.24",17823,100862,5.736,12.31,87,24.3457,94,22.3523,1,11,0.7,1.9,0.41,0.4057616,0.3725384,1,23,17,19,27,560000
"2020-01-23 17:19:30.42",17824,100863,13.82,12.31,87,24.3464,94,22.331,1,11,0.7,1.9,0.94,0.4057733,0.3721833,1,23,17,19,29,740000
"2020-01-23 17:19:33.15",17825,100864,20.22,12.31,87,24.347,94,22.3115,1,11,0.7,2.7,1.358,0.4057833,0.3718583,1,23,17,19,32,470000
"2020-01-23 17:19:35.99",17826,100865,19.66,12.31,87,24.3477,94,22.2829,1,11,0.7,2.7,1.322,0.405795,0.3713817,1,23,17,19,35,310000
"2020-01-23 17:19:39.43",17827,100866,31.33,12.31,87,24.3484,94,22.2566,1,11,0.7,2.7,2.085,0.4058067,0.3709433,1,23,17,19,38,750000
"2020-01-23 17:19:45.69",17828,100867,3.435,12.31,87,24.3493,94,22.2191,1,11,0.7,3.2,0.26,0.4058217,0.3703184,1,23,17,19,45,10000
"2020-01-23 17:19:48.94",17829,100868,8.99,12.31,87,24.3496,94,22.2047,1,11,0.7,3.3,0.62,0.4058266,0.3700784,1,23,17,19,48,260000
"2020-01-23 17:19:52.26",17830,100869,17.64,12.31,87,24.3501,94,22.1835,1,11,0.7,3.1,1.189,0.405835,0.369725,1,23,17,19,51,580000
"2020-01-23 17:19:55.13",17831,100870,9.89,12.31,87,24.3508,94,22.1577,1,11,0.7,3,0.68,0.4058466,0.369295,1,23,17,19,54,450000
"2020-01-23 17:20:00.96",17832,100871,5.4,12.31,87,24.352,94,22.1294,1,11,0.7,3,0.39,0.4058666,0.3688234,1,23,17,20,0,280000
"2020-01-23 17:20:03.74",17833,100872,5.4,12.31,87,24.3527,94,22.1084,1,11,0.7,2.8,0.39,0.4058783,0.3684734,1,23,17,20,3,60000
"2020-01-23 17:20:05.97",17834,100873,5.849,12.31,87,24.3533,94,22.0878,1,11,0.7,2.8,0.42,0.4058884,0.36813,1,23,17,20,5,290000
"2020-01-23 17:20:07.87",17835,100874,5.175,12.31,87,24.3538,94,22.0639,1,11,0.7,2.7,0.37,0.4058967,0.3677317,1,23,17,20,7.000,190000
"2020-01-23 17:20:09.94",17836,100875,5.736,12.31,87,24.3544,94,22.0425,1,11,0.7,2.6,0.41,0.4059067,0.367375,1,23,17,20,9,260000
"2020-01-23 17:20:11.85",17837,100876,9.44,12.31,87,24.3548,94,22.0253,1,11,0.7,2.9,0.65,0.4059133,0.3670883,1,23,17,20,11,170000
"2020-01-23 17:20:14.05",17838,100877,15.05,12.31,87,24.3553,94,22.0131,1,11,0.7,3.4,1.021,0.4059217,0.366885,1,23,17,20,13,370000
"2020-01-23 17:20:15.94",17839,100878,13.82,12.31,87,24.356,94,21.9922,1,11,0.7,3.2,0.94,0.4059334,0.3665367,1,23,17,20,15,260000
"2020-01-23 17:20:18.4",17840,100879,24.03,12.31,87,24.3566,94,21.9711,1,11,0.7,2.8,1.608,0.4059433,0.366185,1,23,17,20,17,720000
"2020-01-23 17:20:21.17",17841,100880,17.75,12.31,87,24.3572,94,21.9421,1,11,0.7,2.8,1.197,0.4059534,0.3657017,1,23,17,20,20,490000
"2020-01-23 17:20:23.8",17842,100881,11.85,12.31,87,24.3582,94,21.9096,1,11,0.7,2.7,0.81,0.40597,0.36516,1,23,17,20,23,120000
"2020-01-23 17:20:26.3",17843,100882,8.88,12.31,87,24.3587,94,21.8894,1,11,0.7,3.3,0.62,0.4059783,0.3648234,1,23,17,20,25,620000
"2020-01-23 17:20:28.56",17844,100883,8.09,12.3,87,24.3596,94,21.8542,1,11,0.7,2.9,0.57,0.4059934,0.3642367,1,23,17,20,27,880000
"2020-01-23 17:20:31.15",17845,100884,7.757,12.31,87,24.3602,94,21.8292,1,11,0.7,2.5,0.54,0.4060034,0.36382,1,23,17,20,30,470000
"2020-01-23 17:20:33.32",17846,100885,6.747,12.31,87,24.3609,94,21.806,1,11,0.7,2.5,0.48,0.406015,0.3634333,1,23,17,20,32,640000
"2020-01-23 17:20:35.33",17847,100886,6.41,12.31,87,24.3615,94,21.7806,1,11,0.7,2.4,0.46,0.406025,0.36301,1,23,17,20,34,650000
"2020-01-23 17:20:37.43",17848,100887,5.849,12.3,87,24.3621,94,21.7584,1,11,0.7,2.4,0.42,0.406035,0.36264,1,23,17,20,36,750000
"2020-01-23 17:20:39.31",17849,100888,5.849,12.31,87,24.3627,94,21.7416,1,11,0.7,2.7,0.42,0.406045,0.36236,1,23,17,20,38,630000
"2020-01-23 17:20:41.41",17850,100889,5.68,12.31,87,24.3632,94,21.7288,1,11,0.7,2.9,0.41,0.4060533,0.3621467,1,23,17,20,40,730000
"2020-01-23 17:20:43.27",17851,100890,5.344,12.31,87,24.3638,94,21.6984,1,11,0.7,2.7,0.39,0.4060634,0.36164,1,23,17,20,42,590000
"2020-01-23 17:20:45.4",17852,100891,6.017,12.31,87,24.3645,94,21.6709,1,11,0.7,2.4,0.43,0.406075,0.3611817,1,23,17,20,44,720000
"2020-01-23 17:20:47.3",17853,100892,5.905,12.31,87,24.3652,94,21.6448,1,11,0.7,2.2,0.42,0.4060866,0.3607467,1,23,17,20,46,620000
"2020-01-23 17:20:49.32",17854,100893,5.624,12.3,87,24.3659,94,21.618,1,11,0.7,2.1,0.40,0.4060983,0.3603,1,23,17,20,48,640000
"2020-01-23 17:20:51.18",17855,100894,6.185,12.31,87,24.3667,94,21.5916,1,11,0.7,2,0.44,0.4061116,0.35986,1,23,17,20,50,500000
"2020-01-23 17:20:52.71",17856,100895,6.41,12.31,87,24.3672,94,21.5733,1,11,0.7,2.4,0.46,0.40612,0.359555,1,23,17,20,52,30000
"2020-01-23 17:20:54.68",17857,100896,7.364,12.3,87,24.3678,94,21.5539,1,11,0.7,3.1,0.52,0.40613,0.3592316,1,23,17,20,54,0
"2020-01-23 17:20:56.68",17858,100897,6.522,12.31,87,24.3685,94,21.5268,1,11,0.7,3,0.46,0.4061417,0.35878,1,23,17,20,56,0
"2020-01-23 17:20:58.7",17859,100898,8.71,12.31,87,24.3693,94,21.5006,1,11,0.7,2.9,0.61,0.406155,0.3583433,1,23,17,20,58,20000
"2020-01-23 17:21:00.66",17860,100899,8.43,12.31,87,24.3701,94,21.4738,1,11,0.7,2.9,0.59,0.4061684,0.3578967,1,23,17,20,59,980000
"2020-01-23 17:21:02.74",17861,100900,5.905,12.3,87,24.3709,94,21.4476,1,11,0.7,2.7,0.42,0.4061817,0.35746,1,23,17,21,2,60000
"2020-01-23 17:21:04.65",17862,100901,6.41,12.31,87,24.3716,94,21.422,1,11,0.7,2.7,0.46,0.4061933,0.3570334,1,23,17,21,3,970000
"2020-01-23 17:21:06.66",17863,100902,6.017,12.31,87,24.3722,94,21.402,1,11,0.7,2.9,0.43,0.4062033,0.3567,1,23,17,21,5,980000
"2020-01-23 17:21:08.61",17864,100903,8.43,12.3,87,24.3728,94,21.3814,1,11,0.7,3.3,0.59,0.4062134,0.3563566,1,23,17,21,7.000,930000
"2020-01-23 17:21:10.67",17865,100904,5.961,12.31,87,24.3736,94,21.3544,1,11,0.7,3.1,0.43,0.4062267,0.3559067,1,23,17,21,9,990000
"2020-01-23 17:21:12.66",17866,100905,9.78,12.31,87,24.3743,94,21.3283,1,11,0.7,3.1,0.68,0.4062384,0.3554717,1,23,17,21,11,980000
"2020-01-23 17:21:14.84",17867,100906,15.28,12.31,87,24.375,94,21.3033,1,11,0.7,3,1.035,0.40625,0.355055,1,23,17,21,14,160000
"2020-01-23 17:21:16.72",17868,100907,15.84,12.3,87,24.3757,94,21.28,1,11,0.7,3,1.072,0.4062616,0.3546667,1,23,17,21,16,40000
"2020-01-23 17:21:18.95",17869,100908,9.67,12.31,87,24.3764,94,21.2574,1,11,0.7,2.8,0.67,0.4062733,0.35429,1,23,17,21,18,270000
"2020-01-23 17:21:21.57",17870,100909,8.99,12.3,87,24.3773,94,21.2255,1,11,0.7,2.7,0.62,0.4062883,0.3537583,1,23,17,21,20,890000
"2020-01-23 17:21:24.24",17871,100910,6.971,12.31,87,24.3779,94,21.204,1,11,0.7,2.5,0.49,0.4062983,0.3534,1,23,17,21,23,560000
"2020-01-23 17:21:26.93",17872,100911,6.971,12.31,87,24.3791,94,21.171,1,11,0.7,2.3,0.49,0.4063183,0.35285,1,23,17,21,26,250000
"2020-01-23 17:21:29.58",17873,100912,6.747,12.3,87,24.3801,94,21.1413,1,11,0.7,2.2,0.48,0.406335,0.352355,1,23,17,21,28,900000
"2020-01-23 17:21:32.35",17874,100913,6.578,12.31,87,24.3807,94,21.1187,1,11,0.7,2.1,0.47,0.406345,0.3519783,1,23,17,21,31,670000
"2020-01-23 17:21:35.17",17875,100914,6.803,12.31,87,24.3817,94,21.088,1,11,0.7,1.9,0.48,0.4063617,0.3514666,1,23,17,21,34,490000
"2020-01-23 17:21:41.29",17876,100915,6.522,12.31,87,24.3834,94,21.0234,1,11,0.7,1.7,0.46,0.40639,0.35039,1,23,17,21,40,610000
"2020-01-23 17:21:43.99",17877,100916,6.634,12.31,87,24.3841,94,20.9952,1,11,0.7,1.6,0.47,0.4064017,0.34992,1,23,17,21,43,310000
"2020-01-23 17:21:46.7",17878,100917,6.522,12.31,87,24.3847,94,20.9759,1,11,0.7,2.5,0.46,0.4064117,0.3495984,1,23,17,21,46,20000
"2020-01-23 17:21:49.42",17879,100918,9.33,12.3,87,24.3854,94,20.9529,1,11,0.7,2.5,0.65,0.4064234,0.349215,1,23,17,21,48,740000
"2020-01-23 17:21:52.15",17880,100919,15.5,12.31,87,24.3863,94,20.9186,1,11,0.7,2.3,1.05,0.4064383,0.3486433,1,23,17,21,51,470000
"2020-01-23 17:21:54.81",17881,100920,8.32,12.31,87,24.3871,94,20.8875,1,11,0.7,2.2,0.58,0.4064517,0.348125,1,23,17,21,54,130000
"2020-01-23 17:21:57.58",17882,100921,11.07,12.3,87,24.3881,94,20.8554,1,11,0.7,2.1,0.76,0.4064683,0.34759,1,23,17,21,56,900000
"2020-01-23 17:22:00.35",17883,100922,8.77,12.31,87,24.3887,94,20.8388,1,11,0.7,2.7,0.61,0.4064784,0.3473134,1,23,17,21,59,670000
"2020-01-23 17:22:03.12",17884,100923,7.982,12.31,87,24.3895,94,20.8045,1,11,0.7,2.6,0.56,0.4064917,0.3467417,1,23,17,22,2,440000
"2020-01-23 17:22:05.89",17885,100924,6.298,12.31,87,24.3904,94,20.7733,1,11,0.7,2.5,0.45,0.4065066,0.3462216,1,23,17,22,5,210000
"2020-01-23 17:22:08.69",17886,100925,6.185,12.31,87,24.3913,94,20.7409,1,11,0.7,2.3,0.44,0.4065217,0.3456817,1,23,17,22,8,10000
"2020-01-23 17:22:11.46",17887,100926,11.01,12.29,87,24.3919,94,20.7197,1,11,0.7,2.3,0.76,0.4065317,0.3453283,1,23,17,22,10,780000
"2020-01-23 17:22:14.26",17888,100927,5.512,12.3,87,24.3925,94,20.702,1,11,0.7,3.1,0.40,0.4065417,0.3450333,1,23,17,22,13,580000
"2020-01-23 17:22:17.03",17889,100928,9.67,12.31,87,24.3934,94,20.6687,1,11,0.7,2.9,0.67,0.4065567,0.3444783,1,23,17,22,16,350000
"2020-01-23 17:22:19.82",17890,100929,8.26,12.3,87,24.3944,94,20.6342,1,11,0.7,2.8,0.58,0.4065733,0.3439033,1,23,17,22,19,140000
"2020-01-23 17:22:22.73",17891,100930,8.37,12.3,87,24.3953,94,20.6035,1,11,0.7,2.7,0.58,0.4065884,0.3433917,1,23,17,22,22,50000
"2020-01-23 17:22:25.48",17892,100931,8.54,12.31,87,24.3959,94,20.5817,1,11,0.7,2.7,0.60,0.4065984,0.3430283,1,23,17,22,24,800000
"2020-01-23 17:22:28.23",17893,100932,8.66,12.31,87,24.3965,94,20.5645,1,11,0.7,3.7,0.60,0.4066083,0.3427417,1,23,17,22,27,550000
"2020-01-23 17:22:30.92",17894,100933,8.66,12.31,87,24.3975,94,20.5291,1,11,0.7,3.6,0.60,0.406625,0.3421517,1,23,17,22,30,240000
"2020-01-23 17:22:33.71",17895,100934,18.2,12.3,87,24.3984,94,20.4939,1,11,0.7,3.6,1.226,0.40664,0.341565,1,23,17,22,33,30000
"2020-01-23 17:22:36.57",17896,100935,8.66,12.31,87,24.3993,94,20.4614,1,11,0.7,3.4,0.60,0.406655,0.3410233,1,23,17,22,35,880000
"2020-01-23 17:22:39.81",17897,100936,15.84,12.31,87,24.4,94,20.4367,1,11,0.7,4.6,1.072,0.4066667,0.3406117,1,23,17,22,39,130000
"2020-01-23 17:22:42.82",17898,100937,16.46,12.31,87,24.4008,94,20.4063,1,11,0.7,4.4,1.112,0.40668,0.340105,1,23,17,22,42,140000
"2020-01-23 17:22:48.97",17899,100938,6.971,12.31,87,24.4026,94,20.3471,1,11,0.7,4,0.49,0.40671,0.3391183,1,23,17,22,48,290000
"2020-01-23 17:22:51.46",17900,100939,10.9,12.29,87,24.4034,94,20.33,1,11,0.7,3.8,0.75,0.4067234,0.3388333,1,23,17,22,50,780000
"2020-01-23 17:22:53.92",17901,100940,11.35,12.31,87,24.4044,94,20.2968,1,11,0.7,4.3,0.78,0.40674,0.33828,1,23,17,22,53,240000
"2020-01-23 17:22:56.16",17902,100941,10,12.3,87,24.405,94,20.2735,1,11,0.7,4.1,0.69,0.40675,0.3378917,1,23,17,22,55,480000
"2020-01-23 17:22:58.05",17903,100942,7.083,12.31,87,24.4056,94,20.2487,1,11,0.7,4,0.50,0.40676,0.3374783,1,23,17,22,57,370000
"2020-01-23 17:23:00.55",17904,100943,6.634,12.3,87,24.4068,94,20.2146,1,11,0.7,3.9,0.47,0.40678,0.33691,1,23,17,22,59,870000
"2020-01-23 17:23:02.71",17905,100944,9.78,12.31,87,24.4074,94,20.1921,1,11,0.7,3.6,0.68,0.40679,0.336535,1,23,17,23,2,30000
"2020-01-23 17:23:04.64",17906,100945,15.5,12.31,87,24.4081,94,20.1731,1,11,0.7,3.9,1.05,0.4068017,0.3362183,1,23,17,23,3,960000
"2020-01-23 17:23:06.79",17907,100946,8.37,12.31,87,24.4088,94,20.1511,1,11,0.7,4,0.58,0.4068133,0.3358517,1,23,17,23,6,110000
"2020-01-23 17:23:09.4",17908,100947,8.32,12.3,87,24.4095,94,20.129,1,11,0.7,3.9,0.58,0.406825,0.3354833,1,23,17,23,8,720000
"2020-01-23 17:23:11.99",17909,100948,8.66,12.31,87,24.4106,94,20.0945,1,11,0.7,3.7,0.60,0.4068433,0.3349083,1,23,17,23,11,310000
"2020-01-23 17:23:14.59",17910,100949,7.308,12.29,87,24.4117,94,20.0599,1,11,0.7,3.5,0.51,0.4068617,0.3343317,1,23,17,23,13,910000
"2020-01-23 17:23:17.16",17911,100950,8.32,12.3,87,24.4124,94,20.0372,1,11,0.7,3.4,0.58,0.4068733,0.3339534,1,23,17,23,16,480000
"2020-01-23 17:23:19.89",17912,100951,8.21,12.31,87,24.4134,94,20.0034,1,11,0.7,3.6,0.57,0.40689,0.33339,1,23,17,23,19,210000
"2020-01-23 17:23:22.55",17913,100952,7.308,12.31,87,24.4144,94,19.9686,1,11,0.7,3.4,0.51,0.4069067,0.33281,1,23,17,23,21,870000
"2020-01-23 17:23:24.68",17914,100953,6.747,12.3,87,24.4151,94,19.9471,1,11,0.7,3.3,0.48,0.4069184,0.3324517,1,23,17,23,24,0
"2020-01-23 17:23:27.29",17915,100954,6.634,12.31,87,24.4158,94,19.9259,1,11,0.7,3.4,0.47,0.40693,0.3320983,1,23,17,23,26,610000
"2020-01-23 17:23:30.02",17916,100955,6.185,12.29,87,24.417,94,19.8965,1,11,0.7,3.1,0.44,0.40695,0.3316083,1,23,17,23,29,340000
"2020-01-23 17:23:32.71",17917,100956,6.859,12.31,87,24.418,94,19.878,1,11,0.7,3.7,0.49,0.4069666,0.3313,1,23,17,23,32,30000
"2020-01-23 17:23:35.32",17918,100957,6.41,12.3,87,24.4189,94,19.8572,1,11,0.7,3.6,0.46,0.4069816,0.3309533,1,23,17,23,34,640000
"2020-01-23 17:23:38.06",17919,100958,6.634,12.31,87,24.4201,94,19.8245,1,11,0.7,3.6,0.47,0.4070016,0.3304083,1,23,17,23,37,380000
"2020-01-23 17:23:40.82",17920,100959,6.634,12.31,87,24.4213,94,19.7951,1,11,0.7,3.5,0.47,0.4070217,0.3299183,1,23,17,23,40,140000
"2020-01-23 17:23:43.59",17921,100960,6.747,12.31,87,24.4223,94,19.7726,1,11,0.7,3.8,0.48,0.4070383,0.3295433,1,23,17,23,42,910000
"2020-01-23 17:23:46.24",17922,100961,11.01,12.3,87,24.4231,94,19.7568,1,11,0.7,3.8,0.76,0.4070516,0.32928,1,23,17,23,45,560000
"2020-01-23 17:23:48.83",17923,100962,10.68,12.3,87,24.4244,94,19.7284,1,11,0.7,3.2,0.73,0.4070734,0.3288067,1,23,17,23,48,150000
"2020-01-23 17:23:51.55",17924,100963,16.06,12.29,87,24.4256,94,19.6951,1,11,0.7,3.1,1.087,0.4070934,0.3282517,1,23,17,23,50,870000
"2020-01-23 17:23:54.35",17925,100964,33.97,12.3,87,24.4264,94,19.6757,1,11,0.7,3.1,2.258,0.4071067,0.3279283,1,23,17,23,53,670000
"2020-01-23 17:23:57.77",17926,100965,16.18,12.3,87,24.4277,94,19.6558,1,11,0.7,3.4,1.094,0.4071283,0.3275967,1,23,17,23,57,90000
"2020-01-23 17:24:02.17",17927,100966,19.99,12.29,87,24.4289,94,19.6405,1,11,0.7,3.6,1.344,0.4071483,0.3273416,1,23,17,24,1,490000
"2020-01-23 17:24:06.08",17928,100967,28.19,12.3,87,24.4303,94,19.6155,1,11,0.7,3.4,1.88,0.4071717,0.326925,1,23,17,24,5,400000
"2020-01-23 17:24:11.77",17929,100968,19.21,12.3,87,24.4321,94,19.5849,1,11,0.7,3.4,1.292,0.4072017,0.326415,1,23,17,24,11,90000
"2020-01-23 17:24:16.3",17930,100969,10.56,12.29,87,24.4333,94,19.5649,1,11,0.7,3.3,0.73,0.4072217,0.3260817,1,23,17,24,15,620000
"2020-01-23 17:24:21.56",17931,100970,4.838,12.29,87,24.4352,94,19.5417,1,11,0.7,2.9,0.35,0.4072533,0.325695,1,23,17,24,20,880000
"2020-01-23 17:24:27.09",17932,100971,9.67,12.29,87,24.4369,94,19.5225,1,11,0.8,2.9,0.67,0.4072817,0.325375,1,23,17,24,26,410000
"2020-01-23 17:24:32.62",17933,100972,20.11,12.29,87,24.4388,94,19.4979,1,11,0.7,2.8,1.351,0.4073134,0.324965,1,23,17,24,31,940000
"2020-01-23 17:24:37.14",17934,100973,8.15,12.3,87,24.4398,94,19.4838,1,11,0.7,2.6,0.57,0.40733,0.32473,1,23,17,24,36,460000
"2020-01-23 17:24:40.92",17935,100974,4.165,12.3,87,24.4414,94,19.4663,1,11,0.7,2.4,0.31,0.4073567,0.3244383,1,23,17,24,40,240000
"2020-01-23 17:24:43.73",17936,100975,4.502,12.3,87,24.4426,94,19.4483,1,11,0.7,2.3,0.33,0.4073767,0.3241383,1,23,17,24,43,50000
"2020-01-23 17:24:46.78",17937,100976,5.063,12.3,87,24.4441,94,19.4295,1,11,0.7,2.2,0.37,0.4074016,0.323825,1,23,17,24,46,100000
"2020-01-23 17:24:51.07",17938,100977,5.287,12.3,87,24.4458,94,19.4008,1,11,0.7,2,0.38,0.40743,0.3233467,1,23,17,24,50,390000
"2020-01-23 17:24:55.22",17939,100978,4.221,12.29,87,24.4471,94,19.3833,1,11,0.7,2.5,0.31,0.4074516,0.323055,1,23,17,24,54,540000
"2020-01-23 17:25:00.95",17940,100979,5.512,12.3,87,24.4492,94,19.3384,1,11,0.7,2,0.40,0.4074866,0.3223067,1,23,17,25,0,270000
"2020-01-23 17:25:03.55",17941,100980,4.277,12.29,87,24.4504,94,19.316,1,11,0.7,1.8,0.32,0.4075066,0.3219333,1,23,17,25,2,870000
"2020-01-23 17:25:06.28",17942,100981,12.25,12.3,87,24.4513,94,19.3043,1,11,0.7,1.7,0.84,0.4075217,0.3217383,1,23,17,25,5,600000
"2020-01-23 17:25:08.99",17943,100982,6.298,12.29,87,24.4524,94,19.2807,1,11,0.7,1.1,0.45,0.40754,0.321345,1,23,17,25,8,310000
"2020-01-23 17:25:11.83",17944,100983,5.849,12.3,87,24.4537,94,19.2579,1,11,0.7,0.9,0.42,0.4075616,0.320965,1,23,17,25,11,150000
"2020-01-23 17:25:14.5",17945,100984,6.634,12.29,87,24.455,94,19.2313,1,11,0.7,0.8,0.47,0.4075833,0.3205217,1,23,17,25,13,810000
"2020-01-23 17:25:17.14",17946,100985,5.905,12.3,87,24.4559,94,19.2163,1,11,0.7,0.9,0.42,0.4075984,0.3202716,1,23,17,25,16,460000
"2020-01-23 17:25:19.9",17947,100986,6.522,12.3,87,24.4572,94,19.194,1,11,0.7,1.5,0.46,0.40762,0.3199,1,23,17,25,19,220000
"2020-01-23 17:25:22.62",17948,100987,5.905,12.29,87,24.4581,94,19.1674,1,11,0.7,1.1,0.42,0.407635,0.3194567,1,23,17,25,21,940000
"2020-01-23 17:25:26.86",17949,100988,4.951,12.29,87,24.4598,94,19.1337,1,11,0.7,1,0.36,0.4076634,0.318895,1,23,17,25,26,180000
"2020-01-23 17:25:31.05",17950,100989,4.502,12.29,87,24.4605,94,19.1131,1,11,0.7,0.8,0.33,0.407675,0.3185517,1,23,17,25,30,370000
"2020-01-23 17:25:33.84",17951,100990,8.43,12.29,87,24.4614,94,19.0999,1,11,0.8,1.9,0.59,0.40769,0.3183317,1,23,17,25,33,160000
"2020-01-23 17:25:36.62",17952,100991,11.69,12.3,87,24.4626,94,19.0702,1,11,0.7,0.7,0.8,0.40771,0.3178367,1,23,17,25,35,940000
"2020-01-23 17:25:39.37",17953,100992,12.14,12.3,87,24.4636,94,19.0494,1,11,0.7,0.4,0.83,0.4077267,0.31749,1,23,17,25,38,690000
"2020-01-23 17:25:42.21",17954,100993,10,12.29,87,24.4649,94,19.0246,1,11,0.7,0.3,0.69,0.4077483,0.3170767,1,23,17,25,41,530000
"2020-01-23 17:25:45.05",17955,100994,9.44,12.29,87,24.4661,94,19.0019,1,11,0.7,0.3,0.65,0.4077683,0.3166983,1,23,17,25,44,370000
"2020-01-23 17:25:47.97",17956,100995,11.85,12.29,87,24.4671,94,18.9875,1,11,0.8,1.6,0.81,0.407785,0.3164583,1,23,17,25,47,290000
"2020-01-23 17:25:50.64",17957,100996,18.31,12.29,87,24.4682,94,18.9606,1,11,0.7,1.5,1.233,0.4078034,0.31601,1,23,17,25,49,960000
"2020-01-23 17:25:53.35",17958,100997,17.58,12.3,87,24.469,94,18.9409,1,11,0.7,1.4,1.186,0.4078167,0.3156817,1,23,17,25,52,670000
"2020-01-23 17:25:56.23",17959,100998,10.79,12.29,87,24.47,94,18.9121,1,11,0.7,1.2,0.74,0.4078333,0.3152017,1,23,17,25,55,550000
"2020-01-23 17:25:59.12",17960,100999,8.99,12.29,87,24.4709,94,18.8827,1,11,0.7,1.2,0.62,0.4078483,0.3147117,1,23,17,25,58,440000
"2020-01-23 17:26:01.92",17961,101000,4.951,12.3,87,24.4713,94,18.8507,1,11,0.7,1.3,0.36,0.407855,0.3141783,1,23,17,26,1,240000
"2020-01-23 17:26:04.72",17962,101001,5.736,12.29,87,24.4721,94,18.8166,1,11,0.7,1.3,0.41,0.4078683,0.31361,1,23,17,26,4,40000
"2020-01-23 17:26:07.37",17963,101002,5.961,12.29,87,24.4726,94,18.7942,1,11,0.7,1.2,0.43,0.4078767,0.3132367,1,23,17,26,6,690000
"2020-01-23 17:26:10.1",17964,101003,5.736,12.29,87,24.4735,94,18.76,1,11,0.7,1.1,0.41,0.4078917,0.3126667,1,23,17,26,9,420000
"2020-01-23 17:26:12.77",17965,101004,5.905,12.29,87,24.4745,94,18.7257,1,11,0.7,1,0.42,0.4079084,0.312095,1,23,17,26,12,90000
"2020-01-23 17:26:15.54",17966,101005,5.624,12.3,87,24.4755,94,18.6921,1,11,0.7,0.6,0.40,0.407925,0.311535,1,23,17,26,14,860000
"2020-01-23 17:26:18.29",17967,101006,6.41,12.29,87,24.4763,94,18.6691,1,11,0.7,0.1,0.46,0.4079383,0.3111517,1,23,17,26,17,610000
"2020-01-23 17:26:21.95",17968,101007,5.905,12.29,87,24.4779,94,18.6274,1,11,0.7,0.1,0.42,0.407965,0.3104567,1,23,17,26,21,270000
"2020-01-23 17:26:28.59",17969,101008,6.298,12.3,87,24.48,94,18.5765,1,11,0.8,1.4,0.45,0.408,0.3096083,1,23,17,26,27,910000
"2020-01-23 17:26:32.09",17970,101009,8.66,12.29,87,24.4812,94,18.5452,1,11,0.7,1.3,0.60,0.40802,0.3090867,1,23,17,26,31,410000
"2020-01-23 17:26:34.62",17971,101010,9.22,12.29,87,24.4823,94,18.5131,1,11,0.7,1.2,0.64,0.4080383,0.3085517,1,23,17,26,33,940000
"2020-01-23 17:26:37.2",17972,101011,7.196,12.29,87,24.483,94,18.491,1,11,0.7,1.1,0.51,0.40805,0.3081833,1,23,17,26,36,520000
"2020-01-23 17:26:39.9",17973,101012,6.803,12.29,87,24.4841,94,18.4568,1,11,0.7,0.9,0.48,0.4080683,0.3076133,1,23,17,26,39,220000
"2020-01-23 17:26:42.51",17974,101013,8.37,12.29,87,24.4848,94,18.4341,1,11,0.7,0.8,0.58,0.40808,0.307235,1,23,17,26,41,830000
"2020-01-23 17:26:44.58",17975,101014,9.5,12.29,87,24.486,94,18.3974,1,11,0.7,0,0.66,0.4081,0.3066233,1,23,17,26,43,900000
"2020-01-23 17:26:47.11",17976,101015,9.44,12.29,87,24.4868,94,18.3737,1,11,0.7,-0.2,0.65,0.4081133,0.3062283,1,23,17,26,46,430000
"2020-01-23 17:26:49.84",17977,101016,7.420,12.29,87,24.4878,94,18.3426,1,11,0.7,-0.1,0.52,0.40813,0.30571,1,23,17,26,49,160000
"2020-01-23 17:26:52.1",17978,101017,6.747,12.29,87,24.4886,94,18.3235,1,11,0.7,-0.2,0.48,0.4081434,0.3053917,1,23,17,26,51,420000
"2020-01-23 17:26:54.66",17979,101018,6.634,12.29,87,24.4895,94,18.2964,1,11,0.7,0.2,0.47,0.4081583,0.30494,1,23,17,26,53,980000
"2020-01-23 17:26:56.71",17980,101019,6.41,12.29,87,24.49,94,18.2827,1,11,0.7,0.5,0.46,0.4081667,0.3047117,1,23,17,26,56,30000
"2020-01-23 17:26:58.74",17981,101020,9.22,12.29,87,24.4908,94,18.2581,1,11,0.7,0.5,0.64,0.40818,0.3043017,1,23,17,26,58,60000
"2020-01-23 17:27:00.71",17982,101021,12.47,12.29,87,24.4915,94,18.2317,1,11,0.7,0.5,0.85,0.4081917,0.3038617,1,23,17,27,0,30000
"2020-01-23 17:27:02.9",17983,101022,16.74,12.29,87,24.4923,94,18.2092,1,11,0.7,0.5,1.131,0.408205,0.3034867,1,23,17,27,2,220000
"2020-01-23 17:27:05.51",17984,101023,13.2,12.29,87,24.493,94,18.1882,1,11,0.7,0.5,0.90,0.4082166,0.3031367,1,23,17,27,4,830000
"2020-01-23 17:27:08.13",17985,101024,8.77,12.29,87,24.494,94,18.1567,1,11,0.7,0.4,0.61,0.4082333,0.3026117,1,23,17,27,7.000,450000
"2020-01-23 17:27:10.67",17986,101025,8.66,12.29,87,24.495,94,18.1299,1,11,0.7,1.4,0.60,0.40825,0.302165,1,23,17,27,9,990000
"2020-01-23 17:27:13.3",17987,101026,6.466,12.29,87,24.4956,94,18.107,1,11,0.7,1.3,0.46,0.40826,0.3017834,1,23,17,27,12,620000
"2020-01-23 17:27:15.95",17988,101027,6.41,12.29,87,24.4968,94,18.0718,1,11,0.7,1.1,0.46,0.40828,0.3011967,1,23,17,27,15,270000
"2020-01-23 17:27:18.56",17989,101028,8.66,12.29,87,24.4979,94,18.0342,1,11,0.7,1,0.60,0.4082984,0.30057,1,23,17,27,17,880000
"2020-01-23 17:27:21.13",17990,101029,8.15,12.29,87,24.4987,94,18.0111,1,11,0.7,0.9,0.57,0.4083117,0.300185,1,23,17,27,20,450000
"2020-01-23 17:27:23.78",17991,101030,8.60,12.29,87,24.5,94,17.9735,1,11,0.7,0.9,0.60,0.4083333,0.2995583,1,23,17,27,23,100000
"2020-01-23 17:27:28.04",17992,101031,8.32,12.29,87,24.5015,94,17.9283,1,11,0.7,1.4,0.58,0.4083583,0.298805,1,23,17,27,27,360000
"2020-01-23 17:27:31.79",17993,101032,8.54,12.29,87,24.5024,94,17.8968,1,11,0.7,1.3,0.60,0.4083733,0.29828,1,23,17,27,31,110000
"2020-01-23 17:27:34.38",17994,101033,6.41,12.29,87,24.503,94,17.8751,1,11,0.7,1.3,0.46,0.4083833,0.2979183,1,23,17,27,33,700000
"2020-01-23 17:27:36.9",17995,101034,5.905,12.29,87,24.504,94,17.8428,1,11,0.7,1.2,0.42,0.4084,0.29738,1,23,17,27,36,220000
"2020-01-23 17:27:39.57",17996,101035,6.298,12.29,87,24.5051,94,17.808,1,11,0.7,1,0.45,0.4084183,0.2968,1,23,17,27,38,890000
"2020-01-23 17:27:42.21",17997,101036,11.12,12.29,87,24.5056,94,17.7961,1,11,0.7,2,0.76,0.4084267,0.2966017,1,23,17,27,41,530000
"2020-01-23 17:27:44.75",17998,101037,6.634,12.29,87,24.5067,94,17.7616,1,11,0.7,1.8,0.47,0.408445,0.2960267,1,23,17,27,44,70000
"2020-01-23 17:27:47.34",17999,101038,6.298,12.29,87,24.5074,94,17.739,1,11,0.7,1.7,0.45,0.4084567,0.29565,1,23,17,27,46,660000
"2020-01-23 17:27:50.02",18000,101039,6.747,12.29,87,24.5086,94,17.7051,1,12,0.7,1.6,0.48,0.4084767,0.295085,1,23,17,27,49,340000
"2020-01-23 17:27:52.71",18001,101040,7.196,12.29,87,24.5098,94,17.67,1,12,0.7,1.5,0.51,0.4084967,0.2945,1,23,17,27,52,30000
"2020-01-23 17:27:55.32",18002,101041,6.691,12.29,87,24.5105,94,17.6509,1,12,0.7,1.7,0.47,0.4085083,0.2941817,1,23,17,27,54,640000
"2020-01-23 17:27:58",18003,101042,6.747,12.29,87,24.5116,94,17.6189,1,12,0.7,1.4,0.48,0.4085267,0.2936483,1,23,17,27,57,320000
"2020-01-23 17:28:00.55",18004,101043,6.522,12.29,87,24.5127,94,17.5855,1,12,0.7,1.3,0.46,0.408545,0.2930917,1,23,17,27,59,870000
"2020-01-23 17:28:02.56",18005,101044,6.298,12.29,87,24.5134,94,17.5629,1,12,0.7,1.1,0.45,0.4085566,0.292715,1,23,17,28,1,880000
"2020-01-23 17:28:05.09",18006,101045,9.55,12.29,87,24.5142,94,17.5399,1,12,0.7,1,0.66,0.40857,0.2923317,1,23,17,28,4,410000
"2020-01-23 17:28:07.53",18007,101046,16.74,12.29,87,24.5154,94,17.5053,1,11,0.7,0.9,1.131,0.40859,0.291755,1,23,17,28,6,850000
"2020-01-23 17:28:10.14",18008,101047,18.2,12.29,87,24.5162,94,17.4815,1,11,0.7,0.8,1.226,0.4086033,0.2913584,1,23,17,28,9,460000
"2020-01-23 17:28:12.96",18009,101048,15.5,12.29,87,24.5172,94,17.4486,1,11,0.7,0.7,1.05,0.40862,0.29081,1,23,17,28,12,280000
"2020-01-23 17:28:16.37",18010,101049,9.33,12.29,87,24.5181,94,17.4233,1,11,0.7,0.5,0.65,0.408635,0.2903883,1,23,17,28,15,690000
"2020-01-23 17:28:20.2",18011,101050,7.869,12.29,87,24.5192,94,17.3866,1,11,0.7,0.4,0.55,0.4086533,0.2897767,1,23,17,28,19,520000
"2020-01-23 17:28:26.56",18012,101051,4.053,12.29,87,24.5212,94,17.316,1,11,0.7,0.3,0.30,0.4086867,0.2886,1,23,17,28,25,880000
"2020-01-23 17:28:28.96",18013,101052,5.063,12.29,87,24.5219,94,17.2976,1,11,0.7,0.2,0.37,0.4086984,0.2882933,1,23,17,28,28,280000
"2020-01-23 17:28:31.53",18014,101053,6.971,12.29,87,24.5225,94,17.2737,1,11,0.7,0.2,0.49,0.4087083,0.287895,1,23,17,28,30,850000
"2020-01-23 17:28:34.08",18015,101054,11.35,12.29,87,24.5234,94,17.2392,1,11,0.7,-0.1,0.78,0.4087233,0.28732,1,23,17,28,33,400000
"2020-01-23 17:28:36.61",18016,101055,15.5,12.29,87,24.5245,94,17.2056,1,11,0.7,0.1,1.05,0.4087416,0.28676,1,23,17,28,35,930000
"2020-01-23 17:28:38.77",18017,101056,15.45,12.29,87,24.5253,94,17.1852,1,11,0.7,0,1.046,0.408755,0.28642,1,23,17,28,38,90000
"2020-01-23 17:28:41.49",18018,101057,17.86,12.29,87,24.5259,94,17.1677,1,11,0.7,0.1,1.204,0.408765,0.2861283,1,23,17,28,40,810000
"2020-01-23 17:28:44.15",18019,101058,17.52,12.29,87,24.5269,94,17.1389,1,11,0.7,0.1,1.182,0.4087816,0.2856483,1,23,17,28,43,470000
"2020-01-23 17:28:46.91",18020,101059,9.44,12.29,87,24.5277,94,17.1102,1,11,0.7,0,0.65,0.408795,0.28517,1,23,17,28,46,230000
"2020-01-23 17:28:52.27",18021,101060,8.77,12.29,87,24.5291,94,17.0686,1,11,0.7,0.2,0.61,0.4088183,0.2844767,1,23,17,28,51,590000
"2020-01-23 17:28:56.3",18022,101061,5.063,12.29,87,24.5291,94,17.0529,1,11,0.7,0.2,0.37,0.4088183,0.284215,1,23,17,28,55,620000
"2020-01-23 17:28:59.62",18023,101062,3.716,12.29,87,24.5303,94,17.02,1,11,0.7,0.4,0.28,0.4088383,0.2836667,1,23,17,28,58,940000
"2020-01-23 17:29:02.49",18024,101063,3.491,12.29,87,24.5308,94,17.0053,1,11,0.7,0.3,0.26,0.4088467,0.2834217,1,23,17,29,1,800000
"2020-01-23 17:29:05.52",18025,101064,9.22,12.29,87,24.5315,94,16.9782,1,11,0.7,1,0.64,0.4088583,0.28297,1,23,17,29,4,830000
"2020-01-23 17:29:08.82",18026,101065,27.29,12.29,87,24.5324,94,16.9381,1,11,0.7,1.3,1.821,0.4088734,0.2823017,1,23,17,29,8,140000
"2020-01-23 17:29:13.36",18027,101066,43.17,12.29,87,24.5326,94,16.9127,1,11,0.7,1.5,2.86,0.4088767,0.2818784,1,23,17,29,12,680000
"2020-01-23 17:29:16.71",18028,101067,32.57,12.29,87,24.5327,94,16.8905,1,11,0.7,1.5,2.166,0.4088783,0.2815083,1,23,17,29,16,30000
"2020-01-23 17:29:20.82",18029,101068,33.58,12.28,87,24.5331,94,16.865,1,11,0.7,1.6,2.232,0.408885,0.2810833,1,23,17,29,20,140000
"2020-01-23 17:29:24.52",18030,101069,40.87,12.29,87,24.5333,94,16.8312,1,11,0.7,1.6,2.709,0.4088883,0.28052,1,23,17,29,23,830000
"2020-01-23 17:29:29.26",18031,101070,40.14,12.29,87,24.5332,94,16.7963,1,11,0.7,1.5,2.661,0.4088866,0.2799383,1,23,17,29,28,580000
"2020-01-23 17:29:34.76",18032,101071,26.78,12.29,87,24.533,94,16.7477,1,11,0.7,1.5,1.788,0.4088834,0.2791283,1,23,17,29,34,80000
"2020-01-23 17:29:38.54",18033,101072,27.63,12.29,87,24.5328,94,16.7137,1,11,0.7,1.6,1.843,0.40888,0.2785617,1,23,17,29,37,860000
"2020-01-23 17:29:42.12",18034,101073,42.22,12.29,87,24.5324,94,16.6859,1,11,0.7,1.6,2.797,0.4088734,0.2780983,1,23,17,29,41,440000
"2020-01-23 17:29:46.4",18035,101074,43.4,12.29,87,24.5319,94,16.6623,1,11,0.7,2.6,2.874,0.408865,0.277705,1,23,17,29,45,720000
"2020-01-23 17:29:50.67",18036,101075,50.19,12.28,87,24.5314,94,16.6147,1,11,0.7,2.4,3.319,0.4088567,0.2769117,1,23,17,29,49,990000
"2020-01-23 17:29:56.8",18037,101076,31.33,12.29,87,24.531,94,16.5742,1,11,0.7,2.2,2.085,0.40885,0.2762367,1,23,17,29,56,120000
"2020-01-23 17:30:04.57",18038,101077,68.71,12.29,87,24.5307,94,16.5208,1,11,0.7,1.6,4.53,0.408845,0.2753467,1,23,17,30,3,890000
"2020-01-23 17:30:09.48",18039,101078,69.16,12.28,87,24.5306,94,16.4986,1,11,0.7,1.6,4.559,0.4088433,0.2749767,1,23,17,30,8,800000
"2020-01-23 17:30:14.27",18040,101079,72.30,12.29,87,24.5303,94,16.4604,1,11,0.7,1.4,4.765,0.4088383,0.27434,1,23,17,30,13,590000
"2020-01-23 17:30:18.86",18041,101080,67.48,12.29,87,24.5302,94,16.4148,1,11,0.7,1.2,4.449,0.4088367,0.27358,1,23,17,30,18,180000
"2020-01-23 17:30:23.75",18042,101081,50.81,12.29,87,24.5303,94,16.3684,1,11,0.7,1.1,3.359,0.4088383,0.2728067,1,23,17,30,23,70000
"2020-01-23 17:30:28.91",18043,101082,38.63,12.29,87,24.5301,94,16.3214,1,11,0.7,0.7,2.562,0.408835,0.2720233,1,23,17,30,28,230000
"2020-01-23 17:30:33.04",18044,101083,33.8,12.29,87,24.5296,94,16.2808,1,11,0.7,0.2,2.247,0.4088267,0.2713467,1,23,17,30,32,360000
"2020-01-23 17:30:38.61",18045,101084,29.25,12.29,87,24.5291,94,16.2431,1,11,0.7,0.1,1.949,0.4088183,0.2707183,1,23,17,30,37,930000
"2020-01-23 17:30:42.88",18046,101085,22.01,12.29,87,24.5286,94,16.2161,1,11,0.7,-0.5,1.476,0.40881,0.2702684,1,23,17,30,42,200000
"2020-01-23 17:30:46.75",18047,101086,14.72,12.29,87,24.5279,94,16.1776,1,11,0.7,-0.9,1.00,0.4087983,0.2696267,1,23,17,30,46,70000
"2020-01-23 17:30:50.04",18048,101087,13.82,12.28,87,24.5272,94,16.1518,1,11,0.7,-0.8,0.94,0.4087867,0.2691967,1,23,17,30,49,360000
"2020-01-23 17:30:54.14",18049,101088,18.25,12.29,87,24.5262,94,16.1186,1,11,0.7,-0.6,1.23,0.40877,0.2686433,1,23,17,30,53,460000
"2020-01-23 17:30:58.12",18050,101089,19.99,12.29,87,24.5252,94,16.09,1,11,0.7,-0.3,1.344,0.4087533,0.2681667,1,23,17,30,57,440000
"2020-01-23 17:31:02.3",18051,101090,21.28,12.29,87,24.524,94,16.0579,1,11,0.7,-0.2,1.428,0.4087333,0.2676316,1,23,17,31,1,620000
"2020-01-23 17:31:07.77",18052,101091,30.88,12.29,87,24.5228,94,16.0215,1,11,0.7,0.1,2.056,0.4087134,0.267025,1,23,17,31,7.000,90000
"2020-01-23 17:31:12.57",18053,101092,31.78,12.28,87,24.5222,94,15.9943,1,11,0.7,0.3,2.114,0.4087033,0.2665717,1,23,17,31,11,890000
"2020-01-23 17:31:24.03",18054,101093,8.88,12.28,87,24.5208,94,15.8943,1,11,0.7,0.6,0.62,0.40868,0.264905,1,23,17,31,23,350000
"2020-01-23 17:31:35.56",18055,101094,1.358,12.28,87,24.5212,94,15.7909,1,11,0.7,0.5,0.13,0.4086867,0.2631817,1,23,17,31,34,880000
"2020-01-23 17:32:41.31",18056,101095,6.242,12.28,87,24.5138,94,15.6488,1,11,0.7,0.8,0.44,0.4085633,0.2608133,1,23,17,32,40,630000
"2020-01-23 17:32:52.67",18057,101096,7.645,12.29,87,24.5118,94,15.6445,1,11,0.7,1.2,0.54,0.40853,0.2607417,1,23,17,32,51,990000
"2020-01-23 17:32:57.95",18058,101097,15.73,12.28,87,24.5098,94,15.647,1,11,0.7,1.6,1.065,0.4084967,0.2607833,1,23,17,32,57,270000
"2020-01-23 17:33:00.87",18059,101098,7.869,12.29,87,24.5086,94,15.651,1,11,0.7,1.9,0.55,0.4084767,0.26085,1,23,17,33,0,190000
"2020-01-23 17:33:03.5",18060,101099,6.747,12.29,87,24.5076,94,15.6472,1,11,0.7,1.7,0.48,0.40846,0.2607867,1,23,17,33,2,820000
"2020-01-23 17:33:08.76",18061,101100,6.522,12.28,87,24.5046,94,15.6206,1,11,0.7,1.3,0.46,0.40841,0.2603433,1,23,17,33,8,80000
"2020-01-23 17:33:15.05",18062,101101,6.185,12.28,87,24.5023,94,15.5804,1,11,0.7,1.4,0.44,0.4083716,0.2596733,1,23,17,33,14,370000
"2020-01-23 17:33:17.75",18063,101102,6.073,12.28,87,24.501,94,15.5652,1,11,0.7,1.8,0.43,0.40835,0.25942,1,23,17,33,17,70000
"2020-01-23 17:33:20.34",18064,101103,6.185,12.28,87,24.5001,94,15.5474,1,11,0.7,1.8,0.44,0.408335,0.2591234,1,23,17,33,19,660000
"2020-01-23 17:33:22.6",18065,101104,6.691,12.28,87,24.4988,94,15.521,1,11,0.7,1.6,0.47,0.4083133,0.2586833,1,23,17,33,21,920000
"2020-01-23 17:33:24.55",18066,101105,6.073,12.28,87,24.4979,94,15.5017,1,11,0.7,1.6,0.43,0.4082984,0.2583617,1,23,17,33,23,870000
"2020-01-23 17:33:29.84",18067,101106,6.747,12.28,87,24.4964,94,15.4659,1,11,0.7,1.7,0.48,0.4082733,0.257765,1,23,17,33,29,160000
"2020-01-23 17:33:31.84",18068,101107,6.242,12.29,87,24.4958,94,15.4481,1,11,0.7,1.7,0.44,0.4082633,0.2574683,1,23,17,33,31,160000
"2020-01-23 17:33:33.94",18069,101108,7.196,12.29,87,24.4952,94,15.4258,1,11,0.7,1.7,0.51,0.4082533,0.2570967,1,23,17,33,33,260000
"2020-01-23 17:33:35.9",18070,101109,6.466,12.28,87,24.4946,94,15.402,1,11,0.7,1.8,0.46,0.4082433,0.2567,1,23,17,33,35,220000
"2020-01-23 17:33:38.13",18071,101110,7.308,12.28,87,24.4943,94,15.3781,1,11,0.7,1.8,0.51,0.4082384,0.2563017,1,23,17,33,37,450000
"2020-01-23 17:33:40.18",18072,101111,7.027,12.28,87,24.4941,94,15.3513,1,11,0.7,1.7,0.50,0.408235,0.255855,1,23,17,33,39,500000
"2020-01-23 17:33:42.39",18073,101112,6.859,12.28,87,24.4942,94,15.3253,1,11,0.7,1.7,0.49,0.4082366,0.2554217,1,23,17,33,41,710000
"2020-01-23 17:33:45.01",18074,101113,6.859,12.28,87,24.4942,94,15.2869,1,11,0.7,1.7,0.49,0.4082366,0.2547817,1,23,17,33,44,330000
"2020-01-23 17:33:47.64",18075,101114,6.859,12.28,87,24.494,94,15.2472,1,11,0.7,1.9,0.49,0.4082333,0.25412,1,23,17,33,46,960000
"2020-01-23 17:33:50.3",18076,101115,6.073,12.28,87,24.4939,94,15.2211,1,11,0.7,2.1,0.43,0.4082317,0.253685,1,23,17,33,49,620000
"2020-01-23 17:33:53.07",18077,101116,7.533,12.29,87,24.4938,94,15.1825,1,11,0.7,2,0.53,0.40823,0.2530417,1,23,17,33,52,390000
"2020-01-23 17:33:55.76",18078,101117,5.063,12.28,87,24.4938,94,15.1459,1,11,0.7,1.8,0.37,0.40823,0.2524317,1,23,17,33,55,80000
"2020-01-23 17:33:58.26",18079,101118,10.11,12.28,87,24.4939,94,15.1189,1,11,0.7,1.7,0.70,0.4082317,0.2519817,1,23,17,33,57,580000
"2020-01-23 17:34:01",18080,101119,7.14,12.28,87,24.4943,94,15.0796,1,11,0.7,1.7,0.50,0.4082384,0.2513267,1,23,17,34,0,320000
"2020-01-23 17:34:03.66",18081,101120,11.12,12.28,87,24.4947,94,15.0432,1,11,0.7,1.5,0.76,0.408245,0.25072,1,23,17,34,2,980000
"2020-01-23 17:34:06.38",18082,101121,8.66,12.28,87,24.495,94,15.0213,1,11,0.7,1.4,0.60,0.40825,0.250355,1,23,17,34,5,700000
"2020-01-23 17:34:09.02",18083,101122,5.624,12.28,87,24.4955,94,14.9813,1,11,0.7,1.3,0.40,0.4082584,0.2496883,1,23,17,34,8,340000
"2020-01-23 17:34:11.63",18084,101123,4.614,12.28,87,24.4959,94,14.9414,1,11,0.7,1.1,0.34,0.408265,0.2490233,1,23,17,34,10,950000
"2020-01-23 17:34:14.15",18085,101124,3.996,12.28,87,24.4964,94,14.9152,1,11,0.7,0.9,0.30,0.4082733,0.2485867,1,23,17,34,13,470000
"2020-01-23 17:34:16.95",18086,101125,4.502,12.28,87,24.4968,94,14.8758,1,11,0.7,0.8,0.33,0.40828,0.24793,1,23,17,34,16,270000
"2020-01-23 17:34:19.55",18087,101126,3.828,12.28,87,24.4974,94,14.8413,1,11,0.7,0.6,0.29,0.40829,0.247355,1,23,17,34,18,860000
"2020-01-23 17:34:22.22",18088,101127,5.456,12.28,87,24.498,94,14.8198,1,11,0.7,0.7,0.39,0.4083,0.2469967,1,23,17,34,21,540000
"2020-01-23 17:34:24.9",18089,101128,4.445,12.28,87,24.4987,94,14.7901,1,11,0.7,0.4,0.33,0.4083117,0.2465017,1,23,17,34,24,220000
"2020-01-23 17:34:27.62",18090,101129,5.624,12.28,87,24.4991,94,14.7527,1,11,0.7,0.4,0.40,0.4083184,0.2458783,1,23,17,34,26,940000
"2020-01-23 17:34:30.98",18091,101130,18.08,12.28,87,24.4991,94,14.7166,1,11,0.7,0.9,1.219,0.4083184,0.2452767,1,23,17,34,30,300000
"2020-01-23 17:34:34.51",18092,101131,17.92,12.29,87,24.4991,94,14.6817,1,11,0.7,0.8,1.208,0.4083184,0.244695,1,23,17,34,33,830000
