"TOA5","35279","CR800","35279","CR800.Std.27.04","CPU:AWI_V2.1_Anja.CR8","15615","OperatorView"
"TIMESTAMP","RECORD","Counter","DepthCm","BattVolts","latitude_a","latitude_b","Longitude_a","Longitude_b","fix_quality","nmbr_satellites","HDOP","altitudeB","DepthVolts","LatitudeDDDDD","LongitudeDDDDD","month","dayofmonth","hourofday","minutes","seconds","microseconds"
"TS","RN","","","","degrees","minutes","degrees","minutes","unitless","","","","","","","","","","","",""
"","","Smp","Smp","Smp","Smp","Smp","Smp","Smp","Smp","Smp","Smp","Smp","Smp","Smp","Smp","Smp","Smp","Smp","Smp","Smp","Smp"
"2020-01-23 15:19:49.89",16962,100001,6.635,13.2,87,23.3392,94,57.6342,1,6,1.1,1.9,0.47,0.3889866,0.96057,1,23,15,30,24,530000
"2020-01-23 15:30:45.85",16963,100002,7.477,13.2,87,23.343,94,57.5018,1,9,0.8,0.2,0.53,0.38905,0.9583634,1,23,15,30,45,170000
"2020-01-23 15:30:51.59",16964,100003,10.9,13.2,87,23.3438,94,57.4335,1,9,0.8,-0.1,0.75,0.3890633,0.957225,1,23,15,30,50,910000
"2020-01-23 15:30:57.06",16965,100004,4.614,13.2,87,23.3448,94,57.3827,1,9,0.8,0.3,0.34,0.38908,0.9563783,1,23,15,30,56,380000
"2020-01-23 15:31:02.88",16966,100005,2.874,13.19,87,23.3456,94,57.3077,1,9,0.8,0.2,0.22,0.3890933,0.9551284,1,23,15,31,2,200000
"2020-01-23 15:31:09.04",16967,100006,10.68,13.19,87,23.3465,94,57.2299,1,9,0.8,-0.3,0.73,0.3891083,0.9538317,1,23,15,31,8,360000
"2020-01-23 15:31:15.2",16968,100007,13.2,13.19,87,23.3473,94,57.1607,1,9,0.8,0.2,0.90,0.3891216,0.9526784,1,23,15,31,14,520000
"2020-01-23 15:31:20.73",16969,100008,15.5,13.19,87,23.3487,94,57.0868,1,9,0.8,1.4,1.05,0.389145,0.9514466,1,23,15,31,20,50000
"2020-01-23 15:31:25.93",16970,100009,22.13,13.19,87,23.3496,94,57.0366,1,9,0.8,1.4,1.483,0.38916,0.95061,1,23,15,31,25,250000
"2020-01-23 15:31:32.5",16971,100010,20.11,13.19,87,23.351,94,56.9716,1,9,0.8,2,1.351,0.3891834,0.9495266,1,23,15,31,31,820000
"2020-01-23 15:31:38.4",16972,100011,11.07,13.18,87,23.352,94,56.92,1,9,0.8,2.2,0.76,0.3892,0.9486666,1,23,15,31,37,720000
"2020-01-23 15:31:45.25",16973,100012,27.85,13.18,87,23.3529,94,56.8236,1,9,0.8,2.6,1.858,0.389215,0.94706,1,23,15,31,44,570000
"2020-01-23 15:31:53.39",16974,100013,24.43,13.18,87,23.3531,94,56.7196,1,9,0.8,2.2,1.634,0.3892183,0.9453267,1,23,15,31,52,710000
"2020-01-23 15:32:01.66",16975,100014,16.85,13.17,87,23.3539,94,56.5997,1,9,0.8,1.9,1.138,0.3892317,0.9433283,1,23,15,32,0,980000
"2020-01-23 15:32:09.56",16976,100015,39.19,13.17,87,23.3553,94,56.5084,1,9,0.8,1.6,2.599,0.389255,0.9418066,1,23,15,32,8,880000
"2020-01-23 15:32:16.9",16977,100016,36.83,13.16,87,23.3565,94,56.4475,1,9,0.8,1.4,2.445,0.389275,0.9407917,1,23,15,32,16,220000
"2020-01-23 15:32:24.56",16978,100017,10.73,13.16,87,23.358,94,56.3497,1,9,0.8,0.9,0.74,0.3893,0.9391617,1,23,15,32,23,880000
"2020-01-23 15:32:33.11",16979,100018,24.26,13.16,87,23.3593,94,56.2529,1,9,0.8,0.9,1.623,0.3893217,0.9375483,1,23,15,32,32,430000
"2020-01-23 15:32:40.97",16980,100019,6.242,13.16,87,23.3608,94,56.156,1,9,0.8,0.5,0.44,0.3893466,0.9359333,1,23,15,32,40,290000
"2020-01-23 15:32:48.25",16981,100020,6.41,13.16,87,23.362,94,56.0634,1,9,0.8,0.5,0.46,0.3893666,0.93439,1,23,15,32,47,570000
"2020-01-23 15:32:57.08",16982,100021,9.67,13.15,87,23.3643,94,55.9444,1,9,0.8,0.4,0.67,0.389405,0.9324066,1,23,15,32,56,400000
"2020-01-23 15:33:04.82",16983,100022,4.502,13.15,87,23.3657,94,55.8584,1,9,0.8,0.4,0.33,0.3894283,0.9309733,1,23,15,33,4,140000
"2020-01-23 15:33:14.07",16984,100023,5.175,13.15,87,23.3676,94,55.7465,1,9,0.8,0.3,0.37,0.38946,0.9291083,1,23,15,33,13,390000
"2020-01-23 15:33:21.93",16985,100024,6.354,13.14,87,23.3694,94,55.6421,1,9,0.8,0.1,0.45,0.38949,0.9273683,1,23,15,33,21,250000
"2020-01-23 15:33:33.22",16986,100025,5.905,13.14,87,23.3708,94,55.5432,1,9,0.8,0.5,0.42,0.3895134,0.92572,1,23,15,33,32,540000
"2020-01-23 15:33:40.31",16987,100026,4.165,13.13,87,23.3724,94,55.4604,1,9,0.8,0.8,0.31,0.38954,0.92434,1,23,15,33,39,630000
"2020-01-23 15:33:47.36",16988,100027,3.435,13.14,87,23.3742,94,55.3613,1,9,0.8,0.9,0.26,0.38957,0.9226884,1,23,15,33,46,680000
"2020-01-23 15:33:56.34",16989,100028,4.165,13.13,87,23.3768,94,55.2351,1,9,0.8,0.8,0.31,0.3896133,0.920585,1,23,15,33,55,660000
"2020-01-23 15:34:03.37",16990,100029,14.94,13.12,87,23.3787,94,55.1517,1,9,0.8,0.8,1.013,0.389645,0.919195,1,23,15,34,2,690000
"2020-01-23 15:34:11.72",16991,100030,3.099,13.12,87,23.3808,94,55.051,1,9,0.8,2.8,0.24,0.38968,0.9175166,1,23,15,34,11,40000
"2020-01-23 15:34:20.37",16992,100031,2.986,13.12,87,23.3829,94,54.9411,1,9,0.8,3.4,0.23,0.389715,0.915685,1,23,15,34,19,680000
"2020-01-23 15:34:27.34",16993,100032,8.54,13.12,87,23.3849,94,54.847,1,9,0.8,3.8,0.60,0.3897483,0.9141167,1,23,15,34,26,660000
"2020-01-23 15:34:35.42",16994,100033,23.19,13.11,87,23.3871,94,54.7624,1,10,0.8,4.1,1.553,0.389785,0.9127066,1,23,15,34,34,740000
"2020-01-23 15:34:44.44",16995,100034,12.75,13.11,87,23.3893,94,54.6593,1,10,0.8,4.1,0.87,0.3898216,0.9109884,1,23,15,34,43,760000
"2020-01-23 15:34:51.89",16996,100035,4.783,13.11,87,23.3912,94,54.5629,1,10,0.8,4.3,0.35,0.3898533,0.9093817,1,23,15,34,51,210000
"2020-01-23 15:34:59.1",16997,100036,11.35,13.11,87,23.393,94,54.4727,1,10,0.8,4.2,0.78,0.3898833,0.9078782,1,23,15,34,58,420000
"2020-01-23 15:35:07.65",16998,100037,9.67,13.1,87,23.3951,94,54.3668,1,10,0.8,4.5,0.67,0.3899183,0.9061134,1,23,15,35,6,970000
"2020-01-23 15:35:15.59",16999,100038,7.87,13.1,87,23.3968,94,54.2627,1,10,0.8,4.6,0.55,0.3899466,0.9043783,1,23,15,35,14,910000
"2020-01-23 15:35:23.02",17000,100039,4.839,13.1,87,23.3983,94,54.1752,1,10,0.8,4.6,0.35,0.3899717,0.90292,1,23,15,35,22,340000
"2020-01-23 15:35:30.41",17001,100040,6.86,13.09,87,23.4002,94,54.0768,1,10,0.8,4.6,0.49,0.3900033,0.9012801,1,23,15,35,29,730000
"2020-01-23 15:35:38.18",17002,100041,5.681,13.09,87,23.402,94,53.9817,1,10,0.8,4.7,0.41,0.3900333,0.899695,1,23,15,35,37,500000
"2020-01-23 15:35:46.56",17003,100042,7.421,13.09,87,23.4041,94,53.8691,1,10,0.8,4.6,0.52,0.3900684,0.8978183,1,23,15,35,45,880000
"2020-01-23 15:35:54.3",17004,100043,14.55,13.09,87,23.4055,94,53.7877,1,10,0.8,4.8,0.99,0.3900917,0.8964617,1,23,15,35,53,620000
"2020-01-23 15:36:01.14",17005,100044,12.25,13.09,87,23.4064,94,53.7131,1,10,0.8,4.9,0.84,0.3901067,0.8952183,1,23,15,36,0,460000
"2020-01-23 15:36:09",17006,100045,10.06,13.09,87,23.4083,94,53.6284,1,10,0.8,4.7,0.69,0.3901383,0.8938066,1,23,15,36,8,310000
"2020-01-23 15:36:15.84",17007,100046,8.66,13.08,87,23.4097,94,53.543,1,10,0.8,4.7,0.60,0.3901617,0.8923834,1,23,15,36,15,160000
"2020-01-23 15:36:24.03",17008,100047,15.73,13.08,87,23.4114,94,53.4472,1,10,0.8,4.6,1.065,0.39019,0.8907867,1,23,15,36,23,350000
"2020-01-23 15:36:32.45",17009,100048,7.477,13.08,87,23.413,94,53.3519,1,10,0.8,4.5,0.53,0.3902167,0.8891983,1,23,15,36,31,770000
"2020-01-23 15:36:39.67",17010,100049,8.21,13.07,87,23.4148,94,53.2493,1,10,0.8,3.9,0.57,0.3902467,0.8874883,1,23,15,36,38,990000
"2020-01-23 15:36:49.65",17011,100050,7.87,13.08,87,23.4182,94,53.2476,1,10,0.8,4.4,0.55,0.3903033,0.88746,1,23,15,36,48,970000
"2020-01-23 15:36:59.55",17012,100051,7.309,13.07,87,23.4225,94,53.2716,1,10,0.8,4.5,0.51,0.390375,0.88786,1,23,15,36,58,870000
"2020-01-23 15:37:07.56",17013,100052,6.635,13.06,87,23.4264,94,53.2885,1,10,0.8,4.7,0.47,0.39044,0.8881417,1,23,15,37,6,880000
"2020-01-23 15:37:14.89",17014,100053,15.28,13.06,87,23.4299,94,53.2988,1,11,0.7,4.5,1.035,0.3904983,0.8883134,1,23,15,37,14,210000
"2020-01-23 15:37:21.93",17015,100054,16.96,13.06,87,23.4338,94,53.2918,1,11,0.7,4.5,1.145,0.3905633,0.8881967,1,23,15,37,21,250000
"2020-01-23 15:37:28.95",17016,100055,11.29,13.06,87,23.4375,94,53.2811,1,11,0.7,4.1,0.78,0.390625,0.8880184,1,23,15,37,28,270000
"2020-01-23 15:37:36.82",17017,100056,7.758,13.05,87,23.442,94,53.252,1,11,0.7,4,0.54,0.3907,0.8875333,1,23,15,37,36,140000
"2020-01-23 15:37:44.45",17018,100057,19.6,13.05,87,23.4457,94,53.2284,1,11,0.7,3.9,1.318,0.3907617,0.88714,1,23,15,37,43,760000
"2020-01-23 15:37:52.34",17019,100058,10.17,13.05,87,23.4495,94,53.1924,1,11,0.7,3.7,0.70,0.390825,0.8865401,1,23,15,37,51,660000
"2020-01-23 15:37:59.72",17020,100059,8.99,13.05,87,23.4528,94,53.1726,1,11,0.7,3.5,0.62,0.39088,0.88621,1,23,15,37,59,40000
"2020-01-23 15:38:08.17",17021,100060,8.99,13.04,87,23.4531,94,53.0705,1,11,0.7,3.1,0.62,0.390885,0.8845083,1,23,15,38,7.000,480000
"2020-01-23 15:38:16.88",17022,100061,19.49,13.04,87,23.4516,94,52.9523,1,11,0.7,3.3,1.311,0.39086,0.8825384,1,23,15,38,16,200000
"2020-01-23 15:38:24.92",17023,100062,6.747,13.04,87,23.4508,94,52.8491,1,11,0.7,3.1,0.48,0.3908467,0.8808183,1,23,15,38,24,240000
"2020-01-23 15:38:31.97",17024,100063,5.456,13.04,87,23.4499,94,52.7511,1,11,0.7,3.1,0.39,0.3908316,0.879185,1,23,15,38,31,290000
"2020-01-23 15:38:40.25",17025,100064,14.89,13.04,87,23.4491,94,52.631,1,11,0.7,3.1,1.01,0.3908183,0.8771833,1,23,15,38,39,570000
"2020-01-23 15:38:49",17026,100065,9.10,13.03,87,23.449,94,52.5197,1,11,0.7,3.1,0.63,0.3908166,0.8753283,1,23,15,38,48,320000
"2020-01-23 15:38:58.31",17027,100066,6.972,13.03,87,23.4497,94,52.4091,1,11,0.7,3,0.49,0.3908283,0.873485,1,23,15,38,57,630000
"2020-01-23 15:39:09.81",17028,100067,7.645,13.02,87,23.4553,94,52.3914,1,11,0.7,2.9,0.54,0.3909216,0.87319,1,23,15,39,9,130000
"2020-01-23 15:39:19.14",17029,100068,10.9,13.02,87,23.455,94,52.5101,1,11,0.7,3.1,0.75,0.3909167,0.8751684,1,23,15,39,18,460000
"2020-01-23 15:39:26.11",17030,100069,14.38,13.02,87,23.4557,94,52.6016,1,11,0.7,3.4,0.98,0.3909283,0.8766934,1,23,15,39,25,430000
"2020-01-23 15:39:33.44",17031,100070,7.758,13.01,87,23.4563,94,52.6787,1,11,0.7,3.1,0.54,0.3909384,0.8779783,1,23,15,39,32,760000
"2020-01-23 15:39:40.88",17032,100071,7.645,13.01,87,23.4587,94,52.7563,1,11,0.7,3.2,0.54,0.3909783,0.8792717,1,23,15,39,40,200000
"2020-01-23 15:39:49.52",17033,100072,8.32,13.01,87,23.4633,94,52.7927,1,11,0.7,3.2,0.58,0.391055,0.8798783,1,23,15,39,48,820000
"2020-01-23 15:39:57.75",17034,100073,7.308,13.01,87,23.4681,94,52.773,1,11,0.7,3.1,0.51,0.391135,0.87955,1,23,15,39,57,70000
"2020-01-23 15:40:06.85",17035,100074,8.32,13.01,87,23.473,94,52.7243,1,11,0.7,3.1,0.58,0.3912167,0.8787383,1,23,15,40,6,170000
"2020-01-23 15:40:13.18",17036,100075,31.84,13.01,87,23.4758,94,52.6962,1,11,0.7,3.2,2.118,0.3912633,0.87827,1,23,15,40,12,500000
"2020-01-23 15:40:20.21",17037,100076,42.34,13,87,23.4777,94,52.6788,1,11,0.7,3.1,2.805,0.391295,0.87798,1,23,15,40,19,530000
"2020-01-23 15:40:27.38",17038,100077,15.84,13.01,87,23.4808,94,52.6634,1,11,0.7,2.8,1.072,0.3913467,0.8777234,1,23,15,40,26,700000
"2020-01-23 15:40:35.24",17039,100078,12.81,13,87,23.485,94,52.6359,1,11,0.7,2.8,0.87,0.3914167,0.877265,1,23,15,40,34,560000
"2020-01-23 15:40:44.17",17040,100079,4.39,13,87,23.4896,94,52.6203,1,11,0.7,2.6,0.32,0.3914933,0.877005,1,23,15,40,43,490000
"2020-01-23 15:40:51.06",17041,100080,5.063,13,87,23.493,94,52.6448,1,11,0.7,2.8,0.37,0.39155,0.8774134,1,23,15,40,50,380000
"2020-01-23 15:40:58.84",17042,100081,3.604,13,87,23.4979,94,52.6806,1,11,0.7,2.9,0.27,0.3916317,0.87801,1,23,15,40,58,160000
"2020-01-23 15:41:07.08",17043,100082,7.533,12.99,87,23.5023,94,52.7126,1,11,0.7,3.2,0.53,0.391705,0.8785433,1,23,15,41,6,400000
"2020-01-23 15:41:16.42",17044,100083,3.267,12.99,87,23.5077,94,52.7388,1,11,0.7,2.8,0.25,0.391795,0.87898,1,23,15,41,15,740000
"2020-01-23 15:41:27.02",17045,100084,13.82,12.99,87,23.5139,94,52.7887,1,11,0.7,2.8,0.94,0.3918983,0.8798117,1,23,15,41,26,340000
"2020-01-23 15:41:38.6",17046,100085,6.186,12.99,87,23.5198,94,52.8451,1,11,0.7,2.3,0.44,0.3919967,0.8807517,1,23,15,41,37,920000
"2020-01-23 15:41:50.38",17047,100086,7.982,12.99,87,23.5262,94,52.9038,1,11,0.7,2.4,0.56,0.3921033,0.88173,1,23,15,41,49,700000
"2020-01-23 15:42:00.21",17048,100087,6.186,12.98,87,23.5318,94,52.959,1,11,0.7,2.5,0.44,0.3921966,0.88265,1,23,15,41,59,530000
"2020-01-23 15:42:10.45",17049,100088,6.523,12.97,87,23.5367,94,53.0279,1,11,0.7,2.7,0.46,0.3922783,0.8837984,1,23,15,42,9,770000
"2020-01-23 15:42:18.85",17050,100089,8.54,12.97,87,23.5406,94,53.094,1,11,0.7,2.7,0.60,0.3923434,0.8849,1,23,15,42,18,170000
"2020-01-23 15:42:25.69",17051,100090,13.6,12.97,87,23.5433,94,53.1386,1,11,0.7,2.7,0.93,0.3923884,0.8856433,1,23,15,42,25,10000
"2020-01-23 15:42:34.25",17052,100091,18.31,12.97,87,23.5469,94,53.1776,1,11,0.7,2.9,1.233,0.3924483,0.8862934,1,23,15,42,33,570000
"2020-01-23 15:42:40.46",17053,100092,28.69,12.96,87,23.5487,94,53.1991,1,11,0.7,2.7,1.913,0.3924784,0.8866517,1,23,15,42,39,780000
"2020-01-23 15:42:50.92",17054,100093,9.67,12.96,87,23.5538,94,53.261,1,11,0.7,2.4,0.67,0.3925634,0.8876834,1,23,15,42,50,240000
"2020-01-23 15:43:00.46",17055,100094,9.10,12.96,87,23.5586,94,53.3161,1,11,0.7,2.2,0.63,0.3926433,0.8886017,1,23,15,42,59,780000
"2020-01-23 15:43:04.79",17056,100095,19.83,12.96,87,23.5605,94,53.3306,1,11,0.7,2.3,1.333,0.392675,0.8888434,1,23,15,43,4,110000
"2020-01-23 15:43:14.52",17057,100096,14.49,12.96,87,23.5655,94,53.3334,1,11,0.7,2.2,0.98,0.3927583,0.88889,1,23,15,43,13,830000
"2020-01-23 15:43:25.9",17058,100097,9.16,12.95,87,23.5703,94,53.3563,1,11,0.7,2.2,0.64,0.3928383,0.8892717,1,23,15,43,25,220000
"2020-01-23 15:43:34.53",17059,100098,7.084,12.95,87,23.5747,94,53.3949,1,11,0.7,2.4,0.50,0.3929116,0.889915,1,23,15,43,33,850000
"2020-01-23 15:43:44.19",17060,100099,6.073,12.95,87,23.5796,94,53.4441,1,11,0.7,2.5,0.43,0.3929933,0.890735,1,23,15,43,43,510000
"2020-01-23 15:43:53.68",17061,100100,6.635,12.95,87,23.5844,94,53.4949,1,11,0.7,2.4,0.47,0.3930734,0.8915817,1,23,15,43,53,0
"2020-01-23 15:44:04.38",17062,100101,8.21,12.94,87,23.5895,94,53.5363,1,11,0.7,2.4,0.57,0.3931584,0.8922717,1,23,15,44,3,700000
"2020-01-23 15:44:12.78",17063,100102,15.5,12.94,87,23.5933,94,53.5686,1,11,0.7,2.4,1.05,0.3932217,0.89281,1,23,15,44,12,100000
"2020-01-23 15:44:22",17064,100103,8.77,12.94,87,23.598,94,53.5968,1,11,0.7,2.4,0.61,0.3933,0.89328,1,23,15,44,21,320000
"2020-01-23 15:44:32.03",17065,100104,7.196,12.93,87,23.6035,94,53.637,1,11,0.7,2.4,0.51,0.3933917,0.8939501,1,23,15,44,31,350000
"2020-01-23 15:44:41.73",17066,100105,7.87,12.93,87,23.6084,94,53.6922,1,11,0.7,2.6,0.55,0.3934733,0.89487,1,23,15,44,41,50000
"2020-01-23 15:44:50.95",17067,100106,9.83,12.93,87,23.6116,94,53.7824,1,11,0.7,2.8,0.68,0.3935267,0.8963734,1,23,15,44,50,270000
"2020-01-23 15:45:00.97",17068,100107,40.31,12.93,87,23.6143,94,53.8702,1,11,0.7,3.7,2.673,0.3935717,0.8978367,1,23,15,45,0,290000
"2020-01-23 15:45:11.3",17069,100108,10.62,12.92,87,23.6175,94,53.9262,1,11,0.7,3.7,0.73,0.393625,0.89877,1,23,15,45,10,620000
"2020-01-23 15:45:22.99",17070,100109,14.49,12.92,87,23.6233,94,53.9862,1,11,0.7,3.5,0.98,0.3937217,0.89977,1,23,15,45,22,310000
"2020-01-23 15:45:32.08",17071,100110,21.45,12.92,87,23.6268,94,54.0453,1,11,0.7,3.4,1.439,0.39378,0.900755,1,23,15,45,31,400000
"2020-01-23 15:45:42",17072,100111,2.706,12.92,87,23.6305,94,54.1183,1,11,0.7,3.4,0.21,0.3938417,0.9019717,1,23,15,45,41,320000
"2020-01-23 15:45:51.28",17073,100112,2.369,12.92,87,23.6342,94,54.1921,1,11,0.7,3.7,0.19,0.3939033,0.9032017,1,23,15,45,50,600000
"2020-01-23 15:46:00.57",17074,100113,3.155,12.92,87,23.6379,94,54.2726,1,11,0.7,3.9,0.24,0.393965,0.9045433,1,23,15,45,59,890000
"2020-01-23 15:46:09.9",17075,100114,2.93,12.91,87,23.6415,94,54.3404,1,11,0.7,3.9,0.23,0.394025,0.9056734,1,23,15,46,9,220000
"2020-01-23 15:46:17.84",17076,100115,2.762,12.9,87,23.6436,94,54.377,1,11,0.7,4.5,0.22,0.39406,0.9062833,1,23,15,46,17,160000
"2020-01-23 15:46:27.13",17077,100116,2.818,12.9,87,23.6466,94,54.4315,1,11,0.7,4.7,0.22,0.39411,0.9071916,1,23,15,46,26,450000
"2020-01-23 15:46:35.62",17078,100117,8.54,12.91,87,23.6497,94,54.4893,1,11,0.7,4.7,0.60,0.3941617,0.908155,1,23,15,46,34,940000
"2020-01-23 15:46:43.44",17079,100118,4.726,12.9,87,23.6525,94,54.5418,1,11,0.7,4.7,0.35,0.3942084,0.90903,1,23,15,46,42,760000
"2020-01-23 15:46:53.84",17080,100119,19.77,12.9,87,23.657,94,54.6219,1,11,0.7,4.7,1.329,0.3942833,0.910365,1,23,15,46,53,160000
"2020-01-23 15:47:00.67",17081,100120,52.6,12.9,87,23.6588,94,54.6597,1,11,0.7,4.7,3.476,0.3943133,0.910995,1,23,15,46,59,990000
"2020-01-23 15:47:12.31",17082,100121,12.25,12.9,87,23.6608,94,54.7044,1,11,0.7,4.7,0.84,0.3943467,0.91174,1,23,15,47,11,630000
"2020-01-23 15:47:24.24",17083,100122,6.185,12.9,87,23.6644,94,54.8103,1,11,0.7,4.6,0.44,0.3944067,0.913505,1,23,15,47,23,560000
"2020-01-23 15:47:33.64",17084,100123,3.828,12.89,87,23.6673,94,54.9085,1,11,0.7,4.3,0.29,0.394455,0.9151417,1,23,15,47,32,960000
"2020-01-23 15:47:43.9",17085,100124,5.624,12.89,87,23.6702,94,55.012,1,11,0.7,4.3,0.40,0.3945033,0.9168666,1,23,15,47,43,220000
"2020-01-23 15:47:52.24",17086,100125,8.88,12.89,87,23.6726,94,55.0999,1,11,0.7,4.3,0.62,0.3945433,0.9183317,1,23,15,47,51,560000
"2020-01-23 15:48:02.78",17087,100126,8.04,12.88,87,23.6757,94,55.2184,1,11,0.7,4.4,0.56,0.394595,0.9203066,1,23,15,48,2,100000
"2020-01-23 15:48:12.38",17088,100127,5.512,12.87,87,23.678,94,55.3104,1,11,0.7,4.4,0.40,0.3946333,0.9218399,1,23,15,48,11,700000
"2020-01-23 15:48:22.82",17089,100128,8.32,12.88,87,23.6812,94,55.4208,1,11,0.7,4.5,0.58,0.3946867,0.92368,1,23,15,48,22,140000
"2020-01-23 15:48:29.77",17090,100129,11.01,12.87,87,23.6833,94,55.4846,1,11,0.7,5.1,0.76,0.3947216,0.9247434,1,23,15,48,29,90000
"2020-01-23 15:48:34.93",17091,100130,25.27,12.87,87,23.6843,94,55.5138,1,11,0.7,4.8,1.689,0.3947383,0.92523,1,23,15,48,34,250000
"2020-01-23 15:48:45.2",17092,100131,4.389,12.87,87,23.6878,94,55.5839,1,11,0.7,5.2,0.32,0.3947967,0.9263983,1,23,15,48,44,520000
"2020-01-23 15:48:54.89",17093,100132,3.267,12.87,87,23.6928,94,55.655,1,11,0.7,5.3,0.25,0.39488,0.9275834,1,23,15,48,54,210000
"2020-01-23 15:49:03.87",17094,100133,5.961,12.87,87,23.6971,94,55.6639,1,11,0.7,5.3,0.43,0.3949517,0.9277316,1,23,15,49,3,190000
"2020-01-23 15:49:13.17",17095,100134,3.828,12.87,87,23.7006,94,55.6778,1,11,0.7,5.6,0.29,0.39501,0.9279633,1,23,15,49,12,490000
"2020-01-23 15:49:25.37",17096,100135,4.389,12.86,87,23.7018,94,55.5617,1,11,0.7,5.3,0.32,0.39503,0.9260283,1,23,15,49,24,690000
"2020-01-23 15:49:34.53",17097,100136,3.716,12.86,87,23.6983,94,55.4586,1,11,0.7,5.2,0.28,0.3949717,0.92431,1,23,15,49,33,840000
"2020-01-23 15:49:49.83",17098,100137,3.042,12.86,87,23.695,94,55.3513,1,12,0.7,5.4,0.24,0.3949166,0.9225217,1,23,15,49,49,150000
"2020-01-23 15:49:57.68",17099,100138,3.154,12.85,87,23.6922,94,55.2616,1,12,0.7,5.5,0.24,0.39487,0.9210266,1,23,15,49,57,0
"2020-01-23 15:50:05.34",17100,100139,3.435,12.85,87,23.69,94,55.1773,1,12,0.7,5.5,0.26,0.3948334,0.9196217,1,23,15,50,4,660000
"2020-01-23 15:50:11.84",17101,100140,9.89,12.85,87,23.6875,94,55.084,1,11,0.7,5.4,0.68,0.3947917,0.9180667,1,23,15,50,11,160000
"2020-01-23 15:50:17.92",17102,100141,3.94,12.85,87,23.6854,94,55.0035,1,11,0.7,5.3,0.29,0.3947567,0.916725,1,23,15,50,17,240000
"2020-01-23 15:50:24.66",17103,100142,5.961,12.85,87,23.6833,94,54.9132,1,11,0.7,5.5,0.43,0.3947216,0.91522,1,23,15,50,23,980000
"2020-01-23 15:50:31.53",17104,100143,3.154,12.85,87,23.6813,94,54.8156,1,11,0.7,5.6,0.24,0.3946883,0.9135934,1,23,15,50,30,840000
"2020-01-23 15:50:39.1",17105,100144,0.80,12.85,87,23.6807,94,54.7238,1,11,0.7,6,0.09,0.3946783,0.9120634,1,23,15,50,38,420000
"2020-01-23 15:50:47",17106,100145,9.10,12.85,87,23.6796,94,54.646,1,11,0.7,5.7,0.63,0.39466,0.9107666,1,23,15,50,46,320000
"2020-01-23 15:50:54.1",17107,100146,16.29,12.84,87,23.6763,94,54.591,1,11,0.7,5.4,1.101,0.394605,0.90985,1,23,15,50,53,420000
"2020-01-23 15:51:01.33",17108,100147,14.94,12.85,87,23.6735,94,54.5099,1,11,0.7,5.2,1.013,0.3945584,0.9084983,1,23,15,51,0,650000
"2020-01-23 15:51:07.56",17109,100148,16.68,12.84,87,23.6713,94,54.439,1,11,0.7,5.2,1.127,0.3945217,0.9073166,1,23,15,51,6,880000
"2020-01-23 15:51:16.61",17110,100149,28.19,12.83,87,23.6678,94,54.3536,1,11,0.7,5.3,1.88,0.3944634,0.9058934,1,23,15,51,15,930000
"2020-01-23 15:51:25.46",17111,100150,4.221,12.84,87,23.6651,94,54.2732,1,11,0.7,4.5,0.31,0.3944183,0.9045534,1,23,15,51,24,780000
"2020-01-23 15:51:34.07",17112,100151,5.175,12.83,87,23.6619,94,54.1679,1,11,0.7,4.5,0.37,0.394365,0.9027983,1,23,15,51,33,390000
"2020-01-23 15:51:44.06",17113,100152,7.14,12.83,87,23.6574,94,54.0497,1,11,0.7,4.6,0.50,0.39429,0.9008284,1,23,15,51,43,380000
"2020-01-23 15:51:54.49",17114,100153,30.88,12.83,87,23.656,94,53.9168,1,11,0.7,4.8,2.056,0.3942667,0.8986134,1,23,15,51,53,810000
"2020-01-23 15:52:05.04",17115,100154,26.73,12.83,87,23.6519,94,53.8081,1,11,0.7,5.1,1.784,0.3941983,0.8968017,1,23,15,52,4,360000
"2020-01-23 15:52:16.44",17116,100155,14.16,12.83,87,23.6474,94,53.6908,1,11,0.7,5.3,0.96,0.3941234,0.8948466,1,23,15,52,15,760000
"2020-01-23 15:52:24.06",17117,100156,15.56,12.82,87,23.6441,94,53.6132,1,11,0.7,5.2,1.054,0.3940683,0.8935534,1,23,15,52,23,380000
"2020-01-23 15:52:31.28",17118,100157,21.85,12.83,87,23.6415,94,53.544,1,11,0.7,4.8,1.465,0.394025,0.8924,1,23,15,52,30,600000
"2020-01-23 15:52:39.6",17119,100158,13.59,12.82,87,23.6379,94,53.4545,1,11,0.7,4.6,0.93,0.393965,0.8909083,1,23,15,52,38,920000
"2020-01-23 15:52:46.95",17120,100159,16.96,12.82,87,23.6352,94,53.3795,1,11,0.7,4.4,1.145,0.39392,0.8896583,1,23,15,52,46,270000
"2020-01-23 15:52:53.62",17121,100160,12.7,12.82,87,23.6323,94,53.2997,1,11,0.7,4.7,0.87,0.3938717,0.8883284,1,23,15,52,52,940000
"2020-01-23 15:53:00.9",17122,100161,26.62,12.81,87,23.6292,94,53.232,1,11,0.7,4.8,1.777,0.39382,0.8872,1,23,15,53,0,220000
"2020-01-23 15:53:09.52",17123,100162,21.56,12.81,87,23.6256,94,53.1462,1,11,0.7,4.6,1.446,0.39376,0.88577,1,23,15,53,8,840000
"2020-01-23 15:53:16.69",17124,100163,7.533,12.81,87,23.6225,94,53.0741,1,11,0.7,4.6,0.53,0.3937083,0.8845683,1,23,15,53,16,10000
"2020-01-23 15:53:22.76",17125,100164,17.92,12.81,87,23.6204,94,53.0134,1,10,0.8,5.1,1.208,0.3936733,0.8835566,1,23,15,53,22,80000
"2020-01-23 15:53:31.22",17126,100165,5.287,12.81,87,23.617,94,52.9204,1,10,0.8,5.2,0.38,0.3936167,0.8820066,1,23,15,53,30,540000
"2020-01-23 15:53:38.27",17127,100166,5.175,12.81,87,23.6142,94,52.8408,1,10,0.8,5.6,0.37,0.39357,0.88068,1,23,15,53,37,590000
"2020-01-23 15:53:45.98",17128,100167,3.267,12.81,87,23.6109,94,52.74,1,10,0.8,6.1,0.25,0.393515,0.879,1,23,15,53,45,300000
"2020-01-23 15:53:52.63",17129,100168,4.502,12.81,87,23.6078,94,52.657,1,10,0.8,6.4,0.33,0.3934633,0.8776167,1,23,15,53,51,950000
"2020-01-23 15:54:00.13",17130,100169,4.277,12.81,87,23.6046,94,52.5709,1,10,0.8,6.4,0.32,0.39341,0.8761817,1,23,15,53,59,450000
"2020-01-23 15:54:07.73",17131,100170,4.165,12.8,87,23.6012,94,52.4701,1,10,0.8,6.8,0.31,0.3933534,0.8745017,1,23,15,54,7.000,50000
"2020-01-23 15:54:16.71",17132,100171,2.593,12.8,87,23.5978,94,52.3565,1,9,0.8,7.4,0.21,0.3932966,0.8726083,1,23,15,54,16,30000
"2020-01-23 15:54:23.57",17133,100172,4.277,12.81,87,23.5948,94,52.2685,1,9,0.8,8,0.32,0.3932467,0.8711417,1,23,15,54,22,890000
"2020-01-23 15:54:31.56",17134,100173,2.369,12.8,87,23.5909,94,52.1837,1,9,0.8,8.4,0.19,0.3931817,0.8697283,1,23,15,54,30,880000
"2020-01-23 15:54:40.16",17135,100174,4.277,12.8,87,23.5877,94,52.1045,1,9,0.8,9,0.32,0.3931283,0.8684083,1,23,15,54,39,480000
"2020-01-23 15:54:47.32",17136,100175,4.165,12.8,87,23.5876,94,52.0147,1,9,0.8,9.3,0.31,0.3931267,0.8669117,1,23,15,54,46,640000
"2020-01-23 15:54:55.59",17137,100176,4.951,12.8,87,23.5895,94,51.9063,1,9,0.8,9.7,0.36,0.3931584,0.865105,1,23,15,54,54,910000
"2020-01-23 15:55:05.87",17138,100177,7.083,12.8,87,23.5931,94,51.7827,1,9,0.8,10.1,0.50,0.3932183,0.863045,1,23,15,55,5,190000
"2020-01-23 15:55:13.22",17139,100178,29.65,12.8,87,23.5955,94,51.6971,1,9,0.8,10.6,1.975,0.3932584,0.8616183,1,23,15,55,12,540000
"2020-01-23 15:55:23.64",17140,100179,10.4,12.79,87,23.5982,94,51.5935,1,9,0.8,11,0.72,0.3933033,0.8598917,1,23,15,55,22,960000
"2020-01-23 15:55:31.9",17141,100180,6.073,12.79,87,23.601,94,51.5057,1,9,0.8,11.7,0.43,0.39335,0.8584283,1,23,15,55,31,220000
"2020-01-23 15:55:39.93",17142,100181,10.34,12.78,87,23.604,94,51.3972,1,9,0.8,11.9,0.71,0.3934,0.85662,1,23,15,55,39,250000
"2020-01-23 15:55:47.79",17143,100182,6.859,12.78,87,23.6064,94,51.3049,1,9,0.8,12,0.49,0.39344,0.8550817,1,23,15,55,47,110000
"2020-01-23 15:55:55.52",17144,100183,6.298,12.78,87,23.6089,94,51.2052,1,9,0.8,12.3,0.45,0.3934817,0.85342,1,23,15,55,54,840000
"2020-01-23 15:56:02.05",17145,100184,6.073,12.78,87,23.6106,94,51.1367,1,9,0.8,12.8,0.43,0.39351,0.8522783,1,23,15,56,1,370000
"2020-01-23 15:56:08.9",17146,100185,15.62,12.78,87,23.6127,94,51.0493,1,9,0.8,13,1.057,0.393545,0.8508217,1,23,15,56,8,220000
"2020-01-23 15:56:16.82",17147,100186,28.52,12.77,87,23.6146,94,50.9672,1,9,0.8,13.3,1.902,0.3935766,0.8494534,1,23,15,56,16,140000
"2020-01-23 15:56:27.95",17148,100187,20.11,12.77,87,23.6161,94,50.9069,1,9,0.8,13.2,1.351,0.3936017,0.8484483,1,23,15,56,27,270000
"2020-01-23 15:56:36.73",17149,100188,18.31,12.77,87,23.6182,94,50.8153,1,9,0.8,12.9,1.233,0.3936367,0.8469217,1,23,15,56,36,50000
"2020-01-23 15:56:48.35",17150,100189,6.298,12.77,87,23.6208,94,50.6961,1,9,0.8,12.8,0.45,0.39368,0.844935,1,23,15,56,47,670000
"2020-01-23 15:56:56.64",17151,100190,6.803,12.77,87,23.6232,94,50.5934,1,9,0.8,12.7,0.48,0.39372,0.8432234,1,23,15,56,55,960000
"2020-01-23 15:57:04.19",17152,100191,9.05,12.77,87,23.6253,94,50.5048,1,9,0.8,12.7,0.63,0.393755,0.8417466,1,23,15,57,3,510000
"2020-01-23 15:57:11.8",17153,100192,6.803,12.77,87,23.6277,94,50.4107,1,9,0.8,12.7,0.48,0.393795,0.8401784,1,23,15,57,11,120000
"2020-01-23 15:57:19.32",17154,100193,7.196,12.76,87,23.6299,94,50.3133,1,9,0.8,13,0.51,0.3938317,0.838555,1,23,15,57,18,640000
"2020-01-23 15:57:27.88",17155,100194,7.308,12.77,87,23.6326,94,50.189,1,9,0.8,13,0.51,0.3938767,0.8364833,1,23,15,57,27,200000
"2020-01-23 16:02:18.66",17156,100195,7.14,12.72,87,23.6298,94,49.9143,1,10,0.8,14.4,0.50,0.39383,0.831905,1,23,16,2,17,980000
"2020-01-23 16:02:23.26",17157,100196,6.691,12.71,87,23.6319,94,49.8578,1,10,0.8,14.1,0.47,0.393865,0.8309633,1,23,16,2,22,580000
"2020-01-23 16:02:27.38",17158,100197,7.083,12.72,87,23.6332,94,49.7999,1,10,0.8,13.7,0.50,0.3938866,0.8299983,1,23,16,2,26,700000
"2020-01-23 16:02:32.07",17159,100198,6.073,12.72,87,23.6352,94,49.7257,1,10,0.8,13,0.43,0.39392,0.8287617,1,23,16,2,31,390000
"2020-01-23 16:02:36.52",17160,100199,7.869,12.72,87,23.6366,94,49.6658,1,10,0.8,13.1,0.55,0.3939433,0.8277633,1,23,16,2,35,830000
"2020-01-23 16:02:41.28",17161,100200,7.420,12.71,87,23.6383,94,49.5848,1,10,0.8,12.4,0.52,0.3939716,0.8264134,1,23,16,2,40,600000
"2020-01-23 16:02:45.52",17162,100201,11.8,12.72,87,23.6403,94,49.5103,1,10,0.8,12.1,0.81,0.394005,0.8251717,1,23,16,2,44,830000
"2020-01-23 16:02:49.98",17163,100202,11.57,12.71,87,23.6419,94,49.4542,1,10,0.8,11.9,0.79,0.3940316,0.8242367,1,23,16,2,49,300000
"2020-01-23 16:02:54.08",17164,100203,7.533,12.71,87,23.6436,94,49.3977,1,10,0.8,11.4,0.53,0.39406,0.823295,1,23,16,2,53,400000
"2020-01-23 16:02:57.79",17165,100204,10.28,12.71,87,23.6453,94,49.3428,1,10,0.8,11,0.71,0.3940883,0.82238,1,23,16,2,57,110000
"2020-01-23 16:03:02.17",17166,100205,20.67,12.71,87,23.6469,94,49.292,1,10,0.8,10.7,1.388,0.394115,0.8215334,1,23,16,3,1,490000
"2020-01-23 16:03:04.76",17167,100206,21,12.71,87,23.6479,94,49.2527,1,10,0.8,10.5,1.41,0.3941317,0.8208783,1,23,16,3,4,80000
"2020-01-23 16:03:10.77",17168,100207,16.4,12.71,87,23.6493,94,49.1982,1,10,0.8,10.2,1.109,0.394155,0.81997,1,23,16,3,10,90000
"2020-01-23 16:03:14.8",17169,100208,27.51,12.71,87,23.6505,94,49.1449,1,10,0.8,9.9,1.835,0.394175,0.8190817,1,23,16,3,14,120000
"2020-01-23 16:03:19.12",17170,100209,32.79,12.71,87,23.6518,94,49.0995,1,10,0.8,9.7,2.181,0.3941966,0.818325,1,23,16,3,18,440000
"2020-01-23 16:03:24.36",17171,100210,23.14,12.71,87,23.654,94,49.0393,1,10,0.8,9.1,1.549,0.3942333,0.8173217,1,23,16,3,23,680000
"2020-01-23 16:03:30.25",17172,100211,10.68,12.7,87,23.6559,94,48.9733,1,10,0.8,8.8,0.73,0.394265,0.8162217,1,23,16,3,29,570000
"2020-01-23 16:03:35.29",17173,100212,11.24,12.71,87,23.6576,94,48.9123,1,10,0.8,8.6,0.77,0.3942933,0.815205,1,23,16,3,34,610000
"2020-01-23 16:03:40.37",17174,100213,8.43,12.71,87,23.6596,94,48.8482,1,10,0.8,8.3,0.59,0.3943266,0.8141367,1,23,16,3,39,690000
"2020-01-23 16:03:45.13",17175,100214,8.21,12.71,87,23.6615,94,48.7834,1,10,0.8,8,0.57,0.3943583,0.8130567,1,23,16,3,44,450000
"2020-01-23 16:03:50.58",17176,100215,10.96,12.71,87,23.6637,94,48.7106,1,10,0.8,7.9,0.75,0.394395,0.8118434,1,23,16,3,49,900000
"2020-01-23 16:03:51.57",17177,100216,-0.49,12.7,87,23.664,94,48.6958,1,10,0.8,7.8,0.00,0.3944,0.8115967,1,23,16,3,50,890000
"2020-01-23 16:03:55.62",17178,100217,6.298,12.7,87,23.6655,94,48.6413,1,10,0.8,7.6,0.45,0.394425,0.8106883,1,23,16,3,54,940000
"2020-01-23 16:04:00.65",17179,100218,7.083,12.7,87,23.667,94,48.5704,1,10,0.8,7.6,0.50,0.39445,0.8095066,1,23,16,3,59,970000
"2020-01-23 16:04:07",17180,100219,19.43,12.7,87,23.6691,94,48.4905,1,11,0.7,7.7,1.307,0.394485,0.808175,1,23,16,4,6,320000
"2020-01-23 16:04:14.24",17181,100220,9.89,12.7,87,23.6707,94,48.4183,1,11,0.7,8.1,0.68,0.3945117,0.8069717,1,23,16,4,13,560000
"2020-01-23 16:04:19.96",17182,100221,4.838,12.7,87,23.6722,94,48.343,1,11,0.7,7.9,0.35,0.3945366,0.8057166,1,23,16,4,19,280000
"2020-01-23 16:04:24.46",17183,100222,7.925,12.7,87,23.6733,94,48.2918,1,11,0.7,7.8,0.55,0.394555,0.8048634,1,23,16,4,23,780000
"2020-01-23 16:04:29.62",17184,100223,18.08,12.7,87,23.6751,94,48.2156,1,11,0.7,7.6,1.219,0.394585,0.8035934,1,23,16,4,28,940000
"2020-01-23 16:04:43.12",17185,100224,11.69,12.69,87,23.6757,94,48.1542,1,11,0.7,7.6,0.8,0.394595,0.8025701,1,23,16,4,42,440000
"2020-01-23 16:04:47.77",17186,100225,7.14,12.7,87,23.6767,94,48.0884,1,11,0.7,7.6,0.50,0.3946117,0.8014734,1,23,16,4,47,90000
"2020-01-23 16:04:53.29",17187,100226,7.869,12.7,87,23.678,94,48.0191,1,11,0.7,7.8,0.55,0.3946333,0.8003184,1,23,16,4,52,610000
"2020-01-23 16:04:57.81",17188,100227,10.23,12.69,87,23.6792,94,47.9469,1,11,0.7,8,0.71,0.3946533,0.799115,1,23,16,4,57,130000
"2020-01-23 16:05:02.25",17189,100228,13.37,12.69,87,23.6803,94,47.8872,1,11,0.7,8.1,0.91,0.3946716,0.79812,1,23,16,5,1,570000
"2020-01-23 16:05:06.46",17190,100229,8.88,12.7,87,23.6815,94,47.8319,1,11,0.7,8,0.62,0.3946916,0.7971983,1,23,16,5,5,780000
"2020-01-23 16:05:12.71",17191,100230,23.3,12.7,87,23.6836,94,47.7395,1,11,0.7,8.1,1.56,0.3947267,0.7956583,1,23,16,5,12,30000
"2020-01-23 16:05:20.16",17192,100231,39.08,12.68,87,23.6849,94,47.6765,1,11,0.7,8,2.592,0.3947483,0.7946083,1,23,16,5,19,480000
"2020-01-23 16:05:28.03",17193,100232,28.47,12.69,87,23.6877,94,47.5804,1,11,0.7,8.5,1.898,0.394795,0.7930066,1,23,16,5,27,350000
"2020-01-23 16:05:34.31",17194,100233,6.859,12.69,87,23.6897,94,47.51,1,11,0.7,8.8,0.49,0.3948283,0.7918333,1,23,16,5,33,630000
"2020-01-23 16:05:39.56",17195,100234,5.4,12.69,87,23.6913,94,47.426,1,11,0.7,8.6,0.39,0.394855,0.7904333,1,23,16,5,38,880000
"2020-01-23 16:05:44.77",17196,100235,3.94,12.69,87,23.693,94,47.3586,1,11,0.7,8.4,0.29,0.3948833,0.78931,1,23,16,5,44,90000
"2020-01-23 16:05:49.92",17197,100236,7.533,12.69,87,23.6946,94,47.2902,1,11,0.7,8.2,0.53,0.39491,0.78817,1,23,16,5,49,240000
"2020-01-23 16:05:55.12",17198,100237,10.9,12.68,87,23.6964,94,47.2218,1,11,0.7,8,0.75,0.39494,0.7870301,1,23,16,5,54,440000
"2020-01-23 16:06:00.28",17199,100238,7.757,12.68,87,23.698,94,47.152,1,11,0.7,7.8,0.54,0.3949667,0.7858666,1,23,16,5,59,600000
"2020-01-23 16:06:04.7",17200,100239,6.41,12.68,87,23.6993,94,47.0788,1,11,0.7,7.7,0.46,0.3949884,0.7846467,1,23,16,6,4,20000
"2020-01-23 16:06:09.15",17201,100240,8.04,12.68,87,23.7003,94,47.0238,1,11,0.7,8.2,0.56,0.395005,0.78373,1,23,16,6,8,470000
"2020-01-23 16:06:13.91",17202,100241,7.869,12.68,87,23.7016,94,46.945,1,11,0.7,8.6,0.55,0.3950266,0.7824166,1,23,16,6,13,230000
"2020-01-23 16:06:19.27",17203,100242,11.35,12.68,87,23.703,94,46.8713,1,11,0.7,8.7,0.78,0.39505,0.7811883,1,23,16,6,18,590000
"2020-01-23 16:06:24.55",17204,100243,7.533,12.68,87,23.7057,94,46.7893,1,11,0.7,8.2,0.53,0.395095,0.7798216,1,23,16,6,23,870000
"2020-01-23 16:06:29.38",17205,100244,6.634,12.68,87,23.7071,94,46.7314,1,11,0.7,8,0.47,0.3951183,0.7788566,1,23,16,6,28,700000
"2020-01-23 16:06:34.33",17206,100245,12.47,12.68,87,23.7088,94,46.6566,1,11,0.7,7.7,0.85,0.3951467,0.77761,1,23,16,6,33,650000
"2020-01-23 16:06:39.91",17207,100246,7.533,12.68,87,23.7106,94,46.5687,1,11,0.7,7.4,0.53,0.3951767,0.776145,1,23,16,6,39,230000
"2020-01-23 16:06:45.36",17208,100247,7.196,12.67,87,23.7121,94,46.499,1,11,0.7,7.2,0.51,0.3952016,0.7749834,1,23,16,6,44,680000
"2020-01-23 16:06:51.03",17209,100248,7.083,12.67,87,23.714,94,46.412,1,11,0.7,6.9,0.50,0.3952333,0.7735333,1,23,16,6,50,350000
"2020-01-23 16:06:56.77",17210,100249,6.634,12.67,87,23.7162,94,46.33,1,11,0.7,6.6,0.47,0.39527,0.7721666,1,23,16,6,56,90000
"2020-01-23 16:07:02.5",17211,100250,18.7,12.68,87,23.7186,94,46.2674,1,11,0.7,6.5,1.259,0.39531,0.7711233,1,23,16,7.000,1,810000
"2020-01-23 16:07:08.12",17212,100251,7.757,12.67,87,23.7211,94,46.1923,1,11,0.7,6.4,0.54,0.3953517,0.7698717,1,23,16,7.000,7.000,440000
"2020-01-23 16:07:13.47",17213,100252,9.67,12.67,87,23.7235,94,46.1282,1,11,0.7,6.4,0.67,0.3953916,0.7688034,1,23,16,7.000,12,790000
"2020-01-23 16:07:19.3",17214,100253,12.47,12.67,87,23.7265,94,46.0563,1,11,0.7,6.4,0.85,0.3954416,0.767605,1,23,16,7.000,18,620000
"2020-01-23 16:07:24.69",17215,100254,20.44,12.67,87,23.7297,94,45.9807,1,11,0.7,6.5,1.373,0.395495,0.766345,1,23,16,7.000,24,10000
"2020-01-23 16:07:30.13",17216,100255,19.04,12.67,87,23.7321,94,45.9212,1,11,0.7,6.6,1.281,0.395535,0.7653534,1,23,16,7.000,29,450000
"2020-01-23 16:07:35.73",17217,100256,8.54,12.67,87,23.7348,94,45.8446,1,11,0.7,6.6,0.60,0.39558,0.7640766,1,23,16,7.000,35,50000
"2020-01-23 16:07:40.8",17218,100257,8.54,12.67,87,23.7368,94,45.7841,1,11,0.7,6.4,0.60,0.3956133,0.7630683,1,23,16,7.000,40,120000
"2020-01-23 16:07:49.07",17219,100258,6.747,12.67,87,23.7403,94,45.699,1,11,0.7,6.5,0.48,0.3956717,0.76165,1,23,16,7.000,48,390000
"2020-01-23 16:07:53.35",17220,100259,6.466,12.67,87,23.742,94,45.6525,1,11,0.7,6.4,0.46,0.3957,0.760875,1,23,16,7.000,52,670000
"2020-01-23 16:07:57.77",17221,100260,6.747,12.67,87,23.7439,94,45.5939,1,11,0.7,6.7,0.48,0.3957316,0.7598983,1,23,16,7.000,57,90000
"2020-01-23 16:08:02.64",17222,100261,7.476,12.67,87,23.7459,94,45.5305,1,11,0.7,6.9,0.53,0.395765,0.7588416,1,23,16,8,1,960000
"2020-01-23 16:08:07.81",17223,100262,18.08,12.66,87,23.7485,94,45.4708,1,11,0.7,7,1.219,0.3958083,0.7578466,1,23,16,8,7.000,130000
"2020-01-23 16:08:12.51",17224,100263,20.67,12.66,87,23.751,94,45.4139,1,11,0.7,7,1.388,0.39585,0.7568983,1,23,16,8,11,830000
"2020-01-23 16:08:17.65",17225,100264,22.86,12.66,87,23.7531,94,45.3556,1,11,0.7,7,1.531,0.395885,0.7559266,1,23,16,8,16,970000
"2020-01-23 16:08:22.3",17226,100265,37.62,12.66,87,23.7547,94,45.3093,1,11,0.7,7.1,2.496,0.3959117,0.755155,1,23,16,8,21,620000
"2020-01-23 16:08:28.89",17227,100266,23.47,12.66,87,23.758,94,45.2359,1,11,0.7,7.4,1.571,0.3959666,0.7539317,1,23,16,8,28,210000
"2020-01-23 16:08:40.78",17228,100267,29.53,12.66,87,23.7606,94,45.1425,1,11,0.7,6.8,1.968,0.39601,0.752375,1,23,16,8,40,100000
"2020-01-23 16:08:47.07",17229,100268,18.42,12.66,87,23.7618,94,45.1021,1,11,0.7,6.6,1.241,0.39603,0.7517017,1,23,16,8,46,390000
"2020-01-23 16:08:52.83",17230,100269,7.476,12.66,87,23.7646,94,45.0329,1,11,0.7,6.6,0.53,0.3960767,0.7505484,1,23,16,8,52,150000
"2020-01-23 16:08:58.07",17231,100270,6.747,12.66,87,23.7668,94,44.9776,1,11,0.7,6.8,0.48,0.3961133,0.7496267,1,23,16,8,57,390000
"2020-01-23 16:09:03.92",17232,100271,10.84,12.66,87,23.7694,94,44.9138,1,11,0.7,6.9,0.75,0.3961567,0.7485634,1,23,16,9,3,240000
"2020-01-23 16:09:09.52",17233,100272,6.185,12.66,87,23.7721,94,44.8469,1,11,0.7,6.8,0.44,0.3962017,0.7474483,1,23,16,9,8,830000
"2020-01-23 16:09:14.84",17234,100273,6.129,12.66,87,23.7744,94,44.7927,1,11,0.7,7,0.44,0.39624,0.746545,1,23,16,9,14,160000
"2020-01-23 16:09:19.97",17235,100274,6.803,12.66,87,23.7766,94,44.7325,1,11,0.7,6.9,0.48,0.3962766,0.7455416,1,23,16,9,19,290000
"2020-01-23 16:09:26.9",17236,100275,22.8,12.66,87,23.7794,94,44.653,1,11,0.7,7.9,1.527,0.3963233,0.7442167,1,23,16,9,26,220000
"2020-01-23 16:09:32.92",17237,100276,42,12.65,87,23.7814,94,44.5802,1,11,0.7,8.2,2.783,0.3963567,0.7430033,1,23,16,9,32,240000
"2020-01-23 16:10:07.79",17238,100277,25.04,12.65,87,23.7825,94,44.4754,1,11,0.7,8.4,1.674,0.396375,0.7412566,1,23,16,10,7.000,110000
"2020-01-23 16:13:25.26",17239,100278,22.01,12.62,87,23.7783,94,44.3388,1,11,0.7,10.8,1.476,0.396305,0.73898,1,23,16,13,24,580000
"2020-01-23 16:13:57.8",17240,100279,11.74,12.62,87,23.7808,94,44.2214,1,11,0.7,14.4,0.80,0.3963466,0.7370234,1,23,16,13,57,120000
"2020-01-23 16:14:03.26",17241,100280,12.36,12.62,87,23.7827,94,44.1681,1,11,0.7,14.9,0.84,0.3963783,0.736135,1,23,16,14,2,580000
"2020-01-23 16:14:09.71",17242,100281,15.45,12.62,87,23.7855,94,44.0855,1,11,0.7,16.7,1.046,0.396425,0.7347583,1,23,16,14,9,30000
"2020-01-23 16:14:15.95",17243,100282,18.7,12.62,87,23.7885,94,44.0206,1,11,0.7,16.5,1.259,0.396475,0.7336766,1,23,16,14,15,270000
"2020-01-23 16:14:21.45",17244,100283,12.25,12.62,87,23.7904,94,43.9607,1,11,0.7,15.2,0.84,0.3965067,0.7326783,1,23,16,14,20,770000
"2020-01-23 16:14:27.91",17245,100284,7.813,12.61,87,23.7926,94,43.8784,1,11,0.7,15.1,0.55,0.3965434,0.7313066,1,23,16,14,27,230000
"2020-01-23 16:14:34",17246,100285,7.083,12.62,87,23.7952,94,43.8043,1,11,0.7,15.2,0.50,0.3965867,0.7300717,1,23,16,14,33,320000
"2020-01-23 16:14:39.59",17247,100286,7.420,12.62,87,23.7977,94,43.7279,1,11,0.7,15.9,0.52,0.3966284,0.7287983,1,23,16,14,38,910000
"2020-01-23 16:14:45.65",17248,100287,6.41,12.61,87,23.7999,94,43.6479,1,11,0.7,16.6,0.46,0.396665,0.727465,1,23,16,14,44,970000
"2020-01-23 16:14:51.12",17249,100288,5.4,12.61,87,23.8013,94,43.5744,1,11,0.7,17.5,0.39,0.3966884,0.72624,1,23,16,14,50,440000
"2020-01-23 16:14:57.16",17250,100289,6.129,12.61,87,23.8039,94,43.5041,1,11,0.7,16.7,0.44,0.3967317,0.7250683,1,23,16,14,56,480000
"2020-01-23 16:15:02.58",17251,100290,6.634,12.61,87,23.8059,94,43.4243,1,11,0.7,15.6,0.47,0.396765,0.7237384,1,23,16,15,1,900000
"2020-01-23 16:15:07.44",17252,100291,8.32,12.61,87,23.8071,94,43.371,1,11,0.7,15.9,0.58,0.396785,0.72285,1,23,16,15,6,760000
"2020-01-23 16:15:12.65",17253,100292,13.43,12.61,87,23.8086,94,43.2892,1,11,0.7,16.5,0.91,0.39681,0.7214867,1,23,16,15,11,970000
"2020-01-23 16:15:17.31",17254,100293,29.48,12.61,87,23.8103,94,43.2378,1,11,0.7,16.4,1.964,0.3968383,0.72063,1,23,16,15,16,630000
"2020-01-23 16:15:23.78",17255,100294,25.94,12.61,87,23.8128,94,43.1495,1,11,0.7,18.2,1.733,0.39688,0.7191583,1,23,16,15,23,100000
"2020-01-23 16:15:32.39",17256,100295,8.21,12.61,87,23.8149,94,43.0587,1,11,0.7,17.3,0.57,0.396915,0.717645,1,23,16,15,31,710000
"2020-01-23 16:15:38.57",17257,100296,5.849,12.61,87,23.8165,94,42.9644,1,11,0.7,16.2,0.42,0.3969417,0.7160734,1,23,16,15,37,890000
"2020-01-23 16:15:44.91",17258,100297,29.2,12.6,87,23.8193,94,42.8889,1,11,0.7,15.6,1.946,0.3969883,0.714815,1,23,16,15,44,230000
"2020-01-23 16:15:52.49",17259,100298,41.66,12.61,87,23.8209,94,42.8321,1,11,0.7,15.9,2.761,0.397015,0.7138683,1,23,16,15,51,810000
"2020-01-23 16:15:57.69",17260,100299,14.72,12.61,87,23.8216,94,42.7734,1,11,0.7,17,1.00,0.3970266,0.71289,1,23,16,15,57,10000
"2020-01-23 16:16:04.27",17261,100300,12.75,12.61,87,23.8235,94,42.6879,1,11,0.7,17.1,0.87,0.3970583,0.711465,1,23,16,16,3,590000
"2020-01-23 16:16:09.52",17262,100301,9.55,12.6,87,23.825,94,42.5951,1,11,0.7,18.2,0.66,0.3970834,0.7099183,1,23,16,16,8,840000
"2020-01-23 16:16:15.42",17263,100302,18.2,12.6,87,23.8269,94,42.5348,1,11,0.7,19.2,1.226,0.397115,0.7089134,1,23,16,16,14,740000
"2020-01-23 16:16:20.77",17264,100303,22.8,12.6,87,23.8275,94,42.449,1,11,0.7,19.3,1.527,0.397125,0.7074834,1,23,16,16,20,90000
"2020-01-23 16:16:26.85",17265,100304,14.04,12.6,87,23.8285,94,42.3665,1,11,0.7,18.5,0.95,0.3971417,0.7061083,1,23,16,16,26,170000
"2020-01-23 16:16:32.48",17266,100305,9.10,12.6,87,23.8289,94,42.2968,1,11,0.7,18,0.63,0.3971483,0.7049466,1,23,16,16,31,800000
"2020-01-23 16:16:37.65",17267,100306,5.063,12.6,87,23.8299,94,42.2224,1,11,0.7,18,0.37,0.397165,0.7037067,1,23,16,16,36,970000
"2020-01-23 16:16:43.55",17268,100307,3.716,12.6,87,23.8307,94,42.1414,1,11,0.7,19,0.28,0.3971783,0.7023566,1,23,16,16,42,870000
"2020-01-23 16:16:48.86",17269,100308,4.838,12.6,87,23.8312,94,42.0768,1,11,0.7,18.8,0.35,0.3971867,0.70128,1,23,16,16,48,180000
"2020-01-23 16:21:16.99",17270,100309,6.185,12.57,87,23.8268,94,41.7982,1,11,0.7,29.2,0.44,0.3971133,0.6966366,1,23,16,21,16,310000
"2020-01-23 16:21:22.68",17271,100310,5.961,12.57,87,23.8282,94,41.7034,1,11,0.7,31.6,0.43,0.3971366,0.6950566,1,23,16,21,22,0
"2020-01-23 16:21:27.34",17272,100311,12.53,12.57,87,23.8292,94,41.6416,1,11,0.7,32,0.86,0.3971534,0.6940267,1,23,16,21,26,660000
"2020-01-23 16:21:31.99",17273,100312,7.196,12.56,87,23.8301,94,41.5635,1,11,0.7,32.2,0.51,0.3971683,0.692725,1,23,16,21,31,310000
"2020-01-23 16:21:36.45",17274,100313,10.23,12.57,87,23.8317,94,41.5162,1,11,0.7,32.4,0.71,0.397195,0.6919366,1,23,16,21,35,770000
"2020-01-23 16:21:41.68",17275,100314,7.196,12.56,87,23.8324,94,41.4238,1,11,0.7,33.4,0.51,0.3972067,0.6903966,1,23,16,21,41,0
"2020-01-23 16:21:46.11",17276,100315,11.57,12.57,87,23.8329,94,41.3621,1,11,0.7,34,0.79,0.397215,0.6893683,1,23,16,21,45,430000
"2020-01-23 16:21:50.67",17277,100316,11.8,12.56,87,23.8345,94,41.2978,1,11,0.7,33,0.81,0.3972416,0.6882966,1,23,16,21,49,990000
"2020-01-23 16:21:55.99",17278,100317,14.38,12.56,87,23.8361,94,41.2417,1,11,0.7,32.5,0.98,0.3972683,0.6873617,1,23,16,21,55,310000
"2020-01-23 16:22:02.18",17279,100318,22.35,12.56,87,23.8366,94,41.1595,1,11,0.7,32.3,1.498,0.3972767,0.6859917,1,23,16,22,1,500000
"2020-01-23 16:22:07.34",17280,100319,24.71,12.56,87,23.8376,94,41.0885,1,11,0.7,29.4,1.652,0.3972934,0.6848084,1,23,16,22,6,660000
"2020-01-23 16:22:12.22",17281,100320,19.43,12.56,87,23.8395,94,41.0117,1,11,0.7,27.3,1.307,0.397325,0.6835283,1,23,16,22,11,540000
"2020-01-23 16:22:19",17282,100321,52.21,12.56,87,23.8411,94,40.9299,1,11,0.7,24.6,3.451,0.3973517,0.682165,1,23,16,22,18,320000
"2020-01-23 16:22:26.39",17283,100322,17.75,12.56,87,23.8409,94,40.8649,1,11,0.7,24.1,1.197,0.3973484,0.6810817,1,23,16,22,25,710000
"2020-01-23 16:22:31.84",17284,100323,19.99,12.56,87,23.8406,94,40.7686,1,11,0.7,23.7,1.344,0.3973433,0.6794766,1,23,16,22,31,160000
"2020-01-23 16:22:39.65",17285,100324,8.26,12.56,87,23.8415,94,40.6432,1,11,0.7,22.6,0.58,0.3973583,0.6773866,1,23,16,22,38,970000
"2020-01-23 16:22:53.59",17286,100325,22.13,12.56,87,23.8394,94,40.4604,1,11,0.7,20.8,1.483,0.3973233,0.67434,1,23,16,22,52,910000
"2020-01-23 16:23:01.41",17287,100326,16.57,12.56,87,23.8393,94,40.4035,1,11,0.7,21.8,1.12,0.3973217,0.6733917,1,23,16,23,0,730000
"2020-01-23 16:23:07.35",17288,100327,5.287,12.55,87,23.839,94,40.3151,1,11,0.7,22.2,0.38,0.3973167,0.6719183,1,23,16,23,6,670000
"2020-01-23 16:23:13.01",17289,100328,3.772,12.55,87,23.8398,94,40.2359,1,11,0.7,21.2,0.28,0.39733,0.6705983,1,23,16,23,12,330000
"2020-01-23 16:23:18.24",17290,100329,5.624,12.56,87,23.8407,94,40.1654,1,11,0.7,21,0.40,0.397345,0.6694234,1,23,16,23,17,560000
"2020-01-23 16:23:25.48",17291,100330,6.691,12.56,87,23.8412,94,40.0678,1,11,0.7,20.4,0.47,0.3973533,0.6677967,1,23,16,23,24,800000
"2020-01-23 16:23:30.64",17292,100331,9.44,12.56,87,23.8429,94,39.9853,1,11,0.7,20.2,0.65,0.3973817,0.6664216,1,23,16,23,29,960000
"2020-01-23 16:23:35.61",17293,100332,5.905,12.55,87,23.8435,94,39.9179,1,11,0.7,19.4,0.42,0.3973917,0.6652984,1,23,16,23,34,930000
"2020-01-23 16:23:40.94",17294,100333,7.869,12.56,87,23.8448,94,39.8531,1,11,0.7,20.1,0.55,0.3974134,0.6642183,1,23,16,23,40,260000
"2020-01-23 16:23:46.58",17295,100334,5.456,12.55,87,23.846,94,39.761,1,11,0.7,21.6,0.39,0.3974334,0.6626834,1,23,16,23,45,900000
"2020-01-23 16:23:51.57",17296,100335,4.894,12.55,87,23.8478,94,39.6936,1,11,0.7,21.3,0.36,0.3974633,0.66156,1,23,16,23,50,880000
"2020-01-23 16:23:56.45",17297,100336,10.79,12.55,87,23.8487,94,39.6347,1,11,0.7,22.1,0.74,0.3974783,0.6605784,1,23,16,23,55,770000
"2020-01-23 16:24:02.88",17298,100337,49.07,12.55,87,23.8502,94,39.5576,1,11,0.7,23.9,3.245,0.3975034,0.6592933,1,23,16,24,2,200000
"2020-01-23 16:24:12.23",17299,100338,69.95,12.55,87,23.8529,94,39.5066,1,11,0.7,25.8,4.611,0.3975483,0.6584433,1,23,16,24,11,550000
"2020-01-23 16:24:23.01",17300,100339,34.08,12.55,87,23.8551,94,39.4343,1,11,0.7,24.2,2.265,0.397585,0.6572383,1,23,16,24,22,330000
"2020-01-23 16:24:30.31",17301,100340,3.379,12.54,87,23.8572,94,39.3489,1,11,0.7,23.4,0.26,0.39762,0.655815,1,23,16,24,29,630000
"2020-01-23 16:24:37.08",17302,100341,21.68,12.55,87,23.8593,94,39.2753,1,11,0.7,22.9,1.454,0.397655,0.6545884,1,23,16,24,36,400000
"2020-01-23 16:24:42.89",17303,100342,17.97,12.55,87,23.8605,94,39.213,1,11,0.7,22.1,1.211,0.397675,0.65355,1,23,16,24,42,210000
"2020-01-23 16:24:49.37",17304,100343,22.91,12.55,87,23.8612,94,39.1612,1,11,0.7,23,1.534,0.3976867,0.6526867,1,23,16,24,48,690000
"2020-01-23 16:24:54.13",17305,100344,18.08,12.54,87,23.8621,94,39.0976,1,11,0.7,23,1.219,0.3977017,0.6516266,1,23,16,24,53,450000
"2020-01-23 16:24:58.62",17306,100345,6.859,12.55,87,23.8636,94,39.0271,1,11,0.7,22.7,0.49,0.3977266,0.6504517,1,23,16,24,57,940000
"2020-01-23 16:25:02.87",17307,100346,5.624,12.54,87,23.8644,94,38.9763,1,11,0.7,23.7,0.40,0.39774,0.649605,1,23,16,25,2,190000
"2020-01-23 16:25:07.23",17308,100347,7.645,12.55,87,23.8654,94,38.9209,1,11,0.7,24.2,0.54,0.3977567,0.6486816,1,23,16,25,6,550000
"2020-01-23 16:25:12.3",17309,100348,7.083,12.54,87,23.8669,94,38.8501,1,11,0.7,23.6,0.50,0.3977817,0.6475017,1,23,16,25,11,620000
"2020-01-23 16:25:16.98",17310,100349,4.951,12.54,87,23.8675,94,38.7965,1,11,0.7,23.8,0.36,0.3977917,0.6466084,1,23,16,25,16,300000
"2020-01-23 16:25:22.16",17311,100350,5.961,12.54,87,23.8683,94,38.7246,1,11,0.7,23.6,0.43,0.397805,0.64541,1,23,16,25,21,480000
"2020-01-23 16:25:26.68",17312,100351,6.522,12.54,87,23.8696,94,38.6565,1,11,0.7,25.1,0.46,0.3978267,0.644275,1,23,16,25,26,0
"2020-01-23 16:25:31.5",17313,100352,6.41,12.55,87,23.8702,94,38.604,1,11,0.7,23.8,0.46,0.3978366,0.6434,1,23,16,25,30,820000
"2020-01-23 16:25:37.15",17314,100353,4.67,12.53,87,23.8721,94,38.5291,1,11,0.7,24.3,0.34,0.3978683,0.6421516,1,23,16,25,36,470000
"2020-01-23 16:25:43.37",17315,100354,18.08,12.53,87,23.8741,94,38.4456,1,11,0.7,25,1.219,0.3979016,0.64076,1,23,16,25,42,690000
"2020-01-23 16:25:49.21",17316,100355,6.522,12.54,87,23.876,94,38.3682,1,11,0.7,24.7,0.46,0.3979333,0.63947,1,23,16,25,48,530000
"2020-01-23 16:25:53.91",17317,100356,5.624,12.54,87,23.8778,94,38.298,1,11,0.7,23.9,0.40,0.3979634,0.6383,1,23,16,25,53,230000
"2020-01-23 16:25:58.34",17318,100357,8.66,12.54,87,23.8778,94,38.2398,1,11,0.7,23.1,0.60,0.3979634,0.63733,1,23,16,25,57,660000
"2020-01-23 16:26:06.48",17319,100358,6.073,12.53,87,23.8782,94,38.133,1,11,0.7,22.5,0.43,0.39797,0.63555,1,23,16,26,5,800000
"2020-01-23 16:26:11.13",17320,100359,6.41,12.53,87,23.8778,94,38.0605,1,11,0.7,21.6,0.46,0.3979634,0.6343416,1,23,16,26,10,450000
"2020-01-23 16:26:16.46",17321,100360,8.09,12.54,87,23.8787,94,37.9991,1,11,0.7,20.3,0.57,0.3979783,0.6333183,1,23,16,26,15,780000
"2020-01-23 16:26:22.25",17322,100361,52.1,12.53,87,23.8813,94,37.9365,1,11,0.7,19.7,3.443,0.3980217,0.632275,1,23,16,26,21,570000
"2020-01-23 16:26:53.35",17323,100362,29.31,12.53,87,23.885,94,37.8424,1,11,0.7,21.1,1.953,0.3980833,0.6307067,1,23,16,26,52,670000
"2020-01-23 16:26:58.43",17324,100363,44.58,12.53,87,23.8874,94,37.7933,1,11,0.7,22,2.951,0.3981233,0.6298884,1,23,16,26,57,750000
"2020-01-23 16:27:06.63",17325,100364,13.59,12.53,87,23.8904,94,37.7267,1,11,0.7,23.8,0.93,0.3981733,0.6287783,1,23,16,27,5,950000
"2020-01-23 16:28:16.13",17326,100365,6.522,12.52,87,23.8921,94,37.6256,1,11,0.7,20.1,0.46,0.3982016,0.6270933,1,23,16,28,15,450000
"2020-01-23 16:28:21.81",17327,100366,12.92,12.53,87,23.8924,94,37.5306,1,11,0.7,19.8,0.88,0.3982067,0.62551,1,23,16,28,21,130000
"2020-01-23 16:28:27.65",17328,100367,8.60,12.52,87,23.8923,94,37.443,1,11,0.7,20.2,0.60,0.398205,0.62405,1,23,16,28,26,970000
"2020-01-23 16:28:33.72",17329,100368,14.16,12.52,87,23.8931,94,37.3601,1,11,0.7,19.6,0.96,0.3982183,0.6226683,1,23,16,28,33,40000
"2020-01-23 16:28:39.78",17330,100369,27.4,12.52,87,23.8946,94,37.2759,1,11,0.7,21.6,1.828,0.3982433,0.621265,1,23,16,28,39,100000
"2020-01-23 16:28:48.63",17331,100370,17.75,12.52,87,23.8982,94,37.1822,1,11,0.7,20.3,1.197,0.3983033,0.6197034,1,23,16,28,47,950000
"2020-01-23 16:28:55.25",17332,100371,5.343,12.52,87,23.8979,94,37.0984,1,11,0.7,19.6,0.39,0.3982983,0.6183067,1,23,16,28,54,570000
"2020-01-23 16:29:00.74",17333,100372,5.512,12.52,87,23.9004,94,37.0234,1,11,0.7,19.6,0.40,0.39834,0.6170567,1,23,16,29,0,60000
"2020-01-23 16:29:05.58",17334,100373,6.522,12.52,87,23.9017,94,36.9611,1,11,0.7,19.3,0.46,0.3983616,0.6160184,1,23,16,29,4,900000
"2020-01-23 16:29:11.16",17335,100374,19.32,12.52,87,23.9024,94,36.8895,1,11,0.7,19.2,1.3,0.3983733,0.614825,1,23,16,29,10,480000
"2020-01-23 16:29:17.68",17336,100375,15.84,12.52,87,23.9039,94,36.8203,1,11,0.7,19,1.072,0.3983983,0.6136717,1,23,16,29,17,0
"2020-01-23 16:29:29.2",17337,100376,5.849,12.52,87,23.9064,94,36.7051,1,11,0.7,19.7,0.42,0.39844,0.6117517,1,23,16,29,28,520000
"2020-01-23 16:29:34.31",17338,100377,6.41,12.52,87,23.9079,94,36.6478,1,11,0.7,19.4,0.46,0.398465,0.6107967,1,23,16,29,33,630000
"2020-01-23 16:29:40.01",17339,100378,22.13,12.52,87,23.9098,94,36.5802,1,11,0.7,19.6,1.483,0.3984966,0.60967,1,23,16,29,39,330000
"2020-01-23 16:29:47.26",17340,100379,11.8,12.52,87,23.9108,94,36.4964,1,11,0.7,19.4,0.81,0.3985134,0.6082733,1,23,16,29,46,580000
"2020-01-23 16:29:53.25",17341,100380,6.41,12.51,87,23.9095,94,36.4149,1,11,0.7,18.8,0.46,0.3984917,0.606915,1,23,16,29,52,570000
"2020-01-23 16:30:01.59",17342,100381,24.93,12.52,87,23.911,94,36.2906,1,11,0.7,18.5,1.667,0.3985166,0.6048433,1,23,16,30,0,910000
"2020-01-23 16:30:08.57",17343,100382,9.10,12.51,87,23.9111,94,36.1976,1,11,0.7,17.6,0.63,0.3985184,0.6032934,1,23,16,30,7.000,890000
"2020-01-23 16:30:15.15",17344,100383,9.55,12.51,87,23.9113,94,36.1109,1,11,0.7,17.1,0.66,0.3985217,0.6018484,1,23,16,30,14,470000
"2020-01-23 16:30:20.15",17345,100384,8.94,12.51,87,23.9124,94,36.0536,1,11,0.7,16.8,0.62,0.39854,0.6008933,1,23,16,30,19,470000
"2020-01-23 16:30:26.21",17346,100385,6.298,12.51,87,23.9134,94,35.9802,1,11,0.7,15.7,0.45,0.3985567,0.59967,1,23,16,30,25,530000
"2020-01-23 16:30:31.71",17347,100386,5.961,12.51,87,23.9159,94,35.9147,1,11,0.7,15.5,0.43,0.3985983,0.5985783,1,23,16,30,31,30000
"2020-01-23 16:30:37.16",17348,100387,7.308,12.51,87,23.9173,94,35.8536,1,11,0.7,15,0.51,0.3986216,0.59756,1,23,16,30,36,480000
"2020-01-23 16:30:42.92",17349,100388,8.09,12.51,87,23.9193,94,35.7808,1,11,0.7,14.7,0.57,0.398655,0.5963467,1,23,16,30,42,240000
"2020-01-23 16:30:48.71",17350,100389,7.701,12.51,87,23.9221,94,35.7198,1,11,0.7,14.4,0.54,0.3987017,0.59533,1,23,16,30,48,30000
"2020-01-23 16:30:55.38",17351,100390,6.41,12.51,87,23.9244,94,35.6675,1,11,0.7,14.8,0.46,0.39874,0.5944584,1,23,16,30,54,700000
"2020-01-23 16:31:06.68",17352,100391,14.27,12.5,87,23.9288,94,35.6006,1,11,0.7,14.9,0.97,0.3988133,0.5933434,1,23,16,31,6,0
"2020-01-23 16:31:11.25",17353,100392,5.961,12.51,87,23.9307,94,35.5642,1,11,0.7,14.7,0.43,0.398845,0.5927367,1,23,16,31,10,570000
"2020-01-23 16:31:18.97",17354,100393,4.053,12.5,87,23.9322,94,35.4717,1,11,0.7,14.6,0.30,0.39887,0.591195,1,23,16,31,18,290000
"2020-01-23 16:31:22.4",17355,100394,5.343,12.5,87,23.9324,94,35.4378,1,11,0.7,14.5,0.39,0.3988733,0.59063,1,23,16,31,21,720000
"2020-01-23 16:31:27.18",17356,100395,6.691,12.5,87,23.9329,94,35.3779,1,11,0.7,14.3,0.47,0.3988816,0.5896317,1,23,16,31,26,500000
"2020-01-23 16:31:33.02",17357,100396,7.589,12.51,87,23.9313,94,35.2981,1,11,0.7,13.8,0.53,0.398855,0.5883016,1,23,16,31,32,340000
"2020-01-23 16:31:37.21",17358,100397,15.28,12.51,87,23.9304,94,35.2461,1,11,0.7,13.5,1.035,0.39884,0.587435,1,23,16,31,36,530000
"2020-01-23 16:31:41.87",17359,100398,25.49,12.5,87,23.9301,94,35.1839,1,11,0.7,13.4,1.703,0.398835,0.5863983,1,23,16,31,41,190000
"2020-01-23 16:31:48.05",17360,100399,17.58,12.5,87,23.9308,94,35.1224,1,11,0.7,13.6,1.186,0.3988466,0.5853733,1,23,16,31,47,370000
"2020-01-23 16:31:56.41",17361,100400,8.54,12.5,87,23.9331,94,35.0357,1,11,0.7,13.6,0.60,0.398885,0.5839284,1,23,16,31,55,730000
