"TOA5","35279","CR800","35279","CR800.Std.27.04","CPU:AWI_V2.1_Anja.CR8","15615","OperatorView"
"TIMESTAMP","RECORD","Counter","DepthCm","BattVolts","latitude_a","latitude_b","Longitude_a","Longitude_b","fix_quality","nmbr_satellites","HDOP","altitudeB","DepthVolts","LatitudeDDDDD","LongitudeDDDDD","month","dayofmonth","hourofday","minutes","seconds","microseconds"
"TS","RN","","","","degrees","minutes","degrees","minutes","unitless","","","","","","","","","","","",""
"","","Smp","Smp","Smp","Smp","Smp","Smp","Smp","Smp","Smp","Smp","Smp","Smp","Smp","Smp","Smp","Smp","Smp","Smp","Smp","Smp"
"2020-02-07 13:50:21.88",24818,100471,6.966,12.33,87,38.5714,93,49.5852,1,12,0.7,-5.2,0.49,0.6428566,0.82642,2,7.000,13,50,21,200000
"2020-02-07 13:50:41.58",24819,100472,4.946,12.33,87,38.5722,93,49.5994,1,12,0.7,-4.9,0.36,0.64287,0.8266566,2,7.000,13,50,40,900000
"2020-02-07 13:50:44.39",24820,100473,5.283,12.32,87,38.5725,93,49.597,1,12,0.7,-5,0.38,0.642875,0.8266166,2,7.000,13,50,43,710000
"2020-02-07 13:50:46.98",24821,100474,4.61,12.33,87,38.5728,93,49.6001,1,12,0.7,-5,0.34,0.64288,0.8266684,2,7.000,13,50,46,300000
"2020-02-07 13:50:53.76",24822,100475,3.6,12.32,87,38.5731,93,49.5977,1,12,0.7,-4.9,0.27,0.642885,0.8266283,2,7.000,13,50,53,80000
"2020-02-07 13:50:56.07",24823,100476,4.273,12.32,87,38.5737,93,49.6067,1,12,0.7,-4.9,0.32,0.642895,0.8267783,2,7.000,13,50,55,390000
"2020-02-07 13:51:41.81",24824,100477,10.67,12.32,87,38.5746,93,49.6104,1,12,0.7,-5.2,0.73,0.64291,0.8268401,2,7.000,13,51,41,130000
"2020-02-07 13:51:43.3",24825,100478,6.068,12.33,87,38.575,93,49.6124,1,12,0.7,-5,0.43,0.6429167,0.8268734,2,7.000,13,51,42,620000
"2020-02-07 13:51:45.6",24826,100479,7.527,12.33,87,38.5756,93,49.6151,1,12,0.7,-4.7,0.53,0.6429266,0.8269184,2,7.000,13,51,44,920000
"2020-02-07 13:51:47.08",24827,100480,8.65,12.32,87,38.5762,93,49.625,1,12,0.7,-4.7,0.60,0.6429366,0.8270834,2,7.000,13,51,46,400000
"2020-02-07 13:51:48.53",24828,100481,9.32,12.32,87,38.5766,93,49.6263,1,12,0.7,-4.7,0.65,0.6429433,0.827105,2,7.000,13,51,47,850000
"2020-02-07 13:51:49.91",24829,100482,11.34,12.33,87,38.577,93,49.629,1,12,0.7,-4.6,0.78,0.64295,0.8271501,2,7.000,13,51,49,230000
"2020-02-07 13:51:51.32",24830,100483,11.79,12.32,87,38.5778,93,49.6372,1,12,0.7,-4.5,0.81,0.6429634,0.8272866,2,7.000,13,51,50,640000
"2020-02-07 13:51:52.67",24831,100484,16.33,12.32,87,38.5782,93,49.6417,1,12,0.7,-4.5,1.104,0.64297,0.8273617,2,7.000,13,51,51,990000
"2020-02-07 13:51:54.14",24832,100485,16.73,12.32,87,38.579,93,49.6484,1,12,0.7,-4.4,1.13,0.6429833,0.8274734,2,7.000,13,51,53,460000
"2020-02-07 13:51:55.6",24833,100486,15.38,12.31,87,38.5794,93,49.6523,1,12,0.7,-4.3,1.042,0.64299,0.8275384,2,7.000,13,51,54,920000
"2020-02-07 13:51:57.01",24834,100487,14.15,12.33,87,38.5801,93,49.6575,1,12,0.7,-4.4,0.96,0.6430017,0.827625,2,7.000,13,51,56,330000
"2020-02-07 13:51:58.62",24835,100488,12.52,12.33,87,38.5805,93,49.6604,1,12,0.7,-4.5,0.86,0.6430084,0.8276733,2,7.000,13,51,57,940000
"2020-02-07 13:52:00.14",24836,100489,12.57,12.32,87,38.5812,93,49.6678,1,12,0.7,-4.2,0.86,0.64302,0.8277967,2,7.000,13,51,59,460000
"2020-02-07 13:52:01.56",24837,100490,9.43,12.32,87,38.5816,93,49.6709,1,12,0.7,-4.2,0.65,0.6430266,0.8278483,2,7.000,13,52,0,880000
"2020-02-07 13:52:03.1",24838,100491,8.09,12.32,87,38.5824,93,49.6746,1,12,0.7,-4.3,0.57,0.64304,0.82791,2,7.000,13,52,2,420000
"2020-02-07 13:52:04.66",24839,100492,7.863,12.31,87,38.5827,93,49.6783,1,12,0.7,-4.3,0.55,0.643045,0.8279716,2,7.000,13,52,3,980000
"2020-02-07 13:52:06.07",24840,100493,11.34,12.32,87,38.5835,93,49.6842,1,12,0.7,-4.3,0.78,0.6430584,0.82807,2,7.000,13,52,5,390000
"2020-02-07 13:52:07.52",24841,100494,11.23,12.31,87,38.5839,93,49.6886,1,12,0.7,-4.3,0.77,0.643065,0.8281433,2,7.000,13,52,6,840000
"2020-02-07 13:52:09.61",24842,100495,12.01,12.31,87,38.5846,93,49.6933,1,12,0.7,-4.3,0.82,0.6430766,0.8282216,2,7.000,13,52,8,930000
"2020-02-07 13:52:11.09",24843,100496,12.24,12.31,87,38.5854,93,49.7002,1,12,0.7,-4.2,0.84,0.64309,0.8283366,2,7.000,13,52,10,410000
"2020-02-07 13:52:12.63",24844,100497,13.7,12.31,87,38.5857,93,49.7027,1,12,0.7,-4.3,0.93,0.643095,0.8283784,2,7.000,13,52,11,950000
"2020-02-07 13:52:14.26",24845,100498,13.3,12.31,87,38.5864,93,49.7123,1,12,0.7,-4.4,0.91,0.6431066,0.8285383,2,7.000,13,52,13,580000
"2020-02-07 13:52:15.76",24846,100499,15.15,12.32,87,38.5868,93,49.7144,1,12,0.7,-4.5,1.027,0.6431133,0.8285734,2,7.000,13,52,15,80000
"2020-02-07 13:52:17.28",24847,100500,19.98,12.32,87,38.5876,93,49.7147,1,12,0.7,-4.5,1.343,0.6431267,0.8285783,2,7.000,13,52,16,600000
"2020-02-07 13:52:18.77",24848,100501,25.03,12.32,87,38.5879,93,49.715,1,12,0.7,-4.5,1.673,0.6431316,0.8285834,2,7.000,13,52,18,90000
"2020-02-07 13:52:20.3",24849,100502,31.2,12.32,87,38.5886,93,49.7198,1,12,0.7,-4.5,2.076,0.6431434,0.8286633,2,7.000,13,52,19,620000
"2020-02-07 13:52:22.03",24850,100503,10.44,12.32,87,38.5893,93,49.7216,1,12,0.7,-4.4,0.72,0.643155,0.8286934,2,7.000,13,52,21,350000
"2020-02-07 13:52:23.79",24851,100504,37.03,12.31,87,38.5896,93,49.7252,1,12,0.7,-4.4,2.458,0.64316,0.8287534,2,7.000,13,52,23,110000
"2020-02-07 13:52:25.5",24852,100505,28.62,12.32,87,38.5899,93,49.7292,1,12,0.7,-4.4,1.908,0.643165,0.82882,2,7.000,13,52,24,820000
"2020-02-07 13:52:27.08",24853,100506,15.49,12.31,87,38.5904,93,49.7309,1,12,0.7,-4.4,1.049,0.6431733,0.8288483,2,7.000,13,52,26,400000
"2020-02-07 13:52:28.7",24854,100507,18.8,12.31,87,38.5907,93,49.7321,1,12,0.7,-4.4,1.266,0.6431783,0.8288683,2,7.000,13,52,28,10000
"2020-02-07 13:52:30.21",24855,100508,14.87,12.32,87,38.5913,93,49.7352,1,12,0.7,-4.5,1.009,0.6431884,0.82892,2,7.000,13,52,29,530000
"2020-02-07 13:52:31.66",24856,100509,16.33,12.32,87,38.5917,93,49.7378,1,12,0.7,-4.6,1.104,0.643195,0.8289634,2,7.000,13,52,30,980000
"2020-02-07 13:52:33.34",24857,100510,11.79,12.31,87,38.5924,93,49.7426,1,12,0.7,-4.6,0.81,0.6432066,0.8290434,2,7.000,13,52,32,660000
"2020-02-07 13:52:34.99",24858,100511,17.17,12.31,87,38.593,93,49.7464,1,12,0.7,-4.7,1.159,0.6432167,0.8291066,2,7.000,13,52,34,310000
"2020-02-07 13:52:38.67",24859,100512,16.22,12.32,87,38.5938,93,49.7439,1,12,0.7,-4.7,1.097,0.64323,0.829065,2,7.000,13,52,37,990000
"2020-02-07 13:52:40.13",24860,100513,17.06,12.31,87,38.5943,93,49.746,1,12,0.7,-4.5,1.152,0.6432383,0.8290999,2,7.000,13,52,39,450000
"2020-02-07 13:52:41.56",24861,100514,16.84,12.31,87,38.5947,93,49.7474,1,12,0.7,-4.5,1.137,0.643245,0.8291233,2,7.000,13,52,40,880000
"2020-02-07 13:52:42.99",24862,100515,16.84,12.31,87,38.5953,93,49.7512,1,12,0.7,-4.6,1.137,0.643255,0.8291866,2,7.000,13,52,42,310000
"2020-02-07 13:52:44.35",24863,100516,14.43,12.31,87,38.5956,93,49.7525,1,12,0.7,-4.6,0.98,0.64326,0.8292083,2,7.000,13,52,43,670000
"2020-02-07 13:52:45.82",24864,100517,11.79,12.31,87,38.5959,93,49.7554,1,12,0.7,-4.6,0.81,0.643265,0.8292567,2,7.000,13,52,45,140000
"2020-02-07 13:52:47.17",24865,100518,13.47,12.31,87,38.5965,93,49.7586,1,12,0.7,-4.6,0.92,0.643275,0.82931,2,7.000,13,52,46,490000
"2020-02-07 13:52:48.58",24866,100519,17.06,12.31,87,38.5968,93,49.7612,1,12,0.7,-4.6,1.152,0.64328,0.8293534,2,7.000,13,52,47,900000
"2020-02-07 13:52:50.08",24867,100520,22.28,12.31,87,38.5973,93,49.7665,1,12,0.7,-4.7,1.493,0.6432884,0.8294417,2,7.000,13,52,49,400000
"2020-02-07 13:52:51.66",24868,100521,33.44,12.31,87,38.5976,93,49.7658,1,12,0.7,-4.8,2.223,0.6432933,0.82943,2,7.000,13,52,50,980000
"2020-02-07 13:52:53.32",24869,100522,39.27,12.31,87,38.5981,93,49.7686,1,12,0.7,-4.5,2.605,0.6433017,0.8294766,2,7.000,13,52,52,640000
"2020-02-07 13:52:54.9",24870,100523,49.48,12.31,87,38.5983,93,49.771,1,12,0.7,-4.5,3.272,0.643305,0.8295166,2,7.000,13,52,54,220000
"2020-02-07 13:52:56.78",24871,100524,18.18,12.31,87,38.5986,93,49.7743,1,12,0.7,-4.5,1.225,0.64331,0.8295717,2,7.000,13,52,56,100000
"2020-02-07 13:52:58.63",24872,100525,38.32,12.31,87,38.5989,93,49.777,1,12,0.7,-4.4,2.542,0.643315,0.8296166,2,7.000,13,52,57,950000
"2020-02-07 13:53:00.62",24873,100526,36.13,12.31,87,38.5994,93,49.7835,1,12,0.7,-4.6,2.399,0.6433233,0.829725,2,7.000,13,52,59,940000
"2020-02-07 13:53:02.39",24874,100527,25.03,12.31,87,38.5999,93,49.787,1,12,0.7,-4.7,1.673,0.6433316,0.8297834,2,7.000,13,53,1,710000
"2020-02-07 13:53:04.12",24875,100528,22,12.31,87,38.6004,93,49.7925,1,12,0.7,-4.8,1.475,0.64334,0.829875,2,7.000,13,53,3,440000
"2020-02-07 13:53:05.83",24876,100529,20.65,12.31,87,38.6007,93,49.7935,1,12,0.7,-4.9,1.387,0.643345,0.8298916,2,7.000,13,53,5,150000
"2020-02-07 13:53:08.84",24877,100530,20.09,12.31,87,38.6014,93,49.8006,1,12,0.7,-4.8,1.35,0.6433566,0.83001,2,7.000,13,53,8,160000
"2020-02-07 13:53:10.53",24878,100531,17.06,12.31,87,38.6014,93,49.8037,1,12,0.7,-4.9,1.152,0.6433566,0.8300617,2,7.000,13,53,9,850000
"2020-02-07 13:53:12.09",24879,100532,15.32,12.31,87,38.6021,93,49.8108,1,12,0.7,-4.8,1.038,0.6433684,0.83018,2,7.000,13,53,11,410000
"2020-02-07 13:53:13.55",24880,100533,15.04,12.31,87,38.6024,93,49.8114,1,12,0.7,-4.8,1.02,0.6433734,0.83019,2,7.000,13,53,12,870000
"2020-02-07 13:53:15.12",24881,100534,13.92,12.31,87,38.603,93,49.8145,1,12,0.7,-4.8,0.95,0.6433833,0.8302416,2,7.000,13,53,14,440000
"2020-02-07 13:53:16.62",24882,100535,13.25,12.31,87,38.6033,93,49.8178,1,12,0.7,-4.9,0.90,0.6433883,0.8302966,2,7.000,13,53,15,940000
"2020-02-07 13:53:18.14",24883,100536,12.35,12.31,87,38.6039,93,49.8225,1,12,0.7,-4.9,0.84,0.6433984,0.830375,2,7.000,13,53,17,460000
"2020-02-07 13:53:19.7",24884,100537,10.95,12.31,87,38.6041,93,49.8278,1,12,0.7,-4.9,0.75,0.6434017,0.8304634,2,7.000,13,53,19,20000
"2020-02-07 13:53:21.12",24885,100538,11.17,12.31,87,38.6048,93,49.8324,1,12,0.7,-4.8,0.77,0.6434134,0.83054,2,7.000,13,53,20,440000
"2020-02-07 13:53:22.64",24886,100539,11.45,12.31,87,38.6052,93,49.8342,1,12,0.7,-4.9,0.79,0.64342,0.8305701,2,7.000,13,53,21,960000
"2020-02-07 13:53:24.11",24887,100540,12.24,12.31,87,38.6059,93,49.8358,1,12,0.7,-4.9,0.84,0.6434317,0.8305967,2,7.000,13,53,23,430000
"2020-02-07 13:53:25.69",24888,100541,11.23,12.31,87,38.6062,93,49.8368,1,12,0.7,-4.8,0.77,0.6434367,0.8306133,2,7.000,13,53,25,10000
"2020-02-07 13:53:27.13",24889,100542,9.15,12.31,87,38.6068,93,49.8411,1,12,0.7,-4.7,0.64,0.6434467,0.830685,2,7.000,13,53,26,450000
"2020-02-07 13:53:28.53",24890,100543,6.854,12.31,87,38.6072,93,49.8431,1,12,0.7,-4.6,0.48,0.6434534,0.8307183,2,7.000,13,53,27,850000
"2020-02-07 13:53:29.95",24891,100544,5.62,12.31,87,38.6074,93,49.844,1,12,0.7,-4.6,0.40,0.6434566,0.8307334,2,7.000,13,53,29,270000
"2020-02-07 13:53:32.44",24892,100545,5.844,12.31,87,38.6084,93,49.8485,1,12,0.7,-4.6,0.42,0.6434733,0.8308083,2,7.000,13,53,31,760000
"2020-02-07 13:53:33.93",24893,100546,6.349,12.31,87,38.6086,93,49.8494,1,12,0.7,-4.7,0.45,0.6434767,0.8308233,2,7.000,13,53,33,250000
"2020-02-07 13:53:35.35",24894,100547,6.854,12.31,87,38.6091,93,49.8556,1,12,0.7,-4.7,0.48,0.643485,0.8309266,2,7.000,13,53,34,670000
"2020-02-07 13:53:36.78",24895,100548,15.49,12.31,87,38.6094,93,49.8592,1,12,0.7,-4.7,1.049,0.64349,0.8309866,2,7.000,13,53,36,100000
"2020-02-07 13:53:38.32",24896,100549,11.34,12.31,87,38.6101,93,49.8643,1,12,0.7,-4.7,0.78,0.6435016,0.8310717,2,7.000,13,53,37,640000
"2020-02-07 13:53:39.84",24897,100550,14.59,12.31,87,38.6103,93,49.8663,1,12,0.7,-4.7,0.99,0.643505,0.831105,2,7.000,13,53,39,160000
"2020-02-07 13:53:41.55",24898,100551,18.07,12.31,87,38.6109,93,49.8717,1,12,0.7,-4.7,1.218,0.643515,0.831195,2,7.000,13,53,40,870000
"2020-02-07 13:53:43.13",24899,100552,16.61,12.3,87,38.6114,93,49.8746,1,12,0.7,-4.5,1.123,0.6435233,0.8312434,2,7.000,13,53,42,450000
"2020-02-07 13:53:44.69",24900,100553,11.79,12.3,87,38.6118,93,49.8768,1,12,0.7,-4.6,0.81,0.64353,0.83128,2,7.000,13,53,44,0
"2020-02-07 13:53:46.45",24901,100554,8.82,12.31,87,38.6123,93,49.883,1,12,0.7,-4.8,0.61,0.6435384,0.8313834,2,7.000,13,53,45,770000
"2020-02-07 13:53:47.98",24902,100555,10.78,12.3,87,38.6128,93,49.8901,1,12,0.7,-4.9,0.74,0.6435467,0.8315017,2,7.000,13,53,47,300000
"2020-02-07 13:53:49.95",24903,100556,3.601,12.31,87,38.6131,93,49.8937,1,12,0.7,-5,0.27,0.6435516,0.8315617,2,7.000,13,53,49,270000
"2020-02-07 13:53:51.58",24904,100557,11.23,12.31,87,38.6135,93,49.8984,1,11,0.7,-4.9,0.77,0.6435583,0.83164,2,7.000,13,53,50,900000
"2020-02-07 13:53:53.07",24905,100558,9.43,12.3,87,38.6141,93,49.9044,1,12,0.7,-4.9,0.65,0.6435683,0.83174,2,7.000,13,53,52,390000
"2020-02-07 13:53:54.63",24906,100559,10.89,12.31,87,38.6144,93,49.9063,1,12,0.7,-5,0.75,0.6435734,0.8317717,2,7.000,13,53,53,950000
"2020-02-07 13:53:56.11",24907,100560,10.5,12.31,87,38.615,93,49.9103,1,12,0.7,-5.1,0.72,0.6435834,0.8318384,2,7.000,13,53,55,430000
"2020-02-07 13:53:57.54",24908,100561,13.7,12.3,87,38.6154,93,49.9122,1,12,0.7,-5.1,0.93,0.64359,0.83187,2,7.000,13,53,56,860000
"2020-02-07 13:53:59.21",24909,100562,12.46,12.3,87,38.616,93,49.9166,1,12,0.7,-5.1,0.85,0.6436,0.8319434,2,7.000,13,53,58,530000
"2020-02-07 13:54:00.71",24910,100563,13.19,12.31,87,38.6165,93,49.9202,1,12,0.7,-5.1,0.90,0.6436083,0.8320034,2,7.000,13,54,0,30000
"2020-02-07 13:54:02.19",24911,100564,11.57,12.3,87,38.6174,93,49.9263,1,12,0.7,-5.1,0.79,0.6436234,0.832105,2,7.000,13,54,1,510000
"2020-02-07 13:54:03.68",24912,100565,7.583,12.31,87,38.6176,93,49.9272,1,12,0.7,-5.2,0.53,0.6436266,0.83212,2,7.000,13,54,3,0
"2020-02-07 13:54:05.57",24913,100566,7.303,12.31,87,38.6183,93,49.9298,1,12,0.7,-5.2,0.51,0.6436384,0.8321633,2,7.000,13,54,4,890000
"2020-02-07 13:54:09.29",24914,100567,5.956,12.3,87,38.619,93,49.933,1,12,0.7,-5.1,0.43,0.64365,0.8322166,2,7.000,13,54,8,610000
"2020-02-07 13:54:10.69",24915,100568,6.293,12.31,87,38.6192,93,49.9332,1,12,0.7,-5.1,0.45,0.6436533,0.83222,2,7.000,13,54,10,10000
"2020-02-07 13:54:12.04",24916,100569,7.078,12.31,87,38.6199,93,49.9381,1,12,0.7,-5,0.50,0.643665,0.8323017,2,7.000,13,54,11,360000
"2020-02-07 13:54:13.35",24917,100570,5.788,12.3,87,38.6202,93,49.9407,1,12,0.7,-5.1,0.42,0.64367,0.832345,2,7.000,13,54,12,670000
"2020-02-07 13:54:14.96",24918,100571,7.078,12.31,87,38.6206,93,49.9431,1,12,0.7,-5.1,0.50,0.6436767,0.832385,2,7.000,13,54,14,270000
"2020-02-07 13:54:16.29",24919,100572,9.49,12.31,87,38.6213,93,49.9513,1,12,0.7,-5.1,0.66,0.6436883,0.8325217,2,7.000,13,54,15,610000
"2020-02-07 13:54:17.83",24920,100573,10.39,12.3,87,38.6216,93,49.9548,1,12,0.7,-5.1,0.72,0.6436933,0.83258,2,7.000,13,54,17,150000
"2020-02-07 13:54:19.15",24921,100574,9.77,12.3,87,38.6224,93,49.9607,1,12,0.7,-5.2,0.68,0.6437066,0.8326784,2,7.000,13,54,18,470000
"2020-02-07 13:54:20.52",24922,100575,9.77,12.31,87,38.6227,93,49.9636,1,12,0.7,-5.2,0.68,0.6437117,0.8327266,2,7.000,13,54,19,840000
"2020-02-07 13:54:21.95",24923,100576,11.68,12.3,87,38.6234,93,49.9714,1,12,0.7,-5.3,0.8,0.6437234,0.8328567,2,7.000,13,54,21,270000
"2020-02-07 13:54:23.37",24924,100577,10.44,12.3,87,38.6237,93,49.9768,1,11,0.7,-5.4,0.72,0.6437283,0.8329466,2,7.000,13,54,22,690000
"2020-02-07 13:54:24.76",24925,100578,13.25,12.3,87,38.6241,93,49.9802,1,11,0.7,-5.4,0.90,0.643735,0.8330034,2,7.000,13,54,24,80000
"2020-02-07 13:54:26.15",24926,100579,13.25,12.3,87,38.6249,93,49.9867,1,11,0.8,-5.4,0.90,0.6437484,0.8331117,2,7.000,13,54,25,470000
"2020-02-07 13:54:27.59",24927,100580,17.51,12.3,87,38.6251,93,49.9927,1,12,0.7,-5.5,1.181,0.6437517,0.8332117,2,7.000,13,54,26,910000
"2020-02-07 13:54:29.07",24928,100581,12.41,12.3,87,38.6257,93,49.9995,1,12,0.7,-5.4,0.85,0.6437617,0.833325,2,7.000,13,54,28,390000
"2020-02-07 13:54:30.53",24929,100582,12.91,12.3,87,38.626,93,50.0027,1,11,0.8,-5.4,0.88,0.6437666,0.8333784,2,7.000,13,54,29,850000
"2020-02-07 13:54:32.31",24930,100583,11.96,12.3,87,38.6265,93,50.0089,1,12,0.7,-5.4,0.82,0.643775,0.8334817,2,7.000,13,54,31,630000
"2020-02-07 13:54:33.67",24931,100584,14.71,12.3,87,38.6268,93,50.0132,1,12,0.7,-5.6,1.00,0.64378,0.8335533,2,7.000,13,54,32,990000
"2020-02-07 13:54:35.17",24932,100585,15.72,12.3,87,38.6274,93,50.017,1,11,0.8,-5.7,1.064,0.64379,0.8336166,2,7.000,13,54,34,490000
"2020-02-07 13:54:36.54",24933,100586,15.94,12.3,87,38.6277,93,50.019,1,11,0.7,-5.7,1.079,0.643795,0.83365,2,7.000,13,54,35,860000
"2020-02-07 13:54:38.01",24934,100587,18.86,12.3,87,38.6284,93,50.0234,1,11,0.8,-5.8,1.269,0.6438066,0.8337233,2,7.000,13,54,37,330000
"2020-02-07 13:54:39.6",24935,100588,15.83,12.3,87,38.6287,93,50.0261,1,12,0.7,-5.8,1.071,0.6438116,0.8337683,2,7.000,13,54,38,920000
"2020-02-07 13:54:41.37",24936,100589,13.58,12.3,87,38.6293,93,50.0323,1,11,0.7,-5.9,0.92,0.6438216,0.8338717,2,7.000,13,54,40,690000
"2020-02-07 13:54:42.89",24937,100590,13.47,12.3,87,38.6295,93,50.0332,1,11,0.7,-5.9,0.92,0.643825,0.8338867,2,7.000,13,54,42,210000
"2020-02-07 13:54:44.36",24938,100591,21.72,12.3,87,38.6301,93,50.039,1,11,0.7,-6,1.456,0.643835,0.8339834,2,7.000,13,54,43,680000
"2020-02-07 13:54:45.91",24939,100592,16.05,12.3,87,38.6303,93,50.0393,1,12,0.7,-6,1.086,0.6438383,0.8339883,2,7.000,13,54,45,220000
"2020-02-07 13:54:47.45",24940,100593,22.78,12.3,87,38.6308,93,50.0427,1,12,0.7,-6,1.526,0.6438466,0.834045,2,7.000,13,54,46,770000
"2020-02-07 13:54:48.88",24941,100594,20.99,12.3,87,38.631,93,50.0448,1,12,0.7,-6,1.409,0.64385,0.83408,2,7.000,13,54,48,200000
"2020-02-07 13:54:50.39",24942,100595,22.56,12.3,87,38.6316,93,50.0474,1,12,0.7,-6.1,1.511,0.64386,0.8341234,2,7.000,13,54,49,710000
"2020-02-07 13:54:52.38",24943,100596,20.54,12.3,87,38.6322,93,50.0496,1,12,0.7,-6,1.379,0.64387,0.83416,2,7.000,13,54,51,700000
"2020-02-07 13:54:53.88",24944,100597,20.65,12.3,87,38.6324,93,50.0509,1,12,0.7,-6,1.387,0.6438733,0.8341817,2,7.000,13,54,53,200000
"2020-02-07 13:54:56.7",24945,100598,20.09,12.3,87,38.6332,93,50.0521,1,12,0.7,-6,1.35,0.6438867,0.8342017,2,7.000,13,54,56,20000
"2020-02-07 13:54:58.34",24946,100599,20.43,12.3,87,38.6336,93,50.0555,1,12,0.7,-6,1.372,0.6438933,0.8342583,2,7.000,13,54,57,660000
"2020-02-07 13:54:59.8",24947,100600,17.74,12.3,87,38.6338,93,50.0555,1,12,0.7,-6,1.196,0.6438967,0.8342583,2,7.000,13,54,59,120000
"2020-02-07 13:55:01.32",24948,100601,14.65,12.3,87,38.6342,93,50.0654,1,12,0.7,-6.2,0.99,0.6439034,0.8344233,2,7.000,13,55,0,640000
"2020-02-07 13:55:02.83",24949,100602,15.72,12.3,87,38.6344,93,50.0665,1,12,0.7,-6.4,1.064,0.6439066,0.8344418,2,7.000,13,55,2,150000
"2020-02-07 13:55:04.38",24950,100603,16.28,12.3,87,38.635,93,50.0725,1,12,0.7,-6.5,1.101,0.6439167,0.8345416,2,7.000,13,55,3,700000
"2020-02-07 13:55:08.57",24951,100604,14.37,12.3,87,38.6355,93,50.0726,1,12,0.7,-6.4,0.98,0.643925,0.8345434,2,7.000,13,55,7.000,890000
"2020-02-07 13:55:10.06",24952,100605,15.55,12.3,87,38.6358,93,50.0762,1,12,0.7,-6.5,1.053,0.64393,0.8346033,2,7.000,13,55,9,380000
"2020-02-07 13:55:11.56",24953,100606,13.75,12.3,87,38.6361,93,50.0777,1,12,0.7,-6.5,0.94,0.643935,0.8346283,2,7.000,13,55,10,880000
"2020-02-07 13:55:13",24954,100607,12.46,12.3,87,38.6367,93,50.0828,1,12,0.7,-6.6,0.85,0.643945,0.8347134,2,7.000,13,55,12,320000
"2020-02-07 13:55:14.48",24955,100608,16.28,12.3,87,38.637,93,50.0848,1,12,0.7,-6.5,1.101,0.64395,0.8347466,2,7.000,13,55,13,800000
"2020-02-07 13:55:15.99",24956,100609,16.39,12.29,87,38.6376,93,50.0905,1,12,0.7,-6.6,1.108,0.64396,0.8348417,2,7.000,13,55,15,310000
"2020-02-07 13:55:17.52",24957,100610,15.04,12.29,87,38.6379,93,50.0918,1,12,0.7,-6.5,1.02,0.643965,0.8348634,2,7.000,13,55,16,840000
"2020-02-07 13:55:19.02",24958,100611,15.66,12.3,87,38.6385,93,50.0948,1,12,0.7,-6.4,1.06,0.643975,0.8349133,2,7.000,13,55,18,340000
"2020-02-07 13:55:20.55",24959,100612,14.54,12.3,87,38.6388,93,50.0964,1,12,0.7,-6.4,0.99,0.64398,0.83494,2,7.000,13,55,19,870000
"2020-02-07 13:55:22.08",24960,100613,12.46,12.29,87,38.6393,93,50.0999,1,12,0.7,-6.5,0.85,0.6439884,0.8349983,2,7.000,13,55,21,400000
"2020-02-07 13:55:23.46",24961,100614,15.83,12.3,87,38.6395,93,50.1018,1,12,0.7,-6.4,1.071,0.6439916,0.8350299,2,7.000,13,55,22,780000
"2020-02-07 13:55:24.94",24962,100615,13.36,12.29,87,38.6401,93,50.1056,1,12,0.7,-6.4,0.91,0.6440017,0.8350933,2,7.000,13,55,24,260000
"2020-02-07 13:55:26.42",24963,100616,15.38,12.29,87,38.6404,93,50.1077,1,12,0.7,-6.4,1.042,0.6440067,0.8351284,2,7.000,13,55,25,740000
"2020-02-07 13:55:27.93",24964,100617,13.3,12.3,87,38.641,93,50.1119,1,12,0.7,-6.4,0.91,0.6440166,0.8351983,2,7.000,13,55,27,240000
"2020-02-07 13:55:29.42",24965,100618,10.33,12.29,87,38.6413,93,50.1147,1,12,0.7,-6.4,0.71,0.6440217,0.835245,2,7.000,13,55,28,740000
"2020-02-07 13:55:30.93",24966,100619,12.46,12.29,87,38.6418,93,50.1196,1,12,0.7,-6.4,0.85,0.64403,0.8353266,2,7.000,13,55,30,240000
"2020-02-07 13:55:32.51",24967,100620,16.56,12.29,87,38.6421,93,50.1207,1,12,0.7,-6.4,1.119,0.644035,0.835345,2,7.000,13,55,31,830000
"2020-02-07 13:55:34.03",24968,100621,17.12,12.3,87,38.6426,93,50.1257,1,12,0.7,-6.4,1.156,0.6440433,0.8354283,2,7.000,13,55,33,350000
"2020-02-07 13:55:35.52",24969,100622,18.86,12.29,87,38.6428,93,50.1277,1,12,0.7,-6.4,1.269,0.6440467,0.8354617,2,7.000,13,55,34,840000
"2020-02-07 13:55:37.42",24970,100623,17.96,12.3,87,38.6433,93,50.1334,1,12,0.7,-6.5,1.211,0.644055,0.8355567,2,7.000,13,55,36,740000
"2020-02-07 13:55:38.94",24971,100624,20.99,12.3,87,38.6438,93,50.1403,1,12,0.7,-6.4,1.409,0.6440633,0.8356717,2,7.000,13,55,38,260000
"2020-02-07 13:55:40.55",24972,100625,21.89,12.29,87,38.6441,93,50.1444,1,12,0.7,-6.4,1.467,0.6440684,0.83574,2,7.000,13,55,39,870000
"2020-02-07 13:55:42.12",24973,100626,22,12.29,87,38.6446,93,50.1497,1,12,0.7,-6.3,1.475,0.6440766,0.8358284,2,7.000,13,55,41,440000
"2020-02-07 13:55:43.94",24974,100627,17.62,12.29,87,38.6452,93,50.1522,1,12,0.7,-6.4,1.189,0.6440866,0.83587,2,7.000,13,55,43,250000
"2020-02-07 13:55:46.57",24975,100628,18.07,12.29,87,38.6456,93,50.1528,1,12,0.7,-6.2,1.218,0.6440933,0.8358801,2,7.000,13,55,45,890000
"2020-02-07 13:55:48.32",24976,100629,19.42,12.3,87,38.6459,93,50.1527,1,12,0.7,-6.2,1.306,0.6440984,0.8358783,2,7.000,13,55,47,640000
"2020-02-07 13:55:49.9",24977,100630,20.99,12.29,87,38.6462,93,50.1532,1,12,0.7,-6.2,1.409,0.6441033,0.8358866,2,7.000,13,55,49,220000
"2020-02-07 13:55:51.39",24978,100631,19.25,12.3,87,38.6468,93,50.1584,1,12,0.7,-6.2,1.295,0.6441134,0.8359734,2,7.000,13,55,50,710000
"2020-02-07 13:55:53.14",24979,100632,19.87,12.3,87,38.6473,93,50.164,1,12,0.7,-6.4,1.335,0.6441217,0.8360666,2,7.000,13,55,52,460000
"2020-02-07 13:55:54.69",24980,100633,19.87,12.29,87,38.6477,93,50.1624,1,12,0.7,-6.5,1.335,0.6441284,0.83604,2,7.000,13,55,54,10000
"2020-02-07 13:55:56.22",24981,100634,17.51,12.29,87,38.6483,93,50.161,1,12,0.7,-6.4,1.181,0.6441383,0.8360166,2,7.000,13,55,55,540000
"2020-02-07 13:55:57.89",24982,100635,18.07,12.29,87,38.6487,93,50.1639,1,12,0.7,-6.3,1.218,0.644145,0.836065,2,7.000,13,55,57,210000
"2020-02-07 13:55:59.6",24983,100636,15.49,12.29,87,38.6491,93,50.1666,1,12,0.7,-6.4,1.049,0.6441517,0.83611,2,7.000,13,55,58,920000
"2020-02-07 13:56:01.13",24984,100637,19.98,12.29,87,38.6497,93,50.1708,1,12,0.7,-6.3,1.343,0.6441616,0.83618,2,7.000,13,56,0,450000
"2020-02-07 13:56:02.75",24985,100638,19.08,12.29,87,38.6499,93,50.1727,1,12,0.7,-6.3,1.284,0.644165,0.8362116,2,7.000,13,56,2,70000
"2020-02-07 13:56:04.39",24986,100639,16.22,12.29,87,38.6503,93,50.1758,1,12,0.7,-6.1,1.097,0.6441716,0.8362634,2,7.000,13,56,3,710000
"2020-02-07 13:56:05.94",24987,100640,19.42,12.29,87,38.6509,93,50.1795,1,12,0.7,-6.1,1.306,0.6441817,0.836325,2,7.000,13,56,5,260000
"2020-02-07 13:56:07.52",24988,100641,19.08,12.29,87,38.6511,93,50.1826,1,12,0.7,-6.1,1.284,0.644185,0.8363766,2,7.000,13,56,6,840000
"2020-02-07 13:56:09.02",24989,100642,19.08,12.29,87,38.6516,93,50.1895,1,12,0.7,-6.1,1.284,0.6441934,0.8364917,2,7.000,13,56,8,340000
"2020-02-07 13:56:10.61",24990,100643,18.97,12.29,87,38.6519,93,50.1917,1,12,0.7,-6,1.277,0.6441984,0.8365284,2,7.000,13,56,9,930000
"2020-02-07 13:56:12.15",24991,100644,17.9,12.29,87,38.6524,93,50.1984,1,12,0.7,-6,1.207,0.6442067,0.83664,2,7.000,13,56,11,470000
"2020-02-07 13:56:13.59",24992,100645,17.96,12.29,87,38.6528,93,50.2016,1,12,0.7,-6,1.211,0.6442134,0.8366934,2,7.000,13,56,12,910000
"2020-02-07 13:56:15.1",24993,100646,21.55,12.29,87,38.6535,93,50.2116,1,12,0.7,-5.9,1.445,0.644225,0.83686,2,7.000,13,56,14,420000
"2020-02-07 13:56:16.71",24994,100647,25.92,12.29,87,38.6538,93,50.2159,1,12,0.7,-5.8,1.731,0.64423,0.8369317,2,7.000,13,56,16,30000
"2020-02-07 13:56:18.34",24995,100648,25.92,12.29,87,38.6541,93,50.2158,1,12,0.7,-5.5,1.731,0.644235,0.83693,2,7.000,13,56,17,660000
"2020-02-07 13:56:21.87",24996,100649,11.79,12.29,87,38.6547,93,50.2234,1,12,0.7,-5.6,0.81,0.644245,0.8370567,2,7.000,13,56,21,190000
"2020-02-07 13:56:23.28",24997,100650,12.13,12.29,87,38.6551,93,50.2277,1,12,0.7,-5.6,0.83,0.6442517,0.8371283,2,7.000,13,56,22,600000
"2020-02-07 13:56:24.67",24998,100651,22.22,12.29,87,38.6554,93,50.2315,1,12,0.7,-5.6,1.489,0.6442566,0.8371917,2,7.000,13,56,23,990000
"2020-02-07 13:56:26.1",24999,100652,19.08,12.29,87,38.6559,93,50.2353,1,12,0.7,-5.4,1.284,0.644265,0.837255,2,7.000,13,56,25,420000
"2020-02-07 13:56:27.43",25000,100653,15.83,12.29,87,38.6562,93,50.237,1,12,0.7,-5.4,1.071,0.64427,0.8372833,2,7.000,13,56,26,750000
"2020-02-07 13:56:28.88",25001,100654,12.58,12.29,87,38.6565,93,50.2384,1,12,0.7,-5.4,0.86,0.644275,0.8373066,2,7.000,13,56,28,200000
"2020-02-07 13:56:30.24",25002,100655,11.4,12.29,87,38.6571,93,50.2438,1,12,0.7,-5.5,0.78,0.644285,0.8373967,2,7.000,13,56,29,560000
"2020-02-07 13:56:31.64",25003,100656,11.12,12.29,87,38.6574,93,50.2451,1,12,0.7,-5.5,0.76,0.64429,0.8374183,2,7.000,13,56,30,960000
"2020-02-07 13:56:33.02",25004,100657,11.23,12.29,87,38.658,93,50.2508,1,12,0.7,-5.5,0.77,0.6443,0.8375134,2,7.000,13,56,32,340000
"2020-02-07 13:56:34.5",25005,100658,11,12.29,87,38.6582,93,50.2533,1,12,0.7,-5.5,0.76,0.6443033,0.837555,2,7.000,13,56,33,820000
"2020-02-07 13:56:35.92",25006,100659,9.10,12.29,87,38.6589,93,50.253,1,12,0.7,-5.5,0.63,0.644315,0.83755,2,7.000,13,56,35,230000
"2020-02-07 13:56:37.36",25007,100660,10.67,12.29,87,38.6592,93,50.256,1,12,0.7,-5.5,0.73,0.64432,0.8376,2,7.000,13,56,36,680000
"2020-02-07 13:56:38.75",25008,100661,16.16,12.29,87,38.6595,93,50.2584,1,12,0.7,-5.4,1.093,0.644325,0.83764,2,7.000,13,56,38,70000
"2020-02-07 13:56:40.32",25009,100662,7.527,12.29,87,38.6602,93,50.2637,1,12,0.7,-5.4,0.53,0.6443366,0.8377283,2,7.000,13,56,39,640000
"2020-02-07 13:56:41.72",25010,100663,11.73,12.29,87,38.6605,93,50.2659,1,12,0.7,-5.4,0.80,0.6443416,0.837765,2,7.000,13,56,41,40000
"2020-02-07 13:56:43.09",25011,100664,15.94,12.29,87,38.6612,93,50.272,1,12,0.7,-5.4,1.079,0.6443533,0.8378666,2,7.000,13,56,42,410000
"2020-02-07 13:56:44.51",25012,100665,13.19,12.29,87,38.6616,93,50.2755,1,12,0.7,-5.4,0.90,0.64436,0.837925,2,7.000,13,56,43,830000
"2020-02-07 13:56:45.98",25013,100666,11.23,12.29,87,38.6623,93,50.2809,1,12,0.7,-5.3,0.77,0.6443717,0.838015,2,7.000,13,56,45,290000
"2020-02-07 13:56:47.4",25014,100667,8.76,12.29,87,38.6626,93,50.2863,1,12,0.7,-5.4,0.61,0.6443767,0.838105,2,7.000,13,56,46,720000
"2020-02-07 13:56:48.84",25015,100668,5.956,12.29,87,38.6629,93,50.2899,1,12,0.7,-5.4,0.43,0.6443816,0.838165,2,7.000,13,56,48,160000
"2020-02-07 13:56:50.26",25016,100669,8.87,12.29,87,38.6637,93,50.2903,1,12,0.7,-5.5,0.62,0.644395,0.8381717,2,7.000,13,56,49,580000
"2020-02-07 13:56:51.62",25017,100670,8.76,12.29,87,38.664,93,50.2934,1,12,0.7,-5.4,0.61,0.6444,0.8382234,2,7.000,13,56,50,940000
"2020-02-07 13:56:52.95",25018,100671,9.10,12.29,87,38.6648,93,50.2962,1,12,0.7,-5.3,0.63,0.6444133,0.83827,2,7.000,13,56,52,270000
"2020-02-07 13:56:54.3",25019,100672,8.99,12.29,87,38.6653,93,50.299,1,12,0.7,-5.5,0.62,0.6444216,0.8383166,2,7.000,13,56,53,620000
"2020-02-07 13:56:55.65",25020,100673,8.65,12.29,87,38.6656,93,50.3005,1,12,0.7,-5.4,0.60,0.6444266,0.8383417,2,7.000,13,56,54,970000
"2020-02-07 13:56:57.13",25021,100674,11.23,12.29,87,38.6663,93,50.3079,1,12,0.7,-5.4,0.77,0.6444384,0.838465,2,7.000,13,56,56,450000
"2020-02-07 13:56:58.5",25022,100675,9.27,12.28,87,38.6666,93,50.3109,1,12,0.7,-5.3,0.64,0.6444433,0.838515,2,7.000,13,56,57,820000
"2020-02-07 13:56:59.82",25023,100676,11.57,12.29,87,38.667,93,50.3138,1,12,0.7,-5.3,0.79,0.64445,0.8385634,2,7.000,13,56,59,140000
"2020-02-07 13:57:01.25",25024,100677,11.28,12.29,87,38.6677,93,50.3175,1,12,0.7,-5.2,0.77,0.6444617,0.838625,2,7.000,13,57,0,570000
"2020-02-07 13:57:02.59",25025,100678,11.51,12.29,87,38.6681,93,50.321,1,12,0.7,-5.2,0.79,0.6444683,0.8386833,2,7.000,13,57,1,910000
"2020-02-07 13:57:03.92",25026,100679,13.58,12.29,87,38.6684,93,50.323,1,12,0.7,-5.2,0.92,0.6444733,0.8387167,2,7.000,13,57,3,230000
"2020-02-07 13:57:05.34",25027,100680,18.3,12.29,87,38.6691,93,50.33,1,12,0.7,-5.2,1.233,0.644485,0.8388334,2,7.000,13,57,4,660000
"2020-02-07 13:57:06.83",25028,100681,10.78,12.29,87,38.6694,93,50.3326,1,12,0.7,-5.2,0.74,0.64449,0.8388766,2,7.000,13,57,6,150000
"2020-02-07 13:57:08.28",25029,100682,11.34,12.29,87,38.6701,93,50.3403,1,12,0.7,-5.5,0.78,0.6445017,0.839005,2,7.000,13,57,7.000,600000
"2020-02-07 13:57:09.73",25030,100683,9.77,12.29,87,38.6704,93,50.3439,1,12,0.7,-5.6,0.68,0.6445066,0.839065,2,7.000,13,57,9,50000
"2020-02-07 13:57:11.07",25031,100684,10.11,12.29,87,38.6711,93,50.3497,1,12,0.7,-5.6,0.70,0.6445183,0.8391617,2,7.000,13,57,10,390000
"2020-02-07 13:57:15.08",25032,100685,8.93,12.29,87,38.6719,93,50.3506,1,12,0.7,-5.8,0.62,0.6445317,0.8391767,2,7.000,13,57,14,400000
"2020-02-07 13:57:16.52",25033,100686,11.12,12.28,87,38.6722,93,50.3507,1,12,0.7,-5.9,0.76,0.6445367,0.8391783,2,7.000,13,57,15,840000
"2020-02-07 13:57:17.99",25034,100687,17.96,12.28,87,38.6727,93,50.3524,1,12,0.7,-5.8,1.211,0.644545,0.8392067,2,7.000,13,57,17,310000
"2020-02-07 13:57:19.44",25035,100688,17.85,12.28,87,38.6731,93,50.3514,1,12,0.7,-5.8,1.203,0.6445516,0.8391899,2,7.000,13,57,18,760000
"2020-02-07 13:57:20.87",25036,100689,11,12.28,87,38.6735,93,50.3508,1,12,0.7,-5.8,0.76,0.6445583,0.83918,2,7.000,13,57,20,190000
"2020-02-07 13:57:22.44",25037,100690,19.42,12.28,87,38.6738,93,50.3521,1,12,0.7,-5.7,1.306,0.6445634,0.8392017,2,7.000,13,57,21,760000
"2020-02-07 13:57:24.12",25038,100691,21.89,12.28,87,38.6744,93,50.3571,1,12,0.7,-5.6,1.467,0.6445733,0.839285,2,7.000,13,57,23,440000
"2020-02-07 13:57:25.7",25039,100692,19.75,12.29,87,38.6747,93,50.3598,1,12,0.7,-5.6,1.328,0.6445783,0.8393299,2,7.000,13,57,25,20000
"2020-02-07 13:57:27.18",25040,100693,17.96,12.28,87,38.6751,93,50.3642,1,12,0.7,-5.7,1.211,0.644585,0.8394034,2,7.000,13,57,26,500000
"2020-02-07 13:57:28.59",25041,100694,15.94,12.28,87,38.6753,93,50.3666,1,12,0.7,-5.7,1.079,0.6445884,0.8394434,2,7.000,13,57,27,910000
"2020-02-07 13:57:30.15",25042,100695,12.13,12.28,87,38.6759,93,50.3736,1,12,0.7,-5.7,0.83,0.6445983,0.83956,2,7.000,13,57,29,470000
"2020-02-07 13:57:33.34",25043,100696,12.35,12.28,87,38.6765,93,50.3771,1,12,0.7,-5.7,0.84,0.6446083,0.8396184,2,7.000,13,57,32,660000
"2020-02-07 13:57:34.82",25044,100697,12.58,12.28,87,38.6767,93,50.383,1,12,0.7,-5.8,0.86,0.6446116,0.8397166,2,7.000,13,57,34,140000
"2020-02-07 13:57:36.22",25045,100698,9.10,12.28,87,38.6773,93,50.3879,1,12,0.7,-5.8,0.63,0.6446217,0.8397983,2,7.000,13,57,35,540000
"2020-02-07 13:57:37.63",25046,100699,11.34,12.28,87,38.6776,93,50.3902,1,12,0.7,-5.8,0.78,0.6446267,0.8398367,2,7.000,13,57,36,950000
"2020-02-07 13:57:39.04",25047,100700,18.97,12.28,87,38.6783,93,50.394,1,12,0.7,-5.8,1.277,0.6446383,0.8399,2,7.000,13,57,38,360000
"2020-02-07 13:57:40.56",25048,100701,17.62,12.28,87,38.6786,93,50.3957,1,12,0.7,-5.8,1.189,0.6446434,0.8399283,2,7.000,13,57,39,880000
"2020-02-07 13:57:42.1",25049,100702,15.55,12.29,87,38.6792,93,50.4023,1,12,0.7,-5.8,1.053,0.6446533,0.8400383,2,7.000,13,57,41,420000
"2020-02-07 13:57:43.59",25050,100703,16.05,12.28,87,38.6795,93,50.4045,1,12,0.7,-5.8,1.086,0.6446583,0.840075,2,7.000,13,57,42,910000
"2020-02-07 13:57:45.13",25051,100704,17.74,12.28,87,38.6801,93,50.4105,1,12,0.7,-5.8,1.196,0.6446684,0.840175,2,7.000,13,57,44,450000
"2020-02-07 13:57:46.67",25052,100705,12.52,12.28,87,38.6805,93,50.4117,1,12,0.7,-5.8,0.86,0.644675,0.840195,2,7.000,13,57,45,990000
"2020-02-07 13:57:48.36",25053,100706,6.854,12.28,87,38.6811,93,50.4169,1,12,0.7,-5.8,0.48,0.644685,0.8402817,2,7.000,13,57,47,680000
"2020-02-07 13:57:49.79",25054,100707,9.32,12.28,87,38.6815,93,50.4209,1,12,0.7,-5.7,0.65,0.6446916,0.8403483,2,7.000,13,57,49,110000
"2020-02-07 13:57:51.23",25055,100708,9.77,12.28,87,38.6819,93,50.4289,1,12,0.7,-5.7,0.68,0.6446983,0.8404817,2,7.000,13,57,50,550000
"2020-02-07 13:57:52.67",25056,100709,10.78,12.28,87,38.6822,93,50.4322,1,12,0.7,-5.7,0.74,0.6447033,0.8405367,2,7.000,13,57,51,990000
"2020-02-07 13:57:54.14",25057,100710,20.88,12.28,87,38.6827,93,50.438,1,12,0.7,-5.6,1.401,0.6447117,0.8406334,2,7.000,13,57,53,460000
"2020-02-07 13:57:55.78",25058,100711,23.79,12.28,87,38.683,93,50.4403,1,12,0.7,-5.5,1.592,0.6447166,0.8406717,2,7.000,13,57,55,100000
"2020-02-07 13:57:59.15",25059,100712,21.33,12.28,87,38.6839,93,50.4449,1,12,0.7,-5.3,1.431,0.6447316,0.8407484,2,7.000,13,57,58,470000
"2020-02-07 13:58:01.24",25060,100713,17.06,12.28,87,38.6841,93,50.4475,1,12,0.7,-5.3,1.152,0.644735,0.8407917,2,7.000,13,58,0,560000
"2020-02-07 13:58:03.15",25061,100714,12.46,12.28,87,38.6844,93,50.4505,1,12,0.7,-5.3,0.85,0.64474,0.8408417,2,7.000,13,58,2,470000
"2020-02-07 13:58:04.69",25062,100715,13.47,12.28,87,38.6847,93,50.4519,1,12,0.7,-5.4,0.92,0.644745,0.840865,2,7.000,13,58,4,10000
"2020-02-07 13:58:06.25",25063,100716,15.94,12.28,87,38.6853,93,50.4554,1,12,0.7,-5.3,1.079,0.644755,0.8409233,2,7.000,13,58,5,570000
"2020-02-07 13:58:07.69",25064,100717,16.84,12.28,87,38.6855,93,50.4581,1,12,0.7,-5.3,1.137,0.6447584,0.8409683,2,7.000,13,58,7.000,10000
"2020-02-07 13:58:09.22",25065,100718,17.23,12.28,87,38.6861,93,50.4644,1,12,0.7,-5.3,1.163,0.6447684,0.8410734,2,7.000,13,58,8,540000
"2020-02-07 13:58:10.72",25066,100719,17.85,12.28,87,38.6864,93,50.4677,1,12,0.7,-5.2,1.203,0.6447734,0.8411283,2,7.000,13,58,10,40000
"2020-02-07 13:58:12.16",25067,100720,17.96,12.28,87,38.6869,93,50.4721,1,12,0.7,-5.3,1.211,0.6447817,0.8412017,2,7.000,13,58,11,480000
"2020-02-07 13:58:13.66",25068,100721,14.37,12.28,87,38.6873,93,50.475,1,12,0.7,-5.4,0.98,0.6447884,0.84125,2,7.000,13,58,12,980000
"2020-02-07 13:58:15.28",25069,100722,15.83,12.28,87,38.688,93,50.4821,1,12,0.7,-5.2,1.071,0.6448,0.8413684,2,7.000,13,58,14,600000
"2020-02-07 13:58:17.02",25070,100723,14.59,12.28,87,38.6884,93,50.4863,1,12,0.7,-5.2,0.99,0.6448067,0.8414383,2,7.000,13,58,16,340000
"2020-02-07 13:58:19.46",25071,100724,13.25,12.28,87,38.6889,93,50.4917,1,12,0.7,-5.2,0.90,0.644815,0.8415283,2,7.000,13,58,18,780000
"2020-02-07 13:58:21.15",25072,100725,13.98,12.28,87,38.6893,93,50.4933,1,12,0.7,-5.2,0.95,0.6448217,0.841555,2,7.000,13,58,20,470000
"2020-02-07 13:58:22.73",25073,100726,12.86,12.28,87,38.6896,93,50.4946,1,12,0.7,-5.1,0.88,0.6448267,0.8415766,2,7.000,13,58,22,50000
"2020-02-07 13:58:24.29",25074,100727,13.25,12.27,87,38.6902,93,50.4991,1,12,0.7,-5,0.90,0.6448367,0.8416517,2,7.000,13,58,23,610000
"2020-02-07 13:58:26.11",25075,100728,12.35,12.28,87,38.6907,93,50.5042,1,12,0.7,-5.1,0.84,0.644845,0.8417366,2,7.000,13,58,25,430000
"2020-02-07 13:58:27.42",25076,100729,11.68,12.28,87,38.691,93,50.5063,1,12,0.7,-5.1,0.8,0.64485,0.8417718,2,7.000,13,58,26,740000
"2020-02-07 13:58:28.91",25077,100730,11.45,12.27,87,38.6913,93,50.5094,1,12,0.7,-5.1,0.79,0.644855,0.8418234,2,7.000,13,58,28,230000
"2020-02-07 13:58:30.46",25078,100731,8.99,12.28,87,38.692,93,50.5144,1,12,0.7,-5.1,0.62,0.6448667,0.8419066,2,7.000,13,58,29,780000
"2020-02-07 13:58:31.93",25079,100732,9.10,12.28,87,38.6926,93,50.5191,1,12,0.7,-5.1,0.63,0.6448766,0.841985,2,7.000,13,58,31,240000
"2020-02-07 13:58:33.36",25080,100733,10.84,12.28,87,38.693,93,50.5205,1,12,0.7,-5.2,0.75,0.6448833,0.8420083,2,7.000,13,58,32,680000
"2020-02-07 13:58:34.84",25081,100734,9.10,12.28,87,38.6933,93,50.5227,1,12,0.7,-5.1,0.63,0.6448883,0.842045,2,7.000,13,58,34,160000
"2020-02-07 13:58:36.36",25082,100735,9.43,12.28,87,38.694,93,50.5328,1,12,0.7,-5.3,0.65,0.6449,0.8422134,2,7.000,13,58,35,680000
"2020-02-07 13:58:37.82",25083,100736,14.15,12.27,87,38.6943,93,50.5351,1,12,0.7,-5.3,0.96,0.644905,0.8422517,2,7.000,13,58,37,140000
"2020-02-07 13:58:39.26",25084,100737,11.34,12.28,87,38.695,93,50.5383,1,11,0.7,-5.3,0.78,0.6449166,0.842305,2,7.000,13,58,38,580000
"2020-02-07 13:58:40.71",25085,100738,11.34,12.27,87,38.6954,93,50.5399,1,11,0.7,-5.2,0.78,0.6449233,0.8423317,2,7.000,13,58,40,30000
"2020-02-07 13:58:42.15",25086,100739,11.23,12.28,87,38.6961,93,50.5453,1,12,0.7,-5.3,0.77,0.644935,0.8424217,2,7.000,13,58,41,470000
"2020-02-07 13:58:43.64",25087,100740,21.66,12.28,87,38.6965,93,50.5466,1,12,0.7,-5.2,1.453,0.6449416,0.8424434,2,7.000,13,58,42,960000
"2020-02-07 13:58:45.35",25088,100741,24.75,12.27,87,38.6972,93,50.5511,1,12,0.7,-5.1,1.654,0.6449534,0.8425184,2,7.000,13,58,44,670000
"2020-02-07 13:58:47.05",25089,100742,8.99,12.27,87,38.6978,93,50.5566,1,12,0.7,-5.2,0.62,0.6449633,0.84261,2,7.000,13,58,46,370000
"2020-02-07 13:58:48.58",25090,100743,6.293,12.27,87,38.6981,93,50.5587,1,12,0.7,-5.3,0.45,0.6449683,0.842645,2,7.000,13,58,47,900000
"2020-02-07 13:58:50.12",25091,100744,10.22,12.28,87,38.6987,93,50.563,1,12,0.7,-5.3,0.70,0.6449784,0.8427166,2,7.000,13,58,49,440000
"2020-02-07 13:58:51.83",25092,100745,8.87,12.27,87,38.699,93,50.5641,1,12,0.7,-5.2,0.62,0.6449834,0.842735,2,7.000,13,58,51,150000
"2020-02-07 13:58:53.33",25093,100746,8.87,12.27,87,38.6996,93,50.5677,1,12,0.7,-5.2,0.62,0.6449934,0.842795,2,7.000,13,58,52,650000
"2020-02-07 13:58:54.7",25094,100747,13.25,12.27,87,38.6999,93,50.5703,1,12,0.7,-5.2,0.90,0.6449984,0.8428383,2,7.000,13,58,54,20000
"2020-02-07 13:58:56.25",25095,100748,10.11,12.27,87,38.7007,93,50.5742,1,12,0.7,-5.1,0.70,0.6450117,0.8429033,2,7.000,13,58,55,570000
"2020-02-07 13:58:59.86",25096,100749,10.33,12.28,87,38.7012,93,50.5803,1,12,0.7,-5.1,0.71,0.64502,0.843005,2,7.000,13,58,59,180000
"2020-02-07 13:59:01.3",25097,100750,8.42,12.27,87,38.7016,93,50.5845,1,12,0.7,-5.2,0.59,0.6450266,0.843075,2,7.000,13,59,0,620000
"2020-02-07 13:59:02.73",25098,100751,9.43,12.28,87,38.7019,93,50.5869,1,12,0.7,-5.2,0.65,0.6450317,0.843115,2,7.000,13,59,2,50000
"2020-02-07 13:59:04.19",25099,100752,8.59,12.28,87,38.7026,93,50.5876,1,12,0.7,-5.1,0.60,0.6450433,0.8431266,2,7.000,13,59,3,510000
"2020-02-07 13:59:05.55",25100,100753,8.99,12.26,87,38.7029,93,50.5925,1,12,0.7,-5.2,0.62,0.6450483,0.8432083,2,7.000,13,59,4,870000
"2020-02-07 13:59:06.93",25101,100754,8.31,12.27,87,38.7036,93,50.5999,1,12,0.7,-5.2,0.58,0.64506,0.8433316,2,7.000,13,59,6,240000
"2020-02-07 13:59:08.37",25102,100755,8.42,12.26,87,38.7039,93,50.6035,1,12,0.7,-5.2,0.59,0.645065,0.8433917,2,7.000,13,59,7.000,690000
"2020-02-07 13:59:09.73",25103,100756,9.49,12.27,87,38.7043,93,50.607,1,12,0.7,-5.2,0.66,0.6450717,0.8434499,2,7.000,13,59,9,50000
"2020-02-07 13:59:11.08",25104,100757,11.57,12.27,87,38.705,93,50.6124,1,12,0.7,-5.2,0.79,0.6450834,0.84354,2,7.000,13,59,10,400000
"2020-02-07 13:59:12.48",25105,100758,13.25,12.27,87,38.7054,93,50.616,1,12,0.7,-5.2,0.90,0.64509,0.8436,2,7.000,13,59,11,800000
"2020-02-07 13:59:13.89",25106,100759,12.8,12.27,87,38.7058,93,50.6198,1,12,0.7,-5.2,0.87,0.6450966,0.8436634,2,7.000,13,59,13,210000
"2020-02-07 13:59:15.27",25107,100760,11.12,12.27,87,38.7065,93,50.6266,1,12,0.7,-5.2,0.76,0.6451084,0.8437766,2,7.000,13,59,14,590000
"2020-02-07 13:59:16.75",25108,100761,7.471,12.27,87,38.7068,93,50.6304,1,12,0.7,-5.2,0.53,0.6451133,0.84384,2,7.000,13,59,16,70000
"2020-02-07 13:59:18.21",25109,100762,9.10,12.27,87,38.7075,93,50.6379,1,12,0.7,-5.1,0.63,0.645125,0.843965,2,7.000,13,59,17,530000
"2020-02-07 13:59:19.7",25110,100763,7.752,12.27,87,38.7078,93,50.6422,1,12,0.7,-5.2,0.54,0.64513,0.8440367,2,7.000,13,59,19,20000
"2020-02-07 13:59:21.13",25111,100764,7.583,12.27,87,38.7085,93,50.6486,1,12,0.7,-5.1,0.53,0.6451417,0.8441434,2,7.000,13,59,20,450000
"2020-02-07 13:59:22.51",25112,100765,9.43,12.27,87,38.7089,93,50.6532,1,12,0.7,-5.2,0.65,0.6451483,0.84422,2,7.000,13,59,21,830000
"2020-02-07 13:59:23.91",25113,100766,6.405,12.27,87,38.7096,93,50.6564,1,12,0.7,-5.2,0.46,0.64516,0.8442734,2,7.000,13,59,23,230000
"2020-02-07 13:59:25.25",25114,100767,7.303,12.27,87,38.71,93,50.6586,1,12,0.7,-5.1,0.51,0.6451666,0.84431,2,7.000,13,59,24,570000
"2020-02-07 13:59:26.61",25115,100768,6.966,12.27,87,38.7104,93,50.6593,1,12,0.7,-5.1,0.49,0.6451733,0.8443217,2,7.000,13,59,25,930000
"2020-02-07 13:59:28.08",25116,100769,6.966,12.27,87,38.7113,93,50.6619,1,12,0.7,-5,0.49,0.6451883,0.844365,2,7.000,13,59,27,400000
"2020-02-07 13:59:29.55",25117,100770,6.966,12.27,87,38.7116,93,50.664,1,12,0.7,-5,0.49,0.6451933,0.8444001,2,7.000,13,59,28,870000
"2020-02-07 13:59:30.94",25118,100771,6.742,12.27,87,38.7125,93,50.6662,1,12,0.7,-5,0.48,0.6452084,0.8444366,2,7.000,13,59,30,260000
"2020-02-07 13:59:32.44",25119,100772,6.742,12.27,87,38.7129,93,50.6673,1,12,0.7,-5,0.48,0.645215,0.844455,2,7.000,13,59,31,760000
"2020-02-07 13:59:33.81",25120,100773,6.63,12.27,87,38.7133,93,50.6682,1,12,0.7,-5,0.47,0.6452216,0.84447,2,7.000,13,59,33,130000
"2020-02-07 13:59:35.16",25121,100774,6.574,12.27,87,38.7141,93,50.672,1,12,0.7,-5,0.47,0.645235,0.8445334,2,7.000,13,59,34,480000
"2020-02-07 13:59:36.58",25122,100775,7.471,12.27,87,38.7144,93,50.6751,1,12,0.7,-5,0.53,0.64524,0.844585,2,7.000,13,59,35,900000
"2020-02-07 13:59:37.97",25123,100776,11.45,12.27,87,38.7153,93,50.6787,1,12,0.7,-5,0.79,0.645255,0.844645,2,7.000,13,59,37,290000
"2020-02-07 13:59:39.33",25124,100777,8.31,12.27,87,38.7158,93,50.6806,1,12,0.7,-5,0.58,0.6452634,0.8446766,2,7.000,13,59,38,650000
"2020-02-07 13:59:40.71",25125,100778,6.854,12.27,87,38.7162,93,50.6826,1,12,0.7,-4.9,0.48,0.64527,0.84471,2,7.000,13,59,40,20000
"2020-02-07 13:59:42.05",25126,100779,8.99,12.27,87,38.7171,93,50.6896,1,12,0.7,-4.7,0.62,0.645285,0.8448267,2,7.000,13,59,41,370000
"2020-02-07 13:59:43.51",25127,100780,9.66,12.27,87,38.7175,93,50.6945,1,12,0.7,-4.6,0.67,0.6452916,0.8449083,2,7.000,13,59,42,830000
"2020-02-07 13:59:44.9",25128,100781,8.87,12.27,87,38.7179,93,50.6986,1,12,0.7,-4.6,0.62,0.6452983,0.8449766,2,7.000,13,59,44,220000
"2020-02-07 13:59:48.64",25129,100782,7.639,12.27,87,38.7195,93,50.7121,1,12,0.7,-4.5,0.54,0.645325,0.8452017,2,7.000,13,59,47,960000
"2020-02-07 13:59:50.06",25130,100783,8.99,12.27,87,38.7196,93,50.7139,1,12,0.7,-4.6,0.62,0.6453267,0.8452317,2,7.000,13,59,49,380000
"2020-02-07 13:59:51.52",25131,100784,7.079,12.27,87,38.7199,93,50.7154,1,12,0.7,-4.6,0.50,0.6453316,0.8452567,2,7.000,13,59,50,840000
"2020-02-07 13:59:53.13",25132,100785,8.87,12.27,87,38.7207,93,50.7179,1,12,0.7,-4.5,0.62,0.645345,0.8452983,2,7.000,13,59,52,450000
"2020-02-07 13:59:54.57",25133,100786,7.639,12.27,87,38.7211,93,50.7218,1,12,0.7,-4.5,0.54,0.6453516,0.8453634,2,7.000,13,59,53,890000
"2020-02-07 13:59:59.7",25134,100787,8.87,12.27,87,38.7216,93,50.7223,1,12,0.7,-4.4,0.62,0.64536,0.8453717,2,7.000,13,59,59,20000
"2020-02-07 14:00:01.66",25135,100788,9.32,12.27,87,38.722,93,50.727,1,12,0.7,-4.3,0.65,0.6453667,0.8454501,2,7.000,14,0,0,980000
"2020-02-07 14:00:03.29",25136,100789,9.55,12.27,87,38.7227,93,50.7247,1,12,0.7,-4.3,0.66,0.6453783,0.8454117,2,7.000,14,0,2,610000
"2020-02-07 14:00:04.71",25137,100790,11.12,12.27,87,38.7229,93,50.7259,1,12,0.7,-4.3,0.76,0.6453817,0.8454316,2,7.000,14,0,4,30000
"2020-02-07 14:00:06.21",25138,100791,8.48,12.27,87,38.7237,93,50.7306,1,12,0.7,-4.3,0.59,0.645395,0.8455099,2,7.000,14,0,5,530000
"2020-02-07 14:00:07.71",25139,100792,8.99,12.27,87,38.724,93,50.7328,1,12,0.7,-4.3,0.62,0.6454,0.8455466,2,7.000,14,0,7.000,30000
"2020-02-07 14:00:09.16",25140,100793,15.83,12.27,87,38.7247,93,50.7387,1,12,0.7,-4.4,1.071,0.6454117,0.845645,2,7.000,14,0,8,480000
"2020-02-07 14:00:11.02",25141,100794,18.07,12.27,87,38.7254,93,50.7441,1,12,0.7,-4.4,1.218,0.6454233,0.845735,2,7.000,14,0,10,340000
"2020-02-07 14:00:12.55",25142,100795,14.26,12.26,87,38.7256,93,50.7464,1,12,0.7,-4.4,0.97,0.6454267,0.8457734,2,7.000,14,0,11,870000
"2020-02-07 14:00:14.06",25143,100796,9.66,12.27,87,38.7262,93,50.7517,1,12,0.7,-4.4,0.67,0.6454366,0.8458617,2,7.000,14,0,13,380000
"2020-02-07 14:00:15.53",25144,100797,8.99,12.27,87,38.7265,93,50.7554,1,12,0.7,-4.4,0.62,0.6454417,0.8459234,2,7.000,14,0,14,850000
"2020-02-07 14:00:16.96",25145,100798,11.34,12.27,87,38.7271,93,50.7622,1,12,0.7,-4.4,0.78,0.6454517,0.8460366,2,7.000,14,0,16,280000
"2020-02-07 14:00:18.4",25146,100799,11.34,12.27,87,38.7274,93,50.7652,1,12,0.7,-4.5,0.78,0.6454567,0.8460867,2,7.000,14,0,17,720000
"2020-02-07 14:00:19.85",25147,100800,9.77,12.27,87,38.7277,93,50.7671,1,12,0.7,-4.5,0.68,0.6454617,0.8461183,2,7.000,14,0,19,170000
"2020-02-07 14:00:21.27",25148,100801,8.54,12.26,87,38.7285,93,50.7736,1,12,0.7,-4.5,0.59,0.645475,0.8462267,2,7.000,14,0,20,590000
"2020-02-07 14:00:22.74",25149,100802,9.21,12.27,87,38.7288,93,50.7754,1,12,0.7,-4.5,0.64,0.64548,0.8462566,2,7.000,14,0,22,60000
"2020-02-07 14:00:24.38",25150,100803,8.99,12.27,87,38.7295,93,50.7804,1,12,0.7,-4.5,0.62,0.6454916,0.84634,2,7.000,14,0,23,700000
"2020-02-07 14:00:25.74",25151,100804,8.93,12.27,87,38.7298,93,50.7826,1,12,0.7,-4.4,0.62,0.6454967,0.8463766,2,7.000,14,0,25,60000
"2020-02-07 14:00:27.29",25152,100805,9.10,12.26,87,38.7305,93,50.7825,1,12,0.7,-4.3,0.63,0.6455084,0.846375,2,7.000,14,0,26,610000
"2020-02-07 14:00:28.72",25153,100806,11.62,12.27,87,38.7308,93,50.7896,1,12,0.7,-4.4,0.80,0.6455134,0.8464934,2,7.000,14,0,28,40000
"2020-02-07 14:00:30.33",25154,100807,13.25,12.27,87,38.7314,93,50.7975,1,12,0.7,-4.2,0.90,0.6455233,0.846625,2,7.000,14,0,29,650000
"2020-02-07 14:00:31.92",25155,100808,16.05,12.27,87,38.7321,93,50.8033,1,12,0.7,-4.2,1.086,0.645535,0.8467217,2,7.000,14,0,31,240000
"2020-02-07 14:00:33.55",25156,100809,16.33,12.27,87,38.7324,93,50.808,1,12,0.7,-4.2,1.104,0.64554,0.8468,2,7.000,14,0,32,870000
"2020-02-07 14:00:36.4",25157,100810,13.47,12.26,87,38.7333,93,50.8165,1,12,0.7,-4.2,0.92,0.645555,0.8469417,2,7.000,14,0,35,720000
"2020-02-07 14:00:38.15",25158,100811,11.79,12.26,87,38.7336,93,50.8176,1,12,0.7,-4.2,0.81,0.64556,0.84696,2,7.000,14,0,37,470000
"2020-02-07 14:00:39.66",25159,100812,13.92,12.27,87,38.7338,93,50.8191,1,12,0.7,-4.3,0.95,0.6455633,0.846985,2,7.000,14,0,38,980000
"2020-02-07 14:00:41.16",25160,100813,18.07,12.26,87,38.7344,93,50.8235,1,12,0.7,-4.3,1.218,0.6455734,0.8470583,2,7.000,14,0,40,480000
"2020-02-07 14:00:42.74",25161,100814,16.05,12.27,87,38.7347,93,50.8267,1,12,0.7,-4.3,1.086,0.6455783,0.8471117,2,7.000,14,0,42,60000
"2020-02-07 14:00:44.38",25162,100815,13.7,12.27,87,38.7353,93,50.8298,1,12,0.7,-4.3,0.93,0.6455883,0.8471633,2,7.000,14,0,43,700000
"2020-02-07 14:00:45.97",25163,100816,19.7,12.26,87,38.7359,93,50.8341,1,12,0.7,-4.3,1.324,0.6455984,0.847235,2,7.000,14,0,45,290000
"2020-02-07 14:00:47.6",25164,100817,25.25,12.26,87,38.7362,93,50.8359,1,12,0.7,-4.4,1.688,0.6456033,0.847265,2,7.000,14,0,46,920000
"2020-02-07 14:00:49.73",25165,100818,29.63,12.27,87,38.7368,93,50.8379,1,12,0.7,-4.4,1.974,0.6456134,0.8472983,2,7.000,14,0,49,50000
"2020-02-07 14:00:52.07",25166,100819,29.4,12.27,87,38.7375,93,50.8428,1,12,0.7,-4.5,1.959,0.645625,0.84738,2,7.000,14,0,51,390000
"2020-02-07 14:00:54.36",25167,100820,29.29,12.27,87,38.7376,93,50.8373,1,12,0.7,-4.4,1.952,0.6456267,0.8472883,2,7.000,14,0,53,680000
"2020-02-07 14:00:57.14",25168,100821,26.26,12.26,87,38.7382,93,50.8434,1,12,0.7,-4.3,1.754,0.6456367,0.84739,2,7.000,14,0,56,460000
"2020-02-07 14:01:00.97",25169,100822,4.611,12.25,87,38.7385,93,50.8478,1,12,0.7,-4.3,0.34,0.6456416,0.8474634,2,7.000,14,1,0,290000
"2020-02-07 14:01:03.37",25170,100823,32.66,12.26,87,38.7386,93,50.8512,1,12,0.7,-4.3,2.172,0.6456434,0.84752,2,7.000,14,1,2,690000
"2020-02-07 14:01:06.11",25171,100824,21.1,12.27,87,38.7393,93,50.8568,1,12,0.7,-4.2,1.416,0.645655,0.8476134,2,7.000,14,1,5,430000
"2020-02-07 14:01:08.97",25172,100825,25.98,12.27,87,38.7396,93,50.8598,1,12,0.7,-4.2,1.735,0.64566,0.8476633,2,7.000,14,1,8,290000
"2020-02-07 14:01:10.92",25173,100826,34.12,12.27,87,38.7397,93,50.8599,1,12,0.7,-4.3,2.267,0.6456616,0.847665,2,7.000,14,1,10,230000
"2020-02-07 14:01:12.8",25174,100827,29.4,12.26,87,38.7399,93,50.8595,1,12,0.7,-4.3,1.959,0.645665,0.8476583,2,7.000,14,1,12,120000
"2020-02-07 14:01:14.71",25175,100828,18.52,12.26,87,38.7402,93,50.8616,1,12,0.7,-4.3,1.247,0.64567,0.8476934,2,7.000,14,1,14,30000
"2020-02-07 14:01:16.53",25176,100829,15.94,12.25,87,38.7407,93,50.865,1,12,0.7,-4.3,1.079,0.6456784,0.84775,2,7.000,14,1,15,850000
"2020-02-07 14:01:18.37",25177,100830,17.06,12.25,87,38.7411,93,50.8699,1,12,0.7,-4.2,1.152,0.645685,0.8478317,2,7.000,14,1,17,690000
"2020-02-07 14:01:20.06",25178,100831,14.2,12.25,87,38.7416,93,50.8739,1,12,0.7,-4.2,0.97,0.6456934,0.8478984,2,7.000,14,1,19,380000
"2020-02-07 14:01:21.95",25179,100832,17.68,12.26,87,38.7418,93,50.8758,1,12,0.7,-4.2,1.192,0.6456966,0.84793,2,7.000,14,1,21,260000
"2020-02-07 14:01:23.6",25180,100833,18.97,12.26,87,38.7424,93,50.8828,1,12,0.7,-4.2,1.277,0.6457067,0.8480466,2,7.000,14,1,22,920000
"2020-02-07 14:01:25.38",25181,100834,8.87,12.26,87,38.7429,93,50.889,1,12,0.7,-4,0.62,0.645715,0.84815,2,7.000,14,1,24,700000
"2020-02-07 14:01:27.01",25182,100835,8.76,12.25,87,38.7433,93,50.8958,1,12,0.7,-4,0.61,0.6457217,0.8482634,2,7.000,14,1,26,330000
"2020-02-07 14:01:28.53",25183,100836,11.34,12.26,87,38.7436,93,50.8996,1,12,0.7,-4,0.78,0.6457266,0.8483267,2,7.000,14,1,27,850000
"2020-02-07 14:01:30.12",25184,100837,11.12,12.26,87,38.7442,93,50.9031,1,12,0.7,-3.7,0.76,0.6457367,0.848385,2,7.000,14,1,29,440000
"2020-02-07 14:01:31.8",25185,100838,11.12,12.25,87,38.7446,93,50.9051,1,12,0.7,-3.7,0.76,0.6457433,0.8484183,2,7.000,14,1,31,120000
"2020-02-07 14:01:33.27",25186,100839,9.27,12.25,87,38.7452,93,50.91,1,12,0.7,-3.7,0.64,0.6457533,0.8485,2,7.000,14,1,32,590000
"2020-02-07 14:01:34.93",25187,100840,9.15,12.25,87,38.7456,93,50.9133,1,12,0.7,-3.8,0.64,0.64576,0.848555,2,7.000,14,1,34,240000
"2020-02-07 14:01:36.47",25188,100841,11.34,12.26,87,38.7465,93,50.9195,1,12,0.7,-3.8,0.78,0.645775,0.8486583,2,7.000,14,1,35,790000
"2020-02-07 14:01:38.13",25189,100842,11.34,12.25,87,38.7471,93,50.9257,1,12,0.7,-3.7,0.78,0.645785,0.8487617,2,7.000,14,1,37,450000
"2020-02-07 14:01:39.64",25190,100843,11.34,12.25,87,38.7475,93,50.9287,1,12,0.7,-3.7,0.78,0.6457917,0.8488117,2,7.000,14,1,38,960000
"2020-02-07 14:01:41.27",25191,100844,10.39,12.25,87,38.7482,93,50.9342,1,12,0.7,-3.7,0.72,0.6458033,0.8489034,2,7.000,14,1,40,590000
"2020-02-07 14:01:42.84",25192,100845,10.11,12.26,87,38.7486,93,50.9358,1,12,0.7,-3.7,0.70,0.64581,0.84893,2,7.000,14,1,42,160000
"2020-02-07 14:01:44.34",25193,100846,9.10,12.25,87,38.7494,93,50.9449,1,12,0.7,-3.7,0.63,0.6458234,0.8490817,2,7.000,14,1,43,660000
"2020-02-07 14:01:45.85",25194,100847,9.10,12.26,87,38.7498,93,50.9477,1,12,0.7,-3.7,0.63,0.64583,0.8491284,2,7.000,14,1,45,170000
"2020-02-07 14:01:47.45",25195,100848,9.10,12.25,87,38.7506,93,50.9504,1,12,0.7,-3.8,0.63,0.6458433,0.8491734,2,7.000,14,1,46,770000
"2020-02-07 14:01:48.91",25196,100849,11.12,12.25,87,38.751,93,50.9525,1,12,0.7,-3.8,0.76,0.64585,0.8492083,2,7.000,14,1,48,230000
"2020-02-07 14:01:50.4",25197,100850,10.44,12.25,87,38.7519,93,50.9571,1,12,0.7,-3.8,0.72,0.645865,0.849285,2,7.000,14,1,49,720000
"2020-02-07 14:01:51.9",25198,100851,9.77,12.25,87,38.7522,93,50.9592,1,12,0.7,-3.8,0.68,0.64587,0.8493201,2,7.000,14,1,51,220000
"2020-02-07 14:01:53.39",25199,100852,12.58,12.25,87,38.7531,93,50.9611,1,12,0.7,-3.8,0.86,0.645885,0.8493517,2,7.000,14,1,52,710000
"2020-02-07 14:01:54.99",25200,100853,11.45,12.25,87,38.7539,93,50.9694,1,12,0.7,-3.8,0.79,0.6458983,0.84949,2,7.000,14,1,54,310000
"2020-02-07 14:01:56.47",25201,100854,11.29,12.25,87,38.7543,93,50.975,1,12,0.7,-3.8,0.77,0.645905,0.8495834,2,7.000,14,1,55,790000
"2020-02-07 14:01:57.97",25202,100855,9.27,12.25,87,38.755,93,50.9781,1,12,0.7,-3.8,0.64,0.6459167,0.849635,2,7.000,14,1,57,290000
"2020-02-07 14:01:59.42",25203,100856,11.23,12.25,87,38.7553,93,50.9789,1,12,0.7,-3.8,0.77,0.6459216,0.8496483,2,7.000,14,1,58,740000
"2020-02-07 14:02:01.01",25204,100857,11.17,12.25,87,38.756,93,50.9837,1,12,0.7,-3.8,0.77,0.6459333,0.8497283,2,7.000,14,2,0,330000
"2020-02-07 14:02:02.45",25205,100858,10,12.25,87,38.7564,93,50.9829,1,12,0.7,-3.8,0.69,0.64594,0.849715,2,7.000,14,2,1,770000
"2020-02-07 14:02:04.2",25206,100859,11.34,12.25,87,38.7571,93,50.9855,1,12,0.7,-3.8,0.78,0.6459516,0.8497583,2,7.000,14,2,3,520000
"2020-02-07 14:02:05.56",25207,100860,11.34,12.25,87,38.7575,93,50.9872,1,12,0.7,-3.8,0.78,0.6459583,0.8497867,2,7.000,14,2,4,880000
"2020-02-07 14:02:07.04",25208,100861,11.23,12.25,87,38.7581,93,50.9953,1,12,0.7,-3.8,0.77,0.6459683,0.8499217,2,7.000,14,2,6,360000
"2020-02-07 14:02:08.56",25209,100862,8.59,12.25,87,38.7586,93,50.9986,1,12,0.7,-3.9,0.60,0.6459767,0.8499766,2,7.000,14,2,7.000,880000
"2020-02-07 14:02:10.07",25210,100863,6.967,12.25,87,38.7593,93,51.0014,1,12,0.7,-3.8,0.49,0.6459884,0.8500234,2,7.000,14,2,9,390000
"2020-02-07 14:02:11.52",25211,100864,8.87,12.25,87,38.7597,93,51.0045,1,12,0.7,-4,0.62,0.645995,0.850075,2,7.000,14,2,10,840000
"2020-02-07 14:02:13.04",25212,100865,11.12,12.25,87,38.7604,93,51.009,1,12,0.7,-3.9,0.76,0.6460066,0.85015,2,7.000,14,2,12,360000
"2020-02-07 14:02:14.61",25213,100866,17.06,12.25,87,38.7608,93,51.012,1,12,0.7,-3.9,1.152,0.6460133,0.8502,2,7.000,14,2,13,930000
"2020-02-07 14:02:16.18",25214,100867,21.5,12.25,87,38.7614,93,51.0183,1,12,0.7,-3.9,1.442,0.6460233,0.850305,2,7.000,14,2,15,500000
"2020-02-07 14:02:17.78",25215,100868,28.84,12.25,87,38.7618,93,51.023,1,12,0.7,-3.9,1.922,0.64603,0.8503834,2,7.000,14,2,17,100000
"2020-02-07 14:02:19.94",25216,100869,28.17,12.25,87,38.7625,93,51.0305,1,12,0.7,-3.8,1.878,0.6460417,0.8505083,2,7.000,14,2,19,250000
"2020-02-07 14:02:22.29",25217,100870,25.48,12.25,87,38.763,93,51.0374,1,12,0.7,-3.7,1.702,0.64605,0.8506233,2,7.000,14,2,21,610000
"2020-02-07 14:02:24.36",25218,100871,28.17,12.25,87,38.7633,93,51.0384,1,12,0.7,-3.7,1.878,0.646055,0.85064,2,7.000,14,2,23,680000
"2020-02-07 14:02:26.3",25219,100872,28.73,12.25,87,38.7636,93,51.0431,1,12,0.7,-3.6,1.915,0.64606,0.8507183,2,7.000,14,2,25,620000
"2020-02-07 14:02:28.24",25220,100873,38.38,12.25,87,38.7642,93,51.0482,1,12,0.7,-3.5,2.546,0.64607,0.8508033,2,7.000,14,2,27,560000
"2020-02-07 14:02:30.21",25221,100874,40.85,12.24,87,38.7646,93,51.0565,1,12,0.7,-3.3,2.708,0.6460766,0.8509417,2,7.000,14,2,29,530000
"2020-02-07 14:02:33.78",25222,100875,29.18,12.25,87,38.7652,93,51.0589,1,12,0.7,-2.9,1.945,0.6460867,0.8509817,2,7.000,14,2,33,100000
"2020-02-07 14:02:48.19",25223,100876,20.65,12.25,87,38.7656,93,51.0673,1,12,0.7,-2.7,1.387,0.6460933,0.8511217,2,7.000,14,2,47,510000
"2020-02-07 14:02:51.29",25224,100877,37.65,12.24,87,38.7657,93,51.07,1,12,0.7,-2.8,2.499,0.646095,0.8511666,2,7.000,14,2,50,610000
"2020-02-07 14:02:55.2",25225,100878,33.56,12.25,87,38.766,93,51.0655,1,12,0.7,-3.1,2.231,0.6461,0.8510916,2,7.000,14,2,54,520000
"2020-02-07 14:02:57.47",25226,100879,28.79,12.24,87,38.7664,93,51.0701,1,12,0.7,-3.2,1.919,0.6461067,0.8511683,2,7.000,14,2,56,790000
"2020-02-07 14:02:59.78",25227,100880,28.62,12.25,87,38.7667,93,51.0745,1,12,0.7,-3.3,1.908,0.6461117,0.8512417,2,7.000,14,2,59,100000
"2020-02-07 14:03:02",25228,100881,29.01,12.24,87,38.7672,93,51.0808,1,12,0.7,-3.3,1.934,0.64612,0.8513466,2,7.000,14,3,1,320000
"2020-02-07 14:03:04.09",25229,100882,26.49,12.24,87,38.7675,93,51.0884,1,12,0.7,-3.4,1.768,0.646125,0.8514734,2,7.000,14,3,3,410000
"2020-02-07 14:03:06.37",25230,100883,25.82,12.25,87,38.7679,93,51.0931,1,12,0.7,-3.6,1.724,0.6461316,0.8515517,2,7.000,14,3,5,690000
"2020-02-07 14:03:08.5",25231,100884,25.37,12.24,87,38.7683,93,51.0967,1,12,0.7,-3.7,1.695,0.6461383,0.8516117,2,7.000,14,3,7.000,820000
"2020-02-07 14:03:11.48",25232,100885,22.28,12.25,87,38.7688,93,51.1073,1,12,0.7,-3.9,1.493,0.6461466,0.8517883,2,7.000,14,3,10,800000
"2020-02-07 14:03:13.65",25233,100886,18.52,12.24,87,38.769,93,51.1124,1,12,0.7,-3.8,1.247,0.64615,0.8518734,2,7.000,14,3,12,970000
"2020-02-07 14:03:15.83",25234,100887,15.49,12.25,87,38.7694,93,51.1156,1,12,0.7,-3.8,1.049,0.6461567,0.8519267,2,7.000,14,3,15,150000
"2020-02-07 14:03:17.86",25235,100888,13.7,12.25,87,38.7697,93,51.1162,1,12,0.7,-3.7,0.93,0.6461617,0.8519366,2,7.000,14,3,17,180000
"2020-02-07 14:03:19.66",25236,100889,11.74,12.24,87,38.7701,93,51.1213,1,12,0.7,-3.6,0.80,0.6461684,0.8520216,2,7.000,14,3,18,980000
"2020-02-07 14:03:21.58",25237,100890,11.57,12.24,87,38.7705,93,51.1276,1,12,0.7,-3.6,0.79,0.646175,0.8521267,2,7.000,14,3,20,900000
"2020-02-07 14:03:23.59",25238,100891,11.45,12.24,87,38.771,93,51.1338,1,12,0.7,-3.5,0.79,0.6461833,0.85223,2,7.000,14,3,22,910000
"2020-02-07 14:03:25.44",25239,100892,16.06,12.24,87,38.7715,93,51.1393,1,12,0.7,-3.4,1.086,0.6461916,0.8523217,2,7.000,14,3,24,760000
"2020-02-07 14:03:27.38",25240,100893,21.33,12.24,87,38.7719,93,51.1474,1,12,0.7,-3.3,1.431,0.6461983,0.8524567,2,7.000,14,3,26,700000
"2020-02-07 14:03:29.32",25241,100894,20.54,12.24,87,38.7723,93,51.1554,1,12,0.7,-3.4,1.38,0.646205,0.85259,2,7.000,14,3,28,640000
"2020-02-07 14:03:31.34",25242,100895,13.64,12.24,87,38.7728,93,51.1629,1,12,0.7,-3.3,0.93,0.6462134,0.852715,2,7.000,14,3,30,660000
"2020-02-07 14:03:33.49",25243,100896,26.71,12.24,87,38.7731,93,51.1667,1,12,0.7,-3.2,1.783,0.6462184,0.8527783,2,7.000,14,3,32,810000
"2020-02-07 14:03:35.48",25244,100897,20.99,12.24,87,38.7735,93,51.1713,1,12,0.7,-3.1,1.409,0.646225,0.852855,2,7.000,14,3,34,800000
"2020-02-07 14:03:37.62",25245,100898,20.66,12.24,87,38.7739,93,51.1769,1,12,0.7,-3,1.387,0.6462316,0.8529483,2,7.000,14,3,36,940000
"2020-02-07 14:03:39.73",25246,100899,18.41,12.24,87,38.7743,93,51.183,1,12,0.7,-2.9,1.24,0.6462383,0.85305,2,7.000,14,3,39,50000
"2020-02-07 14:03:41.65",25247,100900,16,12.24,87,38.7746,93,51.1843,1,12,0.7,-2.9,1.082,0.6462433,0.8530716,2,7.000,14,3,40,970000
"2020-02-07 14:03:43.7",25248,100901,20.54,12.24,87,38.7749,93,51.1876,1,12,0.7,-2.8,1.38,0.6462483,0.8531266,2,7.000,14,3,43,20000
"2020-02-07 14:03:45.84",25249,100902,26.38,12.24,87,38.7752,93,51.1942,1,12,0.7,-2.7,1.761,0.6462534,0.8532366,2,7.000,14,3,45,160000
"2020-02-07 14:03:47.89",25250,100903,13.25,12.24,87,38.7755,93,51.201,1,12,0.7,-2.7,0.90,0.6462584,0.85335,2,7.000,14,3,47,210000
"2020-02-07 14:03:50.93",25251,100904,21.95,12.24,87,38.776,93,51.2023,1,12,0.7,-2.8,1.471,0.6462667,0.8533717,2,7.000,14,3,50,250000
