"TOA5","35279","CR800","35279","CR800.Std.27.04","CPU:AWI_V2.1_Anja.CR8","15615","OperatorView"
"TIMESTAMP","RECORD","Counter","DepthCm","BattVolts","latitude_a","latitude_b","Longitude_a","Longitude_b","fix_quality","nmbr_satellites","HDOP","altitudeB","DepthVolts","LatitudeDDDDD","LongitudeDDDDD","month","dayofmonth","hourofday","minutes","seconds","microseconds"
"TS","RN","","","","degrees","minutes","degrees","minutes","unitless","","","","","","","","","","","",""
"","","Smp","Smp","Smp","Smp","Smp","Smp","Smp","Smp","Smp","Smp","Smp","Smp","Smp","Smp","Smp","Smp","Smp","Smp","Smp","Smp"
"2020-02-07 13:10:38.68",24351,100004,16.55,12.7,87,38.2242,93,46.8105,1,11,0.7,-1.3,1.118,0.63707,0.780175,2,7.000,13,10,38,0
"2020-02-07 13:10:42.55",24352,100005,13.69,12.7,87,38.2245,93,46.8076,1,11,0.7,-1.2,0.93,0.637075,0.7801266,2,7.000,13,10,41,870000
"2020-02-07 13:10:46.11",24353,100006,15.99,12.7,87,38.2251,93,46.7941,1,11,0.7,-1.1,1.081,0.637085,0.7799017,2,7.000,13,10,45,430000
"2020-02-07 13:10:50.64",24354,100007,12.12,12.69,87,38.2254,93,46.7843,1,11,0.7,-1,0.83,0.63709,0.7797384,2,7.000,13,10,49,960000
"2020-02-07 13:11:27.17",24355,100008,15.42,12.68,87,38.2265,93,46.7792,1,12,0.6,-0.2,1.045,0.6371084,0.7796534,2,7.000,13,11,26,480000
"2020-02-07 13:11:29.97",24356,100009,9.93,12.68,87,38.227,93,46.7672,1,12,0.6,-0.2,0.69,0.6371167,0.7794534,2,7.000,13,11,29,290000
"2020-02-07 13:11:31.87",24357,100010,11.33,12.68,87,38.2271,93,46.7643,1,12,0.6,-0.2,0.78,0.6371183,0.779405,2,7.000,13,11,31,190000
"2020-02-07 13:11:33.55",24358,100011,9.37,12.68,87,38.2276,93,46.7531,1,12,0.6,-0.2,0.65,0.6371267,0.7792184,2,7.000,13,11,32,870000
"2020-02-07 13:11:35.28",24359,100012,24,12.68,87,38.2279,93,46.7457,1,12,0.6,-0.1,1.606,0.6371317,0.779095,2,7.000,13,11,34,600000
"2020-02-07 13:11:37.08",24360,100013,17.5,12.68,87,38.2283,93,46.7377,1,12,0.6,0,1.18,0.6371383,0.7789617,2,7.000,13,11,36,400000
"2020-02-07 13:11:38.76",24361,100014,9.09,12.67,87,38.2285,93,46.7306,1,12,0.6,0,0.63,0.6371416,0.7788433,2,7.000,13,11,38,80000
"2020-02-07 13:11:40.56",24362,100015,10.55,12.67,87,38.229,93,46.7235,1,12,0.6,0,0.73,0.63715,0.778725,2,7.000,13,11,39,870000
"2020-02-07 13:11:42.43",24363,100016,9.43,12.68,87,38.2295,93,46.7136,1,12,0.6,0,0.65,0.6371583,0.77856,2,7.000,13,11,41,750000
"2020-02-07 13:11:44.15",24364,100017,13.18,12.68,87,38.2299,93,46.7034,1,12,0.6,0,0.90,0.637165,0.77839,2,7.000,13,11,43,470000
"2020-02-07 13:11:45.84",24365,100018,12.45,12.68,87,38.2302,93,46.6978,1,12,0.6,0,0.85,0.63717,0.7782966,2,7.000,13,11,45,160000
"2020-02-07 13:11:47.45",24366,100019,9.09,12.67,87,38.2306,93,46.6869,1,12,0.6,0.1,0.63,0.6371766,0.778115,2,7.000,13,11,46,770000
"2020-02-07 13:11:49.1",24367,100020,9.32,12.67,87,38.2311,93,46.6756,1,12,0.6,0,0.65,0.637185,0.7779266,2,7.000,13,11,48,420000
"2020-02-07 13:11:50.73",24368,100021,8.75,12.68,87,38.2314,93,46.669,1,12,0.6,0,0.61,0.63719,0.7778166,2,7.000,13,11,50,50000
"2020-02-07 13:11:52.43",24369,100022,10.88,12.67,87,38.2319,93,46.6584,1,12,0.6,0,0.75,0.6371983,0.7776401,2,7.000,13,11,51,750000
"2020-02-07 13:11:54.01",24370,100023,11.78,12.67,87,38.2325,93,46.6491,1,12,0.6,0,0.81,0.6372083,0.777485,2,7.000,13,11,53,330000
"2020-02-07 13:11:55.68",24371,100024,10.55,12.67,87,38.2328,93,46.6414,1,12,0.6,0,0.73,0.6372134,0.7773567,2,7.000,13,11,55,0
"2020-02-07 13:11:57.23",24372,100025,11.45,12.67,87,38.2333,93,46.635,1,12,0.6,0.3,0.79,0.6372216,0.77725,2,7.000,13,11,56,550000
"2020-02-07 13:11:58.86",24373,100026,12.12,12.67,87,38.2336,93,46.6315,1,12,0.6,0.3,0.83,0.6372267,0.7771917,2,7.000,13,11,58,180000
"2020-02-07 13:12:00.45",24374,100027,13.35,12.67,87,38.2341,93,46.6191,1,12,0.6,0.4,0.91,0.637235,0.776985,2,7.000,13,11,59,770000
"2020-02-07 13:12:01.94",24375,100028,15.09,12.67,87,38.2347,93,46.6096,1,12,0.6,0.4,1.023,0.637245,0.7768266,2,7.000,13,12,1,260000
"2020-02-07 13:12:03.6",24376,100029,16.21,12.67,87,38.2349,93,46.6033,1,12,0.6,0.4,1.096,0.6372483,0.7767217,2,7.000,13,12,2,920000
"2020-02-07 13:12:05.39",24377,100030,12.34,12.67,87,38.2353,93,46.5959,1,12,0.6,0.5,0.84,0.637255,0.7765983,2,7.000,13,12,4,710000
"2020-02-07 13:12:07.21",24378,100031,12.9,12.67,87,38.2357,93,46.5899,1,12,0.6,0.7,0.88,0.6372616,0.7764984,2,7.000,13,12,6,530000
"2020-02-07 13:12:08.88",24379,100032,11.11,12.67,87,38.236,93,46.5883,1,12,0.6,0.6,0.76,0.6372667,0.7764717,2,7.000,13,12,8,190000
"2020-02-07 13:12:10.43",24380,100033,11.73,12.67,87,38.2365,93,46.5789,1,12,0.6,0.5,0.80,0.637275,0.776315,2,7.000,13,12,9,750000
"2020-02-07 13:12:12.07",24381,100034,11,12.67,87,38.2369,93,46.5678,1,12,0.6,0.6,0.76,0.6372816,0.77613,2,7.000,13,12,11,390000
"2020-02-07 13:12:13.77",24382,100035,12.01,12.66,87,38.2372,93,46.5622,1,12,0.6,0.6,0.82,0.6372867,0.7760366,2,7.000,13,12,13,90000
"2020-02-07 13:12:15.42",24383,100036,8.53,12.67,87,38.2376,93,46.5534,1,12,0.6,0.6,0.59,0.6372933,0.77589,2,7.000,13,12,14,740000
"2020-02-07 13:12:16.89",24384,100037,9.99,12.67,87,38.2378,93,46.5489,1,12,0.6,0.5,0.69,0.6372967,0.775815,2,7.000,13,12,16,200000
"2020-02-07 13:12:18.44",24385,100038,17.5,12.67,87,38.2385,93,46.5394,1,12,0.6,0.5,1.18,0.6373083,0.7756566,2,7.000,13,12,17,760000
"2020-02-07 13:12:20.17",24386,100039,19.8,12.67,87,38.2389,93,46.5299,1,12,0.6,0.5,1.331,0.637315,0.7754983,2,7.000,13,12,19,490000
"2020-02-07 13:12:21.96",24387,100040,30.28,12.67,87,38.2394,93,46.5224,1,12,0.6,0.5,2.016,0.6373233,0.7753734,2,7.000,13,12,21,280000
"2020-02-07 13:12:23.58",24388,100041,24.11,12.67,87,38.2396,93,46.5178,1,12,0.6,0.6,1.613,0.6373266,0.7752966,2,7.000,13,12,22,900000
"2020-02-07 13:12:25.35",24389,100042,27.03,12.66,87,38.2399,93,46.5132,1,12,0.6,0.6,1.804,0.6373317,0.77522,2,7.000,13,12,24,660000
"2020-02-07 13:12:27.05",24390,100043,21.42,12.67,87,38.2405,93,46.5051,1,12,0.6,0.5,1.437,0.6373417,0.775085,2,7.000,13,12,26,370000
"2020-02-07 13:12:29.73",24391,100044,20.75,12.66,87,38.241,93,46.4967,1,12,0.6,0.5,1.393,0.63735,0.774945,2,7.000,13,12,29,50000
"2020-02-07 13:12:31.55",24392,100045,14.08,12.67,87,38.2413,93,46.4878,1,12,0.6,0.7,0.96,0.637355,0.7747966,2,7.000,13,12,30,870000
"2020-02-07 13:12:33.31",24393,100046,13.01,12.66,87,38.2418,93,46.4853,1,12,0.6,0.8,0.89,0.6373633,0.774755,2,7.000,13,12,32,630000
"2020-02-07 13:12:34.83",24394,100047,16.38,12.66,87,38.242,93,46.4783,1,12,0.6,0.7,1.107,0.6373666,0.7746383,2,7.000,13,12,34,140000
"2020-02-07 13:12:36.42",24395,100048,11.84,12.67,87,38.2425,93,46.4663,1,12,0.6,0.7,0.81,0.637375,0.7744383,2,7.000,13,12,35,740000
"2020-02-07 13:12:38",24396,100049,15.37,12.66,87,38.2431,93,46.4584,1,12,0.6,0.6,1.041,0.637385,0.7743066,2,7.000,13,12,37,320000
"2020-02-07 13:12:39.53",24397,100050,13.69,12.66,87,38.2434,93,46.4538,1,12,0.6,0.6,0.93,0.63739,0.77423,2,7.000,13,12,38,850000
"2020-02-07 13:12:41.12",24398,100051,11.28,12.66,87,38.2441,93,46.4474,1,12,0.6,0.5,0.77,0.6374016,0.7741233,2,7.000,13,12,40,440000
"2020-02-07 13:12:42.65",24399,100052,11.11,12.66,87,38.2444,93,46.4426,1,12,0.6,0.5,0.76,0.6374066,0.7740434,2,7.000,13,12,41,970000
"2020-02-07 13:12:44.21",24400,100053,11.45,12.66,87,38.245,93,46.4337,1,12,0.6,0.4,0.79,0.6374167,0.773895,2,7.000,13,12,43,530000
"2020-02-07 13:12:45.81",24401,100054,14.7,12.66,87,38.2453,93,46.429,1,12,0.6,0.4,1.00,0.6374217,0.7738167,2,7.000,13,12,45,130000
"2020-02-07 13:12:47.29",24402,100055,15.26,12.66,87,38.2459,93,46.4199,1,12,0.6,0.4,1.034,0.6374317,0.773665,2,7.000,13,12,46,610000
"2020-02-07 13:12:48.8",24403,100056,16.6,12.66,87,38.2461,93,46.4177,1,12,0.6,0.4,1.122,0.637435,0.7736283,2,7.000,13,12,48,120000
"2020-02-07 13:12:50.51",24404,100057,18.28,12.66,87,38.2467,93,46.409,1,12,0.6,0.4,1.232,0.637445,0.7734834,2,7.000,13,12,49,830000
"2020-02-07 13:12:52.11",24405,100058,12.12,12.66,87,38.2472,93,46.4017,1,12,0.6,0.4,0.83,0.6374533,0.7733616,2,7.000,13,12,51,430000
"2020-02-07 13:12:53.8",24406,100059,10.44,12.66,87,38.2475,93,46.3975,1,12,0.6,0.3,0.72,0.6374584,0.7732917,2,7.000,13,12,53,120000
"2020-02-07 13:12:55.3",24407,100060,12.45,12.66,87,38.2481,93,46.3904,1,12,0.6,0.4,0.85,0.6374683,0.7731734,2,7.000,13,12,54,620000
"2020-02-07 13:12:56.92",24408,100061,11.22,12.66,87,38.2487,93,46.3841,1,12,0.6,0.4,0.77,0.6374783,0.7730684,2,7.000,13,12,56,240000
"2020-02-07 13:12:58.57",24409,100062,11.95,12.66,87,38.249,93,46.3798,1,12,0.6,0.4,0.82,0.6374834,0.7729966,2,7.000,13,12,57,890000
"2020-02-07 13:13:00.15",24410,100063,10.83,12.66,87,38.2496,93,46.3739,1,12,0.6,0.5,0.74,0.6374933,0.7728984,2,7.000,13,12,59,470000
"2020-02-07 13:13:01.69",24411,100064,9.65,12.66,87,38.25,93,46.368,1,12,0.6,0.4,0.67,0.6375,0.7728,2,7.000,13,13,1,10000
"2020-02-07 13:13:03.24",24412,100065,8.59,12.66,87,38.2506,93,46.3555,1,12,0.6,0.4,0.60,0.63751,0.7725917,2,7.000,13,13,2,560000
"2020-02-07 13:13:04.86",24413,100066,8.64,12.66,87,38.2509,93,46.3506,1,12,0.6,0.4,0.60,0.637515,0.77251,2,7.000,13,13,4,180000
"2020-02-07 13:13:06.38",24414,100067,8.98,12.66,87,38.2515,93,46.3418,1,12,0.6,0.4,0.62,0.637525,0.7723634,2,7.000,13,13,5,700000
"2020-02-07 13:13:07.96",24415,100068,13.01,12.66,87,38.2521,93,46.333,1,12,0.6,0.4,0.89,0.637535,0.7722166,2,7.000,13,13,7.000,270000
"2020-02-07 13:13:09.55",24416,100069,16.49,12.65,87,38.2524,93,46.3273,1,12,0.6,0.4,1.114,0.63754,0.7721217,2,7.000,13,13,8,870000
"2020-02-07 13:13:12.04",24417,100070,16.38,12.66,87,38.2531,93,46.3154,1,12,0.6,0.5,1.107,0.6375517,0.7719233,2,7.000,13,13,11,360000
"2020-02-07 13:13:13.87",24418,100071,11.78,12.65,87,38.2532,93,46.3156,1,12,0.6,0.4,0.81,0.6375533,0.7719267,2,7.000,13,13,13,190000
"2020-02-07 13:13:15.47",24419,100072,17.11,12.66,87,38.2537,93,46.3065,1,12,0.6,0.6,1.155,0.6375617,0.771775,2,7.000,13,13,14,790000
"2020-02-07 13:13:17.27",24420,100073,12.17,12.66,87,38.2543,93,46.3003,1,12,0.6,0.9,0.83,0.6375716,0.7716717,2,7.000,13,13,16,590000
"2020-02-07 13:13:18.79",24421,100074,16.83,12.66,87,38.2547,93,46.2973,1,12,0.6,1,1.136,0.6375783,0.7716217,2,7.000,13,13,18,110000
"2020-02-07 13:13:20.58",24422,100075,19.12,12.66,87,38.2553,93,46.2898,1,12,0.6,1,1.287,0.6375883,0.7714966,2,7.000,13,13,19,900000
"2020-02-07 13:13:22.19",24423,100076,12.17,12.66,87,38.2558,93,46.282,1,12,0.6,1,0.83,0.6375967,0.7713667,2,7.000,13,13,21,510000
"2020-02-07 13:13:23.87",24424,100077,16.27,12.65,87,38.256,93,46.2777,1,12,0.6,0.9,1.1,0.6376,0.771295,2,7.000,13,13,23,190000
"2020-02-07 13:13:25.67",24425,100078,13.69,12.66,87,38.2565,93,46.2705,1,12,0.6,0.8,0.93,0.6376084,0.771175,2,7.000,13,13,24,990000
"2020-02-07 13:13:27.34",24426,100079,15.48,12.65,87,38.2569,93,46.2642,1,12,0.6,0.8,1.048,0.637615,0.7710699,2,7.000,13,13,26,660000
"2020-02-07 13:13:28.98",24427,100080,20.41,12.66,87,38.2573,93,46.2562,1,12,0.6,0.8,1.371,0.6376217,0.7709366,2,7.000,13,13,28,290000
"2020-02-07 13:13:30.94",24428,100081,25.18,12.66,87,38.2575,93,46.2474,1,12,0.6,0.7,1.683,0.637625,0.77079,2,7.000,13,13,30,250000
"2020-02-07 13:13:32.75",24429,100082,19.85,12.65,87,38.2579,93,46.2401,1,12,0.6,0.6,1.334,0.6376316,0.7706683,2,7.000,13,13,32,60000
"2020-02-07 13:13:34.42",24430,100083,22.21,12.65,87,38.2581,93,46.2312,1,12,0.6,0.6,1.488,0.637635,0.77052,2,7.000,13,13,33,740000
"2020-02-07 13:13:36.11",24431,100084,18.62,12.65,87,38.2586,93,46.2266,1,12,0.6,0.6,1.254,0.6376433,0.7704434,2,7.000,13,13,35,430000
"2020-02-07 13:13:38.06",24432,100085,26.58,12.66,87,38.2591,93,46.2206,1,12,0.6,0.6,1.774,0.6376517,0.7703434,2,7.000,13,13,37,380000
"2020-02-07 13:13:39.97",24433,100086,22.09,12.65,87,38.2594,93,46.2168,1,12,0.6,0.5,1.481,0.6376566,0.77028,2,7.000,13,13,39,290000
"2020-02-07 13:13:41.82",24434,100087,16.04,12.65,87,38.2596,93,46.2149,1,12,0.6,0.3,1.085,0.63766,0.7702483,2,7.000,13,13,41,140000
"2020-02-07 13:13:43.45",24435,100088,18.51,12.65,87,38.26,93,46.209,1,12,0.6,0.4,1.246,0.6376666,0.77015,2,7.000,13,13,42,770000
"2020-02-07 13:13:45.34",24436,100089,19.29,12.65,87,38.2601,93,46.2094,1,12,0.6,0.4,1.298,0.6376684,0.7701567,2,7.000,13,13,44,660000
"2020-02-07 13:13:47.16",24437,100090,20.3,12.65,87,38.2606,93,46.2046,1,12,0.6,0.4,1.364,0.6376766,0.7700767,2,7.000,13,13,46,480000
"2020-02-07 13:13:51.13",24438,100091,21.98,12.65,87,38.2612,93,46.1984,1,12,0.6,0.4,1.474,0.6376867,0.7699734,2,7.000,13,13,50,450000
"2020-02-07 13:13:52.64",24439,100092,22.21,12.65,87,38.2614,93,46.1948,1,12,0.6,0.4,1.488,0.63769,0.7699134,2,7.000,13,13,51,960000
"2020-02-07 13:13:54.24",24440,100093,18.06,12.65,87,38.2619,93,46.1878,1,12,0.6,0.4,1.217,0.6376984,0.7697966,2,7.000,13,13,53,560000
"2020-02-07 13:13:55.94",24441,100094,17.95,12.65,87,38.2624,93,46.1801,1,12,0.6,0.4,1.21,0.6377067,0.7696683,2,7.000,13,13,55,260000
"2020-02-07 13:13:57.65",24442,100095,16.49,12.65,87,38.2626,93,46.1763,1,12,0.6,0.3,1.114,0.63771,0.769605,2,7.000,13,13,56,970000
"2020-02-07 13:13:59.31",24443,100096,17.16,12.65,87,38.2631,93,46.1683,1,12,0.6,0.3,1.158,0.6377183,0.7694717,2,7.000,13,13,58,630000
"2020-02-07 13:14:01.02",24444,100097,21.87,12.65,87,38.2636,93,46.1609,1,12,0.6,0.2,1.466,0.6377267,0.7693483,2,7.000,13,14,0,340000
"2020-02-07 13:14:02.58",24445,100098,22.82,12.65,87,38.2638,93,46.1566,1,12,0.6,0.2,1.529,0.63773,0.7692766,2,7.000,13,14,1,900000
"2020-02-07 13:14:04.29",24446,100099,25.79,12.65,87,38.2643,93,46.1484,1,12,0.6,0.2,1.723,0.6377384,0.76914,2,7.000,13,14,3,610000
"2020-02-07 13:14:06.12",24447,100100,25.07,12.65,87,38.2648,93,46.142,1,12,0.6,0.1,1.675,0.6377467,0.7690333,2,7.000,13,14,5,440000
"2020-02-07 13:14:07.84",24448,100101,19.52,12.64,87,38.265,93,46.1387,1,12,0.6,0.1,1.312,0.63775,0.7689783,2,7.000,13,14,7.000,160000
"2020-02-07 13:14:09.63",24449,100102,16.6,12.64,87,38.2656,93,46.1309,1,12,0.6,0.2,1.122,0.63776,0.7688483,2,7.000,13,14,8,950000
"2020-02-07 13:14:11.22",24450,100103,16.71,12.65,87,38.2661,93,46.1208,1,12,0.6,0.2,1.129,0.6377684,0.76868,2,7.000,13,14,10,540000
"2020-02-07 13:14:12.91",24451,100104,12.34,12.65,87,38.2666,93,46.1086,1,12,0.6,0.2,0.84,0.6377767,0.7684766,2,7.000,13,14,12,230000
"2020-02-07 13:14:14.49",24452,100105,12.01,12.63,87,38.2669,93,46.1054,1,12,0.6,0.2,0.82,0.6377817,0.7684233,2,7.000,13,14,13,800000
"2020-02-07 13:14:16.08",24453,100106,10.32,12.65,87,38.2676,93,46.0995,1,12,0.6,0.2,0.71,0.6377934,0.768325,2,7.000,13,14,15,400000
"2020-02-07 13:14:17.65",24454,100107,9.26,12.65,87,38.2679,93,46.0959,1,12,0.6,0.2,0.64,0.6377983,0.768265,2,7.000,13,14,16,970000
"2020-02-07 13:14:19.26",24455,100108,8.36,12.64,87,38.2684,93,46.0868,1,12,0.6,0.2,0.58,0.6378066,0.7681133,2,7.000,13,14,18,580000
"2020-02-07 13:14:21.65",24456,100109,9.43,12.64,87,38.269,93,46.0775,1,12,0.6,0.1,0.65,0.6378167,0.7679583,2,7.000,13,14,20,970000
"2020-02-07 13:14:23.22",24457,100110,10.16,12.65,87,38.2694,93,46.0724,1,12,0.6,0,0.70,0.6378234,0.7678734,2,7.000,13,14,22,540000
"2020-02-07 13:14:24.86",24458,100111,12.51,12.64,87,38.2696,93,46.0691,1,12,0.6,0,0.85,0.6378267,0.7678183,2,7.000,13,14,24,180000
"2020-02-07 13:14:26.49",24459,100112,11.11,12.64,87,38.2702,93,46.0626,1,12,0.6,-0.1,0.76,0.6378366,0.76771,2,7.000,13,14,25,810000
"2020-02-07 13:14:28.14",24460,100113,15.71,12.64,87,38.2708,93,46.0553,1,12,0.6,-0.1,1.063,0.6378467,0.7675884,2,7.000,13,14,27,450000
"2020-02-07 13:14:29.86",24461,100114,14.02,12.64,87,38.2711,93,46.0518,1,12,0.6,-0.1,0.95,0.6378516,0.76753,2,7.000,13,14,29,180000
"2020-02-07 13:14:31.69",24462,100115,9.99,12.63,87,38.2716,93,46.0443,1,12,0.6,0,0.69,0.63786,0.767405,2,7.000,13,14,31,10000
"2020-02-07 13:14:33.54",24463,100116,17.84,12.63,87,38.272,93,46.0372,1,12,0.6,0.1,1.202,0.6378667,0.7672866,2,7.000,13,14,32,860000
"2020-02-07 13:14:35.5",24464,100117,21.2,12.63,87,38.2725,93,46.0307,1,12,0.6,0.1,1.422,0.637875,0.7671783,2,7.000,13,14,34,820000
"2020-02-07 13:14:37.21",24465,100118,21.2,12.64,87,38.273,93,46.0243,1,12,0.6,0.1,1.422,0.6378833,0.7670717,2,7.000,13,14,36,530000
"2020-02-07 13:14:38.92",24466,100119,20.64,12.63,87,38.2732,93,46.0213,1,12,0.6,0,1.386,0.6378867,0.7670217,2,7.000,13,14,38,230000
"2020-02-07 13:14:40.63",24467,100120,19.97,12.63,87,38.2736,93,46.0149,1,12,0.6,0,1.342,0.6378934,0.766915,2,7.000,13,14,39,950000
"2020-02-07 13:14:48.47",24468,100121,22.1,12.63,87,38.2742,93,45.9898,1,12,0.6,0,1.481,0.6379033,0.7664966,2,7.000,13,14,47,790000
"2020-02-07 13:14:50.17",24469,100122,25.46,12.63,87,38.2738,93,45.9913,1,12,0.6,0.1,1.701,0.6378966,0.7665216,2,7.000,13,14,49,490000
"2020-02-07 13:14:52.03",24470,100123,26.53,12.63,87,38.273,93,45.9837,1,12,0.6,1.4,1.771,0.6378833,0.766395,2,7.000,13,14,51,350000
"2020-02-07 13:14:53.73",24471,100124,25.63,12.63,87,38.2728,93,45.9767,1,12,0.6,1.8,1.712,0.63788,0.7662783,2,7.000,13,14,53,50000
"2020-02-07 13:14:55.6",24472,100125,28.21,12.63,87,38.2727,93,45.9719,1,12,0.6,2,1.881,0.6378784,0.7661983,2,7.000,13,14,54,920000
"2020-02-07 13:14:57.55",24473,100126,22.1,12.63,87,38.2724,93,45.962,1,12,0.6,1.9,1.481,0.6378734,0.7660334,2,7.000,13,14,56,870000
"2020-02-07 13:14:59.6",24474,100127,19.41,12.63,87,38.2721,93,45.9522,1,12,0.6,1.9,1.305,0.6378683,0.76587,2,7.000,13,14,58,920000
"2020-02-07 13:15:01.59",24475,100128,32.07,12.63,87,38.2717,93,45.9423,1,12,0.6,2,2.134,0.6378617,0.765705,2,7.000,13,15,0,910000
"2020-02-07 13:15:03.64",24476,100129,40.48,12.63,87,38.2713,93,45.9327,1,12,0.6,2.1,2.684,0.637855,0.765545,2,7.000,13,15,2,960000
"2020-02-07 13:15:05.45",24477,100130,38.13,12.63,87,38.2709,93,45.9247,1,12,0.6,1.9,2.53,0.6378483,0.7654117,2,7.000,13,15,4,770000
"2020-02-07 13:15:07.22",24478,100131,29.38,12.63,87,38.2705,93,45.9172,1,12,0.6,1.9,1.958,0.6378416,0.7652866,2,7.000,13,15,6,540000
"2020-02-07 13:15:08.9",24479,100132,27.03,12.63,87,38.2703,93,45.914,1,12,0.6,1.9,1.804,0.6378384,0.7652334,2,7.000,13,15,8,220000
"2020-02-07 13:15:10.61",24480,100133,24.9,12.63,87,38.27,93,45.907,1,12,0.6,1.8,1.664,0.6378334,0.7651167,2,7.000,13,15,9,930000
"2020-02-07 13:15:12.35",24481,100134,28.71,12.63,87,38.2696,93,45.901,1,12,0.6,1.8,1.914,0.6378267,0.7650166,2,7.000,13,15,11,670000
"2020-02-07 13:15:14.06",24482,100135,20.86,12.63,87,38.2692,93,45.8961,1,12,0.6,1.9,1.4,0.63782,0.764935,2,7.000,13,15,13,380000
"2020-02-07 13:15:15.95",24483,100136,17.28,12.63,87,38.2688,93,45.8873,1,12,0.6,1.8,1.166,0.6378133,0.7647883,2,7.000,13,15,15,270000
"2020-02-07 13:15:17.82",24484,100137,16.72,12.63,87,38.2687,93,45.8826,1,12,0.6,1.8,1.129,0.6378117,0.76471,2,7.000,13,15,17,140000
"2020-02-07 13:15:21.84",24485,100138,19.97,12.62,87,38.2682,93,45.8691,1,12,0.6,1.7,1.342,0.6378033,0.764485,2,7.000,13,15,21,160000
"2020-02-07 13:15:23.49",24486,100139,23.89,12.62,87,38.2681,93,45.866,1,12,0.6,1.6,1.598,0.6378017,0.7644334,2,7.000,13,15,22,810000
"2020-02-07 13:15:25.04",24487,100140,27.14,12.62,87,38.2678,93,45.8584,1,12,0.6,1.6,1.811,0.6377966,0.7643066,2,7.000,13,15,24,360000
"2020-02-07 13:15:26.56",24488,100141,27.98,12.62,87,38.2676,93,45.8539,1,12,0.6,1.6,1.866,0.6377934,0.7642317,2,7.000,13,15,25,880000
"2020-02-07 13:15:28.16",24489,100142,26.58,12.62,87,38.2673,93,45.8433,1,12,0.6,1.6,1.774,0.6377884,0.764055,2,7.000,13,15,27,480000
"2020-02-07 13:15:29.64",24490,100143,24.06,12.62,87,38.2671,93,45.8386,1,12,0.6,1.6,1.609,0.637785,0.7639767,2,7.000,13,15,28,960000
"2020-02-07 13:15:31.21",24491,100144,21.87,12.62,87,38.2667,93,45.8281,1,12,0.6,1.5,1.467,0.6377784,0.7638016,2,7.000,13,15,30,530000
"2020-02-07 13:15:33.1",24492,100145,20.25,12.62,87,38.2663,93,45.8181,1,12,0.6,1.4,1.36,0.6377717,0.763635,2,7.000,13,15,32,420000
"2020-02-07 13:15:34.67",24493,100146,17.61,12.62,87,38.2661,93,45.8138,1,12,0.6,1.3,1.188,0.6377684,0.7635634,2,7.000,13,15,33,990000
"2020-02-07 13:15:36.34",24494,100147,16.72,12.62,87,38.2658,93,45.8041,1,12,0.6,1.3,1.129,0.6377633,0.7634017,2,7.000,13,15,35,660000
"2020-02-07 13:15:37.88",24495,100148,15.82,12.62,87,38.2657,93,45.7993,1,12,0.6,1.2,1.071,0.6377617,0.7633217,2,7.000,13,15,37,200000
"2020-02-07 13:15:39.51",24496,100149,18.29,12.62,87,38.2653,93,45.7878,1,12,0.6,1.1,1.232,0.637755,0.76313,2,7.000,13,15,38,830000
"2020-02-07 13:15:41.1",24497,100150,17.61,12.62,87,38.2649,93,45.7768,1,12,0.6,1.1,1.188,0.6377484,0.7629466,2,7.000,13,15,40,420000
"2020-02-07 13:15:42.62",24498,100151,20.92,12.62,87,38.2647,93,45.7719,1,12,0.6,1,1.404,0.637745,0.762865,2,7.000,13,15,41,940000
"2020-02-07 13:15:44.23",24499,100152,17.28,12.62,87,38.2643,93,45.7611,1,12,0.6,1,1.166,0.6377384,0.762685,2,7.000,13,15,43,550000
"2020-02-07 13:15:45.78",24500,100153,13.8,12.62,87,38.2641,93,45.7564,1,12,0.6,1,0.94,0.637735,0.7626067,2,7.000,13,15,45,100000
"2020-02-07 13:15:47.3",24501,100154,14.92,12.62,87,38.2637,93,45.746,1,12,0.6,1,1.012,0.6377283,0.7624333,2,7.000,13,15,46,620000
"2020-02-07 13:15:48.77",24502,100155,15.71,12.62,87,38.2635,93,45.7409,1,12,0.6,0.9,1.063,0.637725,0.7623483,2,7.000,13,15,48,90000
"2020-02-07 13:15:50.46",24503,100156,19.07,12.62,87,38.2631,93,45.7287,1,12,0.6,0.9,1.283,0.6377183,0.762145,2,7.000,13,15,49,780000
"2020-02-07 13:15:52",24504,100157,18.17,12.62,87,38.2627,93,45.7171,1,12,0.6,0.9,1.225,0.6377116,0.7619516,2,7.000,13,15,51,320000
"2020-02-07 13:15:53.5",24505,100158,17.11,12.62,87,38.2624,93,45.7117,1,12,0.6,0.8,1.155,0.6377067,0.7618617,2,7.000,13,15,52,820000
"2020-02-07 13:15:55.01",24506,100159,19.52,12.62,87,38.2621,93,45.6985,1,12,0.6,0.8,1.313,0.6377017,0.7616417,2,7.000,13,15,54,330000
"2020-02-07 13:15:56.6",24507,100160,19.74,12.62,87,38.2619,93,45.692,1,12,0.6,0.8,1.327,0.6376984,0.7615334,2,7.000,13,15,55,920000
"2020-02-07 13:15:58.15",24508,100161,17.5,12.62,87,38.2615,93,45.6789,1,12,0.6,1,1.181,0.6376917,0.761315,2,7.000,13,15,57,470000
"2020-02-07 13:15:59.7",24509,100162,16.55,12.62,87,38.2612,93,45.6731,1,12,0.6,1,1.118,0.6376867,0.7612183,2,7.000,13,15,59,20000
"2020-02-07 13:16:01.28",24510,100163,18.73,12.62,87,38.2608,93,45.6608,1,12,0.6,1,1.261,0.63768,0.7610134,2,7.000,13,16,0,600000
"2020-02-07 13:16:02.73",24511,100164,18.29,12.61,87,38.2606,93,45.6562,1,12,0.6,1,1.232,0.6376766,0.7609366,2,7.000,13,16,2,50000
"2020-02-07 13:16:04.38",24512,100165,17.95,12.62,87,38.2602,93,45.6438,1,12,0.6,0.9,1.21,0.63767,0.76073,2,7.000,13,16,3,700000
"2020-02-07 13:16:05.94",24513,100166,12.34,12.62,87,38.26,93,45.6389,1,12,0.6,1,0.84,0.6376666,0.7606484,2,7.000,13,16,5,260000
"2020-02-07 13:16:07.58",24514,100167,16.16,12.62,87,38.2596,93,45.6222,1,12,0.6,0.9,1.093,0.63766,0.76037,2,7.000,13,16,6,900000
"2020-02-07 13:16:09.09",24515,100168,11.28,12.62,87,38.2592,93,45.6175,1,12,0.6,1,0.77,0.6376534,0.7602917,2,7.000,13,16,8,410000
"2020-02-07 13:16:11.9",24516,100169,18.06,12.62,87,38.2588,93,45.6034,1,12,0.6,1,1.217,0.6376467,0.7600566,2,7.000,13,16,11,220000
"2020-02-07 13:16:13.47",24517,100170,18.4,12.62,87,38.2586,93,45.5966,1,12,0.6,1.1,1.239,0.6376433,0.7599433,2,7.000,13,16,12,790000
"2020-02-07 13:16:15.18",24518,100171,15.93,12.61,87,38.2584,93,45.5881,1,12,0.6,1.1,1.078,0.63764,0.7598017,2,7.000,13,16,14,500000
"2020-02-07 13:16:16.77",24519,100172,16.38,12.61,87,38.2582,93,45.5833,1,12,0.6,1.2,1.107,0.6376367,0.7597217,2,7.000,13,16,16,90000
"2020-02-07 13:16:18.34",24520,100173,20.64,12.61,87,38.2578,93,45.5719,1,12,0.6,1.2,1.386,0.63763,0.7595317,2,7.000,13,16,17,660000
"2020-02-07 13:16:20.05",24521,100174,20.3,12.62,87,38.2575,93,45.5628,1,12,0.6,1.2,1.364,0.637625,0.7593801,2,7.000,13,16,19,370000
"2020-02-07 13:16:21.84",24522,100175,20.64,12.62,87,38.2572,93,45.5612,1,12,0.6,1.3,1.386,0.63762,0.7593534,2,7.000,13,16,21,160000
"2020-02-07 13:16:23.47",24523,100176,18.17,12.62,87,38.257,93,45.5486,1,12,0.6,1.4,1.225,0.6376167,0.7591433,2,7.000,13,16,22,790000
"2020-02-07 13:16:29.1",24524,100177,25.18,12.61,87,38.2562,93,45.5419,1,12,0.6,1.5,1.683,0.6376034,0.7590317,2,7.000,13,16,28,420000
"2020-02-07 13:16:30.97",24525,100178,24.68,12.61,87,38.2562,93,45.551,1,12,0.6,1.5,1.65,0.6376034,0.7591833,2,7.000,13,16,30,290000
"2020-02-07 13:16:32.98",24526,100179,20.47,12.61,87,38.2561,93,45.5604,1,12,0.6,1.4,1.375,0.6376017,0.75934,2,7.000,13,16,32,300000
"2020-02-07 13:16:38.58",24527,100180,26.13,12.61,87,38.2561,93,45.5663,1,12,0.6,1.3,1.745,0.6376017,0.7594383,2,7.000,13,16,37,900000
"2020-02-07 13:16:40.26",24528,100181,19.63,12.61,87,38.2559,93,45.5705,1,12,0.6,1.3,1.32,0.6375983,0.7595083,2,7.000,13,16,39,580000
"2020-02-07 13:16:41.93",24529,100182,21.03,12.61,87,38.2555,93,45.5776,1,12,0.6,1.2,1.412,0.6375917,0.7596266,2,7.000,13,16,41,250000
"2020-02-07 13:16:43.73",24530,100183,17.16,12.61,87,38.2552,93,45.58,1,12,0.6,1.1,1.159,0.6375866,0.7596667,2,7.000,13,16,43,50000
"2020-02-07 13:16:45.37",24531,100184,15.6,12.61,87,38.2547,93,45.5883,1,12,0.6,1,1.056,0.6375783,0.759805,2,7.000,13,16,44,690000
"2020-02-07 13:16:47.27",24532,100185,13.13,12.61,87,38.2542,93,45.597,1,12,0.6,0.9,0.90,0.63757,0.75995,2,7.000,13,16,46,590000
"2020-02-07 13:16:48.78",24533,100186,14.47,12.61,87,38.254,93,45.6006,1,12,0.6,0.9,0.98,0.6375667,0.76001,2,7.000,13,16,48,100000
"2020-02-07 13:16:50.35",24534,100187,10.55,12.61,87,38.2536,93,45.6096,1,12,0.6,0.9,0.73,0.63756,0.76016,2,7.000,13,16,49,670000
"2020-02-07 13:16:51.87",24535,100188,10.44,12.61,87,38.2533,93,45.6121,1,12,0.6,0.8,0.72,0.637555,0.7602016,2,7.000,13,16,51,190000
"2020-02-07 13:16:53.39",24536,100189,10.38,12.61,87,38.2527,93,45.6213,1,12,0.6,0.7,0.72,0.637545,0.760355,2,7.000,13,16,52,710000
"2020-02-07 13:16:54.88",24537,100190,10.89,12.6,87,38.2524,93,45.6254,1,12,0.6,0.7,0.75,0.63754,0.7604234,2,7.000,13,16,54,200000
"2020-02-07 13:16:56.39",24538,100191,11,12.61,87,38.2519,93,45.6352,1,12,0.6,0.6,0.76,0.6375316,0.7605866,2,7.000,13,16,55,710000
"2020-02-07 13:16:57.93",24539,100192,10.21,12.61,87,38.2516,93,45.6396,1,12,0.6,0.6,0.70,0.6375266,0.76066,2,7.000,13,16,57,240000
"2020-02-07 13:16:59.38",24540,100193,8.76,12.61,87,38.2511,93,45.6471,1,12,0.6,0.5,0.61,0.6375183,0.760785,2,7.000,13,16,58,700000
"2020-02-07 13:17:00.82",24541,100194,9.2,12.6,87,38.2509,93,45.6504,1,12,0.6,0.4,0.64,0.637515,0.76084,2,7.000,13,17,0,140000
"2020-02-07 13:17:02.3",24542,100195,10.1,12.61,87,38.2503,93,45.6549,1,12,0.6,0.1,0.70,0.637505,0.760915,2,7.000,13,17,1,620000
"2020-02-07 13:17:03.75",24543,100196,15.31,12.6,87,38.2501,93,45.659,1,12,0.6,0.1,1.038,0.6375016,0.7609834,2,7.000,13,17,3,70000
"2020-02-07 13:17:05.3",24544,100197,18.96,12.61,87,38.2496,93,45.6656,1,12,0.6,-0.1,1.276,0.6374933,0.7610933,2,7.000,13,17,4,620000
"2020-02-07 13:17:06.84",24545,100198,22.71,12.61,87,38.2494,93,45.6682,1,12,0.6,-0.1,1.522,0.63749,0.7611367,2,7.000,13,17,6,160000
"2020-02-07 13:17:08.45",24546,100199,18.51,12.61,87,38.2489,93,45.6782,1,12,0.6,-0.2,1.247,0.6374817,0.7613033,2,7.000,13,17,7.000,760000
"2020-02-07 13:17:09.99",24547,100200,14.87,12.6,87,38.2485,93,45.6853,1,12,0.6,-0.4,1.008,0.637475,0.7614216,2,7.000,13,17,9,310000
"2020-02-07 13:17:11.48",24548,100201,14.14,12.6,87,38.2482,93,45.6917,1,12,0.6,-0.4,0.96,0.63747,0.7615283,2,7.000,13,17,10,800000
"2020-02-07 13:17:13.03",24549,100202,15.26,12.61,87,38.2476,93,45.7037,1,12,0.6,-0.5,1.034,0.63746,0.7617283,2,7.000,13,17,12,350000
"2020-02-07 13:17:14.56",24550,100203,15.82,12.6,87,38.2473,93,45.7086,1,12,0.6,-0.6,1.071,0.637455,0.76181,2,7.000,13,17,13,880000
"2020-02-07 13:17:16.21",24551,100204,15.31,12.6,87,38.2468,93,45.716,1,12,0.6,-0.7,1.038,0.6374466,0.7619334,2,7.000,13,17,15,530000
"2020-02-07 13:17:17.65",24552,100205,15.93,12.61,87,38.2466,93,45.7225,1,12,0.6,-0.9,1.078,0.6374434,0.7620417,2,7.000,13,17,16,970000
"2020-02-07 13:17:19.15",24553,100206,16.04,12.6,87,38.2461,93,45.7322,1,12,0.6,-1,1.085,0.637435,0.7622034,2,7.000,13,17,18,470000
"2020-02-07 13:17:20.65",24554,100207,17.95,12.6,87,38.2459,93,45.7366,1,12,0.6,-1.1,1.21,0.6374317,0.7622766,2,7.000,13,17,19,970000
"2020-02-07 13:17:22.15",24555,100208,19.8,12.6,87,38.2453,93,45.7463,1,12,0.6,-1.3,1.331,0.6374217,0.7624383,2,7.000,13,17,21,470000
"2020-02-07 13:17:23.79",24556,100209,19.52,12.6,87,38.2451,93,45.7511,1,12,0.6,-1.5,1.313,0.6374183,0.7625183,2,7.000,13,17,23,110000
"2020-02-07 13:17:25.31",24557,100210,16.83,12.61,87,38.2445,93,45.7597,1,12,0.6,-1.7,1.137,0.6374083,0.7626617,2,7.000,13,17,24,630000
"2020-02-07 13:17:27.3",24558,100211,10.89,12.6,87,38.2441,93,45.7687,1,12,0.6,-1.9,0.75,0.6374016,0.7628117,2,7.000,13,17,26,620000
"2020-02-07 13:17:28.77",24559,100212,11.22,12.6,87,38.2438,93,45.7731,1,12,0.6,-2,0.77,0.6373967,0.762885,2,7.000,13,17,28,90000
"2020-02-07 13:17:30.29",24560,100213,7.803,12.6,87,38.2433,93,45.7822,1,12,0.6,-2.1,0.55,0.6373884,0.7630366,2,7.000,13,17,29,610000
"2020-02-07 13:17:32.08",24561,100214,9.93,12.6,87,38.2428,93,45.7922,1,12,0.6,-2.4,0.69,0.63738,0.7632034,2,7.000,13,17,31,400000
"2020-02-07 13:17:33.5",24562,100215,8.87,12.6,87,38.2425,93,45.7977,1,12,0.6,-2.5,0.62,0.637375,0.763295,2,7.000,13,17,32,820000
"2020-02-07 13:17:35.07",24563,100216,11.45,12.6,87,38.2421,93,45.8078,1,12,0.6,-2.7,0.79,0.6373683,0.7634633,2,7.000,13,17,34,390000
"2020-02-07 13:17:36.63",24564,100217,9.65,12.6,87,38.2419,93,45.8141,1,12,0.6,-2.8,0.67,0.637365,0.7635683,2,7.000,13,17,35,950000
"2020-02-07 13:17:38.13",24565,100218,12.79,12.6,87,38.2415,93,45.8259,1,12,0.6,-2.9,0.87,0.6373584,0.763765,2,7.000,13,17,37,450000
"2020-02-07 13:17:39.75",24566,100219,11.39,12.6,87,38.2412,93,45.8306,1,12,0.6,-3,0.78,0.6373533,0.7638434,2,7.000,13,17,39,70000
"2020-02-07 13:17:41.33",24567,100220,9.48,12.6,87,38.2406,93,45.8398,1,12,0.6,-3.2,0.66,0.6373434,0.7639967,2,7.000,13,17,40,650000
"2020-02-07 13:17:42.95",24568,100221,9.32,12.6,87,38.2403,93,45.8435,1,12,0.6,-3.3,0.65,0.6373384,0.7640583,2,7.000,13,17,42,260000
"2020-02-07 13:17:44.52",24569,100222,10.21,12.6,87,38.2399,93,45.854,1,12,0.6,-3.6,0.70,0.6373317,0.7642334,2,7.000,13,17,43,840000
"2020-02-07 13:17:46.09",24570,100223,11.78,12.6,87,38.2394,93,45.8627,1,12,0.6,-3.7,0.81,0.6373233,0.7643784,2,7.000,13,17,45,410000
"2020-02-07 13:17:47.7",24571,100224,16.72,12.6,87,38.239,93,45.8666,1,12,0.6,-3.7,1.129,0.6373166,0.7644434,2,7.000,13,17,47,10000
"2020-02-07 13:17:49.3",24572,100225,9.99,12.6,87,38.2385,93,45.8782,1,12,0.6,-3.8,0.69,0.6373083,0.7646367,2,7.000,13,17,48,620000
"2020-02-07 13:17:50.82",24573,100226,11.05,12.6,87,38.2382,93,45.8834,1,12,0.6,-3.7,0.76,0.6373034,0.7647234,2,7.000,13,17,50,140000
"2020-02-07 13:17:52.44",24574,100227,17.67,12.6,87,38.2377,93,45.8936,1,12,0.6,-3.9,1.192,0.637295,0.7648934,2,7.000,13,17,51,760000
"2020-02-07 13:17:53.96",24575,100228,18.62,12.59,87,38.2372,93,45.9041,1,12,0.6,-4,1.254,0.6372867,0.7650683,2,7.000,13,17,53,280000
"2020-02-07 13:17:55.43",24576,100229,20.19,12.6,87,38.237,93,45.9087,1,12,0.6,-4,1.357,0.6372833,0.765145,2,7.000,13,17,54,750000
"2020-02-07 13:17:56.96",24577,100230,16.38,12.6,87,38.2364,93,45.9196,1,12,0.6,-4.2,1.107,0.6372734,0.7653266,2,7.000,13,17,56,270000
"2020-02-07 13:18:00.93",24578,100231,13.47,12.59,87,38.2358,93,45.9316,1,12,0.6,-4.5,0.92,0.6372634,0.7655266,2,7.000,13,18,0,240000
"2020-02-07 13:18:02.39",24579,100232,11.33,12.6,87,38.2356,93,45.9339,1,12,0.6,-4.7,0.78,0.63726,0.765565,2,7.000,13,18,1,710000
"2020-02-07 13:18:03.9",24580,100233,11.9,12.59,87,38.2355,93,45.9375,1,12,0.6,-4.8,0.81,0.6372584,0.765625,2,7.000,13,18,3,220000
"2020-02-07 13:18:05.35",24581,100234,13.8,12.6,87,38.235,93,45.9479,1,12,0.6,-5,0.94,0.63725,0.7657983,2,7.000,13,18,4,670000
"2020-02-07 13:18:06.86",24582,100235,17.45,12.6,87,38.2348,93,45.9519,1,12,0.6,-5,1.177,0.6372467,0.765865,2,7.000,13,18,6,180000
"2020-02-07 13:18:08.34",24583,100236,18.34,12.59,87,38.2343,93,45.9622,1,12,0.6,-5.1,1.236,0.6372383,0.7660367,2,7.000,13,18,7.000,650000
"2020-02-07 13:18:10.04",24584,100237,26.7,12.59,87,38.2338,93,45.9714,1,12,0.6,-5.1,1.782,0.63723,0.76619,2,7.000,13,18,9,360000
"2020-02-07 13:18:11.66",24585,100238,30.96,12.59,87,38.2336,93,45.9766,1,12,0.6,-5.2,2.061,0.6372267,0.7662766,2,7.000,13,18,10,980000
"2020-02-07 13:18:13.44",24586,100239,29.39,12.59,87,38.2331,93,45.9817,1,12,0.6,-5.2,1.958,0.6372184,0.7663617,2,7.000,13,18,12,760000
"2020-02-07 13:18:15.2",24587,100240,28.83,12.6,87,38.2327,93,45.9884,1,12,0.6,-5.3,1.921,0.6372117,0.7664734,2,7.000,13,18,14,520000
"2020-02-07 13:18:17.12",24588,100241,27.48,12.59,87,38.2323,93,45.9978,1,12,0.6,-5.5,1.833,0.637205,0.76663,2,7.000,13,18,16,440000
"2020-02-07 13:18:18.76",24589,100242,25.74,12.59,87,38.2322,93,46.0007,1,12,0.6,-5.4,1.72,0.6372033,0.7666784,2,7.000,13,18,18,80000
"2020-02-07 13:18:20.32",24590,100243,26.08,12.59,87,38.2318,93,46.0069,1,12,0.6,-5.4,1.742,0.6371967,0.7667817,2,7.000,13,18,19,640000
"2020-02-07 13:18:21.88",24591,100244,24.28,12.59,87,38.2317,93,46.0115,1,12,0.6,-5.4,1.624,0.637195,0.7668583,2,7.000,13,18,21,200000
"2020-02-07 13:18:23.52",24592,100245,24.06,12.59,87,38.2309,93,46.0181,1,12,0.6,-5.5,1.61,0.6371816,0.7669684,2,7.000,13,18,22,840000
"2020-02-07 13:18:25.14",24593,100246,20.58,12.59,87,38.2308,93,46.0244,1,12,0.6,-5.2,1.382,0.63718,0.7670734,2,7.000,13,18,24,460000
"2020-02-07 13:18:26.72",24594,100247,29.72,12.59,87,38.2305,93,46.0306,1,12,0.6,-5.2,1.98,0.637175,0.7671767,2,7.000,13,18,26,40000
"2020-02-07 13:18:28.52",24595,100248,19.74,12.59,87,38.23,93,46.0376,1,12,0.6,-5.2,1.327,0.6371667,0.7672934,2,7.000,13,18,27,840000
"2020-02-07 13:18:30.27",24596,100249,22.66,12.59,87,38.2295,93,46.0466,1,12,0.6,-5.3,1.518,0.6371583,0.7674434,2,7.000,13,18,29,590000
"2020-02-07 13:18:31.84",24597,100250,17.89,12.59,87,38.2293,93,46.0518,1,12,0.6,-5.4,1.206,0.637155,0.76753,2,7.000,13,18,31,150000
"2020-02-07 13:18:33.28",24598,100251,20.53,12.59,87,38.2289,93,46.0582,1,12,0.6,-5.5,1.379,0.6371483,0.7676366,2,7.000,13,18,32,600000
"2020-02-07 13:18:35",24599,100252,20.08,12.59,87,38.2284,93,46.0662,1,12,0.6,-5.7,1.349,0.63714,0.76777,2,7.000,13,18,34,320000
"2020-02-07 13:18:36.54",24600,100253,19.46,12.59,87,38.2282,93,46.0714,1,12,0.6,-5.7,1.309,0.6371366,0.7678566,2,7.000,13,18,35,860000
"2020-02-07 13:18:38.21",24601,100254,17.5,12.59,87,38.2277,93,46.0767,1,12,0.6,-5.7,1.181,0.6371283,0.767945,2,7.000,13,18,37,530000
"2020-02-07 13:18:39.68",24602,100255,22.1,12.59,87,38.2274,93,46.0825,1,12,0.6,-5.8,1.481,0.6371234,0.7680417,2,7.000,13,18,39,0
"2020-02-07 13:18:41.41",24603,100256,26.02,12.59,87,38.2269,93,46.0926,1,12,0.6,-5.8,1.738,0.637115,0.7682101,2,7.000,13,18,40,730000
"2020-02-07 13:18:43.11",24604,100257,28.94,12.59,87,38.2265,93,46.1015,1,12,0.6,-5.9,1.929,0.6371084,0.7683583,2,7.000,13,18,42,430000
"2020-02-07 13:18:45.06",24605,100258,36.28,12.59,87,38.2261,93,46.1086,1,12,0.6,-6,2.409,0.6371017,0.7684766,2,7.000,13,18,44,380000
"2020-02-07 13:18:47.94",24606,100259,27.48,12.59,87,38.2258,93,46.1143,1,12,0.6,-6.1,1.833,0.6370966,0.7685717,2,7.000,13,18,47,250000
"2020-02-07 13:18:50.03",24607,100260,20.58,12.59,87,38.2253,93,46.1199,1,12,0.6,-6.2,1.382,0.6370884,0.768665,2,7.000,13,18,49,350000
"2020-02-07 13:18:52.01",24608,100261,17.73,12.59,87,38.225,93,46.1274,1,12,0.6,-6.4,1.195,0.6370833,0.76879,2,7.000,13,18,51,330000
"2020-02-07 13:18:53.78",24609,100262,17,12.59,87,38.2248,93,46.134,1,12,0.6,-6.5,1.148,0.63708,0.7689,2,7.000,13,18,53,100000
"2020-02-07 13:18:55.27",24610,100263,16.38,12.59,87,38.2244,93,46.1402,1,12,0.6,-6.6,1.107,0.6370733,0.7690034,2,7.000,13,18,54,590000
"2020-02-07 13:18:56.74",24611,100264,15.82,12.59,87,38.2243,93,46.146,1,12,0.6,-6.6,1.071,0.6370717,0.7691,2,7.000,13,18,56,60000
"2020-02-07 13:18:58.33",24612,100265,18.06,12.59,87,38.2237,93,46.1519,1,12,0.6,-6.6,1.217,0.6370617,0.7691983,2,7.000,13,18,57,650000
"2020-02-07 13:18:59.76",24613,100266,20.64,12.59,87,38.2234,93,46.158,1,12,0.6,-6.5,1.386,0.6370566,0.7693001,2,7.000,13,18,59,80000
"2020-02-07 13:19:01.2",24614,100267,21.76,12.58,87,38.2229,93,46.1741,1,12,0.6,-6.6,1.459,0.6370484,0.7695683,2,7.000,13,19,0,510000
"2020-02-07 13:19:02.74",24615,100268,13.52,12.59,87,38.2226,93,46.1784,1,12,0.6,-6.6,0.92,0.6370433,0.76964,2,7.000,13,19,2,60000
"2020-02-07 13:19:04.2",24616,100269,18.29,12.59,87,38.222,93,46.1877,1,12,0.6,-6.6,1.232,0.6370334,0.769795,2,7.000,13,19,3,520000
"2020-02-07 13:19:05.75",24617,100270,21.09,12.58,87,38.2218,93,46.1923,1,12,0.6,-6.7,1.415,0.63703,0.7698717,2,7.000,13,19,5,60000
"2020-02-07 13:19:07.38",24618,100271,16.83,12.58,87,38.2212,93,46.2033,1,12,0.6,-6.8,1.137,0.63702,0.770055,2,7.000,13,19,6,700000
"2020-02-07 13:19:08.92",24619,100272,14.14,12.58,87,38.2211,93,46.2082,1,12,0.6,-6.9,0.96,0.6370183,0.7701366,2,7.000,13,19,8,230000
"2020-02-07 13:19:10.4",24620,100273,15.26,12.58,87,38.2205,93,46.2183,1,12,0.6,-7.1,1.034,0.6370084,0.770305,2,7.000,13,19,9,720000
"2020-02-07 13:19:11.97",24621,100274,21.76,12.58,87,38.22,93,46.2249,1,12,0.6,-7.2,1.459,0.637,0.770415,2,7.000,13,19,11,290000
"2020-02-07 13:19:13.57",24622,100275,20.81,12.58,87,38.2197,93,46.2312,1,12,0.6,-7,1.397,0.636995,0.77052,2,7.000,13,19,12,890000
"2020-02-07 13:19:15.2",24623,100276,15.6,12.58,87,38.2191,93,46.2462,1,12,0.6,-7,1.056,0.636985,0.77077,2,7.000,13,19,14,520000
"2020-02-07 13:19:16.63",24624,100277,12.9,12.59,87,38.219,93,46.2519,1,12,0.6,-7.1,0.88,0.6369833,0.770865,2,7.000,13,19,15,950000
"2020-02-07 13:19:18.46",24625,100278,9.88,12.58,87,38.2185,93,46.2606,1,12,0.6,-7.1,0.68,0.636975,0.7710101,2,7.000,13,19,17,780000
"2020-02-07 13:19:20.47",24626,100279,17.5,12.58,87,38.2183,93,46.2654,1,12,0.6,-7.2,1.181,0.6369716,0.77109,2,7.000,13,19,19,790000
"2020-02-07 13:19:22.08",24627,100280,10.21,12.58,87,38.2178,93,46.2691,1,12,0.6,-7.2,0.70,0.6369633,0.7711517,2,7.000,13,19,21,400000
"2020-02-07 13:19:23.59",24628,100281,10.77,12.58,87,38.2176,93,46.2741,1,12,0.6,-7.2,0.74,0.63696,0.771235,2,7.000,13,19,22,910000
"2020-02-07 13:19:25.22",24629,100282,8.31,12.58,87,38.2174,93,46.2826,1,12,0.6,-7.1,0.58,0.6369566,0.7713766,2,7.000,13,19,24,540000
"2020-02-07 13:19:26.94",24630,100283,8.08,12.58,87,38.2169,93,46.2895,1,12,0.6,-7.2,0.57,0.6369484,0.7714917,2,7.000,13,19,26,260000
"2020-02-07 13:19:28.53",24631,100284,11.56,12.58,87,38.2167,93,46.2934,1,12,0.6,-7.2,0.79,0.636945,0.7715566,2,7.000,13,19,27,850000
"2020-02-07 13:19:30.11",24632,100285,18.85,12.58,87,38.2163,93,46.301,1,12,0.6,-7.2,1.269,0.6369383,0.7716834,2,7.000,13,19,29,430000
"2020-02-07 13:19:31.84",24633,100286,20.03,12.58,87,38.2161,93,46.3046,1,12,0.6,-7.2,1.346,0.636935,0.7717434,2,7.000,13,19,31,160000
"2020-02-07 13:19:33.69",24634,100287,24.57,12.58,87,38.2158,93,46.3104,1,12,0.6,-7.2,1.643,0.63693,0.77184,2,7.000,13,19,33,10000
"2020-02-07 13:19:36.7",24635,100288,12.01,12.57,87,38.2154,93,46.3197,1,12,0.6,-7.1,0.82,0.6369234,0.771995,2,7.000,13,19,36,20000
"2020-02-07 13:19:38.55",24636,100289,10.49,12.57,87,38.2153,93,46.3212,1,12,0.6,-7,0.72,0.6369217,0.7720201,2,7.000,13,19,37,870000
"2020-02-07 13:19:40.32",24637,100290,17.28,12.58,87,38.215,93,46.327,1,12,0.6,-6.9,1.166,0.6369167,0.7721166,2,7.000,13,19,39,640000
"2020-02-07 13:19:41.84",24638,100291,15.6,12.58,87,38.2148,93,46.3294,1,12,0.6,-7,1.056,0.6369134,0.7721566,2,7.000,13,19,41,160000
"2020-02-07 13:19:43.61",24639,100292,19.3,12.57,87,38.2143,93,46.3382,1,11,0.7,-7.1,1.298,0.636905,0.7723034,2,7.000,13,19,42,930000
"2020-02-07 13:19:49.18",24640,100293,16.38,12.57,87,38.2137,93,46.3441,1,11,0.7,-7.2,1.107,0.636895,0.7724017,2,7.000,13,19,48,500000
"2020-02-07 13:19:53.57",24641,100294,12.34,12.58,87,38.2137,93,46.3436,1,10,0.7,-7.3,0.84,0.636895,0.7723934,2,7.000,13,19,52,890000
"2020-02-07 13:19:58.83",24642,100295,18.18,12.58,87,38.2136,93,46.3438,1,10,0.7,-7.2,1.225,0.6368933,0.7723967,2,7.000,13,19,58,150000
"2020-02-07 13:20:00.36",24643,100296,11,12.58,87,38.2133,93,46.3313,1,10,0.7,-7.2,0.76,0.6368883,0.7721883,2,7.000,13,19,59,680000
"2020-02-07 13:20:01.94",24644,100297,12.46,12.58,87,38.213,93,46.3195,1,10,0.7,-7.3,0.85,0.6368834,0.7719917,2,7.000,13,20,1,260000
"2020-02-07 13:20:03.37",24645,100298,20.36,12.57,87,38.2128,93,46.3115,1,10,0.7,-7.3,1.368,0.63688,0.7718583,2,7.000,13,20,2,690000
"2020-02-07 13:20:04.98",24646,100299,20.7,12.57,87,38.2124,93,46.3004,1,10,0.7,-7.3,1.39,0.6368733,0.7716734,2,7.000,13,20,4,300000
"2020-02-07 13:20:06.53",24647,100300,21.82,12.58,87,38.2122,93,46.2899,1,10,0.7,-7.3,1.463,0.63687,0.7714984,2,7.000,13,20,5,850000
"2020-02-07 13:20:08.17",24648,100301,20.64,12.58,87,38.2117,93,46.2786,1,10,0.7,-7.1,1.386,0.6368617,0.77131,2,7.000,13,20,7.000,490000
"2020-02-07 13:20:11.17",24649,100302,19.91,12.57,87,38.2113,93,46.2673,1,10,0.7,-6.6,1.338,0.636855,0.7711217,2,7.000,13,20,10,490000
"2020-02-07 13:20:12.75",24650,100303,20.31,12.57,87,38.2114,93,46.2658,1,10,0.7,-6.3,1.364,0.6368567,0.7710966,2,7.000,13,20,12,70000
"2020-02-07 13:20:16.92",24651,100304,20.92,12.57,87,38.2109,93,46.2522,1,10,0.7,-6.1,1.404,0.6368483,0.77087,2,7.000,13,20,16,240000
"2020-02-07 13:20:18.78",24652,100305,19.8,12.58,87,38.2108,93,46.2515,1,10,0.7,-6,1.331,0.6368467,0.7708583,2,7.000,13,20,18,100000
"2020-02-07 13:20:20.42",24653,100306,22.1,12.56,87,38.2105,93,46.2416,1,10,0.7,-6.1,1.481,0.6368416,0.7706934,2,7.000,13,20,19,740000
"2020-02-07 13:20:21.98",24654,100307,22.27,12.57,87,38.2102,93,46.2314,1,10,0.7,-6.1,1.492,0.6368367,0.7705233,2,7.000,13,20,21,300000
"2020-02-07 13:20:23.64",24655,100308,22.1,12.57,87,38.21,93,46.2265,1,10,0.7,-6.1,1.481,0.6368333,0.7704417,2,7.000,13,20,22,960000
"2020-02-07 13:20:26.62",24656,100309,15.82,12.56,87,38.2095,93,46.2098,1,10,0.7,-6.1,1.071,0.636825,0.7701634,2,7.000,13,20,25,940000
"2020-02-07 13:20:28.34",24657,100310,13.24,12.57,87,38.2094,93,46.2031,1,10,0.7,-6.2,0.90,0.6368234,0.7700517,2,7.000,13,20,27,660000
"2020-02-07 13:20:29.99",24658,100311,18.12,12.57,87,38.209,93,46.1927,1,10,0.7,-6.2,1.221,0.6368167,0.7698783,2,7.000,13,20,29,310000
"2020-02-07 13:20:31.72",24659,100312,17.05,12.56,87,38.2088,93,46.1875,1,10,0.7,-6.2,1.151,0.6368134,0.7697917,2,7.000,13,20,31,40000
"2020-02-07 13:20:33.45",24660,100313,17.28,12.57,87,38.2084,93,46.1755,1,10,0.7,-6.2,1.166,0.6368067,0.7695916,2,7.000,13,20,32,760000
"2020-02-07 13:20:35.17",24661,100314,15.15,12.57,87,38.2078,93,46.1643,1,10,0.7,-6.3,1.027,0.6367967,0.769405,2,7.000,13,20,34,490000
"2020-02-07 13:20:37.03",24662,100315,12.01,12.57,87,38.2073,93,46.1479,1,10,0.7,-6.3,0.82,0.6367883,0.7691317,2,7.000,13,20,36,350000
"2020-02-07 13:20:38.63",24663,100316,7.804,12.57,87,38.2071,93,46.1428,1,10,0.7,-6.3,0.55,0.636785,0.7690466,2,7.000,13,20,37,950000
"2020-02-07 13:20:40.31",24664,100317,8.87,12.56,87,38.2067,93,46.1323,1,10,0.7,-6.4,0.62,0.6367783,0.7688717,2,7.000,13,20,39,630000
"2020-02-07 13:20:41.99",24665,100318,8.76,12.56,87,38.2063,93,46.1222,1,10,0.7,-6.5,0.61,0.6367716,0.7687034,2,7.000,13,20,41,310000
"2020-02-07 13:20:43.59",24666,100319,8.2,12.57,87,38.2061,93,46.1139,1,10,0.7,-6.5,0.57,0.6367684,0.768565,2,7.000,13,20,42,910000
"2020-02-07 13:20:45.12",24667,100320,7.524,12.56,87,38.2057,93,46.101,1,10,0.7,-6.8,0.53,0.6367617,0.76835,2,7.000,13,20,44,440000
"2020-02-07 13:20:46.65",24668,100321,9.88,12.56,87,38.2055,93,46.0954,1,10,0.7,-6.8,0.68,0.6367584,0.7682567,2,7.000,13,20,45,970000
"2020-02-07 13:20:48.17",24669,100322,12.12,12.56,87,38.2051,93,46.0844,1,10,0.7,-6.8,0.83,0.6367517,0.7680734,2,7.000,13,20,47,490000
"2020-02-07 13:20:50.35",24670,100323,10.33,12.56,87,38.2048,93,46.0721,1,10,0.7,-6.7,0.71,0.6367466,0.7678683,2,7.000,13,20,49,670000
"2020-02-07 13:20:51.8",24671,100324,11.9,12.56,87,38.2046,93,46.0658,1,10,0.7,-6.8,0.81,0.6367434,0.7677633,2,7.000,13,20,51,120000
"2020-02-07 13:20:53.29",24672,100325,14.36,12.56,87,38.2043,93,46.0577,1,10,0.7,-6.8,0.98,0.6367384,0.7676284,2,7.000,13,20,52,610000
"2020-02-07 13:20:54.94",24673,100326,16.72,12.56,87,38.2042,93,46.0522,1,10,0.7,-6.9,1.129,0.6367367,0.7675367,2,7.000,13,20,54,260000
"2020-02-07 13:20:56.62",24674,100327,16.83,12.56,87,38.2038,93,46.04,1,10,0.7,-6.9,1.137,0.63673,0.7673334,2,7.000,13,20,55,940000
"2020-02-07 13:20:58.25",24675,100328,14.7,12.56,87,38.2034,93,46.029,1,10,0.7,-6.9,1.00,0.6367233,0.76715,2,7.000,13,20,57,570000
"2020-02-07 13:21:00.01",24676,100329,16.27,12.56,87,38.203,93,46.019,1,10,0.7,-7,1.1,0.6367167,0.7669834,2,7.000,13,20,59,330000
"2020-02-07 13:21:01.7",24677,100330,17.84,12.56,87,38.2028,93,46.0139,1,10,0.7,-6.9,1.203,0.6367133,0.7668983,2,7.000,13,21,1,20000
"2020-02-07 13:21:03.32",24678,100331,18.74,12.56,87,38.2025,93,46.0052,1,10,0.7,-6.9,1.261,0.6367083,0.7667533,2,7.000,13,21,2,640000
"2020-02-07 13:21:05.06",24679,100332,18.96,12.56,87,38.2021,93,45.9968,1,10,0.7,-7,1.276,0.6367016,0.7666133,2,7.000,13,21,4,380000
"2020-02-07 13:21:06.97",24680,100333,18.62,12.56,87,38.2018,93,45.9862,1,10,0.7,-7,1.254,0.6366967,0.7664366,2,7.000,13,21,6,290000
"2020-02-07 13:21:08.64",24681,100334,22.38,12.56,87,38.2017,93,45.9811,1,10,0.7,-7,1.5,0.636695,0.7663517,2,7.000,13,21,7.000,960000
"2020-02-07 13:21:10.3",24682,100335,24.23,12.56,87,38.2014,93,45.973,1,10,0.7,-7.1,1.621,0.63669,0.7662166,2,7.000,13,21,9,620000
"2020-02-07 13:21:11.94",24683,100336,26.42,12.56,87,38.2011,93,45.9651,1,10,0.7,-7.1,1.764,0.636685,0.766085,2,7.000,13,21,11,260000
"2020-02-07 13:21:13.67",24684,100337,26.7,12.56,87,38.201,93,45.9594,1,10,0.7,-7.1,1.782,0.6366834,0.76599,2,7.000,13,21,12,980000
"2020-02-07 13:21:15.41",24685,100338,18.4,12.56,87,38.2007,93,45.9513,1,10,0.7,-7.2,1.239,0.6366783,0.765855,2,7.000,13,21,14,730000
"2020-02-07 13:21:17.13",24686,100339,24.96,12.56,87,38.2002,93,45.9427,1,10,0.7,-7.2,1.668,0.63667,0.7657117,2,7.000,13,21,16,450000
"2020-02-07 13:21:18.87",24687,100340,27.15,12.56,87,38.2,93,45.9357,1,10,0.7,-7.2,1.811,0.6366666,0.765595,2,7.000,13,21,18,190000
"2020-02-07 13:21:20.57",24688,100341,26.25,12.56,87,38.1999,93,45.9273,1,10,0.7,-7.1,1.753,0.636665,0.765455,2,7.000,13,21,19,890000
"2020-02-07 13:21:22.26",24689,100342,29.84,12.56,87,38.1997,93,45.9183,1,10,0.7,-7,1.987,0.6366616,0.765305,2,7.000,13,21,21,580000
"2020-02-07 13:21:23.91",24690,100343,31.13,12.56,87,38.1995,93,45.9107,1,10,0.7,-7.1,2.072,0.6366584,0.7651784,2,7.000,13,21,23,230000
"2020-02-07 13:21:25.58",24691,100344,31.41,12.57,87,38.199,93,45.9014,1,10,0.7,-6.6,2.09,0.63665,0.7650234,2,7.000,13,21,24,900000
"2020-02-07 13:21:27.4",24692,100345,30.96,12.56,87,38.1987,93,45.8933,1,10,0.7,-6.9,2.061,0.636645,0.7648883,2,7.000,13,21,26,720000
"2020-02-07 13:21:29.09",24693,100346,29.73,12.56,87,38.1982,93,45.8861,1,10,0.7,-6.9,1.98,0.6366367,0.7647684,2,7.000,13,21,28,410000
"2020-02-07 13:21:30.85",24694,100347,30.62,12.55,87,38.1979,93,45.8812,1,10,0.7,-6.9,2.039,0.6366317,0.7646866,2,7.000,13,21,30,170000
"2020-02-07 13:21:34.73",24695,100348,29.17,12.55,87,38.1978,93,45.8775,1,10,0.7,-6.6,1.943,0.63663,0.764625,2,7.000,13,21,34,40000
"2020-02-07 13:21:40.85",24696,100349,25.3,12.55,87,38.1977,93,45.8587,1,10,0.7,-6.5,1.69,0.6366283,0.7643117,2,7.000,13,21,40,170000
"2020-02-07 13:21:43.42",24697,100350,27.04,12.56,87,38.1981,93,45.8487,1,10,0.7,-6.5,1.804,0.636635,0.764145,2,7.000,13,21,42,740000
"2020-02-07 13:21:49.63",24698,100351,27.48,12.55,87,38.1986,93,45.8382,1,10,0.7,-6.5,1.834,0.6366434,0.76397,2,7.000,13,21,48,950000
"2020-02-07 13:21:51.46",24699,100352,23.62,12.56,87,38.199,93,45.8315,1,10,0.7,-6.5,1.58,0.63665,0.7638584,2,7.000,13,21,50,780000
"2020-02-07 13:21:54.65",24700,100353,20.64,12.56,87,38.1996,93,45.8202,1,10,0.7,-6.6,1.386,0.63666,0.76367,2,7.000,13,21,53,970000
"2020-02-07 13:22:08.14",24701,100354,20.76,12.55,87,38.1998,93,45.8164,1,10,0.7,-6.6,1.393,0.6366633,0.7636066,2,7.000,13,22,7.000,460000
"2020-02-07 13:22:09.76",24702,100355,23.9,12.55,87,38.1998,93,45.8146,1,10,0.7,-6.6,1.599,0.6366633,0.7635767,2,7.000,13,22,9,80000
"2020-02-07 13:22:11.27",24703,100356,19.8,12.55,87,38.2003,93,45.8059,1,10,0.7,-6.6,1.331,0.6366717,0.7634317,2,7.000,13,22,10,590000
"2020-02-07 13:22:13.09",24704,100357,18.96,12.55,87,38.201,93,45.7988,1,10,0.7,-6.8,1.276,0.6366834,0.7633134,2,7.000,13,22,12,410000
"2020-02-07 13:22:14.63",24705,100358,26.25,12.55,87,38.2013,93,45.7937,1,10,0.7,-7,1.753,0.6366884,0.7632283,2,7.000,13,22,13,950000
"2020-02-07 13:22:16.24",24706,100359,18.29,12.55,87,38.2014,93,45.7882,1,10,0.7,-7.1,1.232,0.63669,0.7631367,2,7.000,13,22,15,560000
"2020-02-07 13:22:17.76",24707,100360,17.73,12.55,87,38.2017,93,45.7849,1,10,0.7,-7,1.195,0.636695,0.7630817,2,7.000,13,22,17,80000
"2020-02-07 13:22:19.44",24708,100361,8.7,12.55,87,38.2023,93,45.7741,1,10,0.7,-7.1,0.61,0.636705,0.7629017,2,7.000,13,22,18,750000
"2020-02-07 13:22:20.91",24709,100362,13.8,12.55,87,38.2028,93,45.7656,1,10,0.7,-7.1,0.94,0.6367133,0.76276,2,7.000,13,22,20,230000
"2020-02-07 13:22:22.44",24710,100363,20.31,12.55,87,38.2031,93,45.7611,1,10,0.7,-7.2,1.364,0.6367183,0.762685,2,7.000,13,22,21,760000
"2020-02-07 13:22:23.96",24711,100364,18.23,12.55,87,38.2037,93,45.7558,1,10,0.7,-7.2,1.228,0.6367284,0.7625966,2,7.000,13,22,23,280000
"2020-02-07 13:22:25.51",24712,100365,20.42,12.55,87,38.2041,93,45.7501,1,10,0.7,-7.2,1.371,0.636735,0.7625017,2,7.000,13,22,24,830000
"2020-02-07 13:22:27.06",24713,100366,23.22,12.55,87,38.2044,93,45.7396,1,10,0.7,-7.5,1.555,0.63674,0.7623266,2,7.000,13,22,26,370000
"2020-02-07 13:22:28.62",24714,100367,21.09,12.55,87,38.2047,93,45.7355,1,10,0.7,-7.5,1.415,0.636745,0.7622583,2,7.000,13,22,27,940000
"2020-02-07 13:22:30.21",24715,100368,18.96,12.55,87,38.2053,93,45.7265,1,10,0.7,-7.5,1.276,0.636755,0.7621084,2,7.000,13,22,29,530000
"2020-02-07 13:22:31.8",24716,100369,13.86,12.55,87,38.2056,93,45.7205,1,10,0.7,-7.5,0.94,0.63676,0.7620084,2,7.000,13,22,31,120000
"2020-02-07 13:22:33.39",24717,100370,12.57,12.55,87,38.2062,93,45.7105,1,10,0.7,-7.6,0.86,0.63677,0.7618417,2,7.000,13,22,32,710000
"2020-02-07 13:22:34.9",24718,100371,16.16,12.55,87,38.2064,93,45.7066,1,10,0.7,-7.6,1.093,0.6367734,0.7617767,2,7.000,13,22,34,220000
"2020-02-07 13:22:36.58",24719,100372,16.27,12.55,87,38.207,93,45.6956,1,10,0.7,-7.6,1.1,0.6367834,0.7615933,2,7.000,13,22,35,900000
"2020-02-07 13:22:38.23",24720,100373,10.66,12.55,87,38.2075,93,45.6855,1,10,0.7,-7.5,0.73,0.6367916,0.761425,2,7.000,13,22,37,550000
"2020-02-07 13:22:40.03",24721,100374,10.22,12.55,87,38.2081,93,45.6752,1,10,0.7,-7.6,0.70,0.6368017,0.7612534,2,7.000,13,22,39,350000
"2020-02-07 13:22:41.58",24722,100375,10.44,12.55,87,38.2084,93,45.6697,1,10,0.7,-7.7,0.72,0.6368067,0.7611617,2,7.000,13,22,40,900000
"2020-02-07 13:22:43.13",24723,100376,8.98,12.55,87,38.2089,93,45.6616,1,10,0.7,-7.7,0.62,0.636815,0.7610266,2,7.000,13,22,42,450000
"2020-02-07 13:22:44.66",24724,100377,9.54,12.54,87,38.2092,93,45.6566,1,10,0.7,-7.7,0.66,0.63682,0.7609434,2,7.000,13,22,43,980000
"2020-02-07 13:22:46.15",24725,100378,11,12.55,87,38.2096,93,45.6459,1,10,0.7,-7.7,0.76,0.6368266,0.760765,2,7.000,13,22,45,470000
"2020-02-07 13:22:47.75",24726,100379,13.58,12.54,87,38.2099,93,45.6406,1,10,0.7,-7.7,0.92,0.6368316,0.7606766,2,7.000,13,22,47,70000
"2020-02-07 13:22:49.21",24727,100380,15.93,12.54,87,38.2105,93,45.6319,1,10,0.7,-7.7,1.078,0.6368416,0.7605317,2,7.000,13,22,48,530000
"2020-02-07 13:22:50.67",24728,100381,15.71,12.55,87,38.2107,93,45.6258,1,10,0.7,-7.8,1.063,0.636845,0.76043,2,7.000,13,22,49,990000
"2020-02-07 13:22:52.05",24729,100382,16.94,12.55,87,38.2114,93,45.6147,1,10,0.7,-7.7,1.144,0.6368567,0.760245,2,7.000,13,22,51,370000
"2020-02-07 13:22:53.69",24730,100383,15.04,12.54,87,38.2116,93,45.6088,1,10,0.7,-7.9,1.019,0.63686,0.7601466,2,7.000,13,22,53,10000
"2020-02-07 13:22:55.21",24731,100384,12.79,12.55,87,38.2122,93,45.5968,1,10,0.7,-7.9,0.87,0.63687,0.7599467,2,7.000,13,22,54,530000
"2020-02-07 13:22:56.91",24732,100385,23.22,12.54,87,38.2128,93,45.5889,1,10,0.7,-7.9,1.555,0.63688,0.759815,2,7.000,13,22,56,220000
"2020-02-07 13:22:58.55",24733,100386,21.6,12.54,87,38.213,93,45.5842,1,10,0.7,-7.9,1.448,0.6368834,0.7597367,2,7.000,13,22,57,870000
"2020-02-07 13:23:00.17",24734,100387,20.76,12.54,87,38.2136,93,45.5759,1,10,0.7,-8,1.393,0.6368933,0.7595984,2,7.000,13,22,59,490000
"2020-02-07 13:23:02.27",24735,100388,24.01,12.54,87,38.2139,93,45.569,1,10,0.7,-7.9,1.606,0.6368983,0.7594834,2,7.000,13,23,1,590000
"2020-02-07 13:23:03.95",24736,100389,19.58,12.55,87,38.2144,93,45.5618,1,10,0.7,-8,1.316,0.6369067,0.7593633,2,7.000,13,23,3,270000
"2020-02-07 13:23:05.6",24737,100390,21.32,12.54,87,38.2146,93,45.5569,1,10,0.7,-8.1,1.43,0.63691,0.7592817,2,7.000,13,23,4,920000
"2020-02-07 13:23:07.56",24738,100391,18.85,12.54,87,38.2151,93,45.5474,1,10,0.7,-8.1,1.269,0.6369183,0.7591234,2,7.000,13,23,6,880000
"2020-02-07 13:23:11.24",24739,100392,21.88,12.54,87,38.2156,93,45.5333,1,10,0.7,-8.2,1.467,0.6369266,0.7588883,2,7.000,13,23,10,560000
"2020-02-07 13:23:13.07",24740,100393,23.78,12.55,87,38.216,93,45.5297,1,10,0.7,-8.1,1.592,0.6369333,0.7588283,2,7.000,13,23,12,390000
"2020-02-07 13:23:16.55",24741,100394,18.23,12.54,87,38.2162,93,45.5246,1,10,0.7,-8.2,1.228,0.6369367,0.7587434,2,7.000,13,23,15,870000
"2020-02-07 13:23:18.06",24742,100395,15.71,12.54,87,38.2166,93,45.5187,1,10,0.7,-8.3,1.063,0.6369433,0.758645,2,7.000,13,23,17,380000
"2020-02-07 13:23:19.54",24743,100396,12.23,12.54,87,38.2168,93,45.5159,1,10,0.7,-8.4,0.84,0.6369467,0.7585983,2,7.000,13,23,18,860000
"2020-02-07 13:23:21.1",24744,100397,18.29,12.54,87,38.2173,93,45.5062,1,10,0.7,-8.4,1.232,0.636955,0.7584366,2,7.000,13,23,20,420000
"2020-02-07 13:23:22.59",24745,100398,13.24,12.54,87,38.2176,93,45.5015,1,10,0.7,-8.5,0.90,0.63696,0.7583583,2,7.000,13,23,21,910000
"2020-02-07 13:23:24.49",24746,100399,8.7,12.54,87,38.2181,93,45.4895,1,10,0.7,-8.4,0.61,0.6369684,0.7581583,2,7.000,13,23,23,810000
"2020-02-07 13:23:25.87",24747,100400,7.636,12.53,87,38.2184,93,45.4841,1,10,0.7,-8.5,0.54,0.6369733,0.7580683,2,7.000,13,23,25,190000
"2020-02-07 13:23:27.42",24748,100401,8.87,12.54,87,38.2189,93,45.4729,1,10,0.7,-8.6,0.62,0.6369817,0.7578817,2,7.000,13,23,26,740000
"2020-02-07 13:23:28.86",24749,100402,12.35,12.54,87,38.2192,93,45.47,1,10,0.7,-8.6,0.84,0.6369867,0.7578334,2,7.000,13,23,28,180000
"2020-02-07 13:23:30.32",24750,100403,18.4,12.54,87,38.2197,93,45.4559,1,10,0.7,-8.7,1.239,0.636995,0.7575983,2,7.000,13,23,29,630000
"2020-02-07 13:23:31.81",24751,100404,15.6,12.53,87,38.2199,93,45.4495,1,10,0.7,-8.7,1.056,0.6369983,0.7574917,2,7.000,13,23,31,130000
"2020-02-07 13:23:33.3",24752,100405,11.56,12.54,87,38.2205,93,45.4381,1,10,0.7,-8.7,0.79,0.6370084,0.7573016,2,7.000,13,23,32,620000
"2020-02-07 13:23:34.9",24753,100406,18.07,12.54,87,38.2208,93,45.4324,1,10,0.7,-8.8,1.217,0.6370133,0.7572066,2,7.000,13,23,34,210000
"2020-02-07 13:23:36.31",24754,100407,17.62,12.54,87,38.2212,93,45.4182,1,10,0.7,-8.6,1.188,0.63702,0.7569701,2,7.000,13,23,35,630000
"2020-02-07 13:23:38.07",24755,100408,11.28,12.54,87,38.2217,93,45.404,1,10,0.7,-8.7,0.77,0.6370283,0.7567333,2,7.000,13,23,37,390000
"2020-02-07 13:23:39.8",24756,100409,20.87,12.54,87,38.2219,93,45.3986,1,10,0.7,-8.7,1.401,0.6370317,0.7566434,2,7.000,13,23,39,120000
"2020-02-07 13:23:41.43",24757,100410,23,12.54,87,38.2223,93,45.3871,1,10,0.7,-8.7,1.54,0.6370384,0.7564517,2,7.000,13,23,40,750000
"2020-02-07 13:23:43.02",24758,100411,19.41,12.53,87,38.2226,93,45.3746,1,10,0.7,-8.8,1.305,0.6370433,0.7562434,2,7.000,13,23,42,340000
"2020-02-07 13:23:44.66",24759,100412,19.19,12.54,87,38.2228,93,45.3689,1,10,0.7,-8.9,1.291,0.6370467,0.7561483,2,7.000,13,23,43,970000
"2020-02-07 13:23:46.23",24760,100413,20.08,12.53,87,38.2233,93,45.3577,1,10,0.7,-9,1.349,0.637055,0.7559617,2,7.000,13,23,45,550000
"2020-02-07 13:23:47.79",24761,100414,20.53,12.54,87,38.2234,93,45.3517,1,10,0.7,-8.9,1.379,0.6370566,0.7558616,2,7.000,13,23,47,110000
"2020-02-07 13:23:49.4",24762,100415,26.59,12.54,87,38.2238,93,45.3388,1,10,0.7,-9,1.775,0.6370633,0.7556466,2,7.000,13,23,48,720000
"2020-02-07 13:23:51.02",24763,100416,22.1,12.54,87,38.2242,93,45.3268,1,10,0.7,-8.9,1.482,0.63707,0.7554466,2,7.000,13,23,50,340000
"2020-02-07 13:23:52.5",24764,100417,24.23,12.53,87,38.2244,93,45.321,1,10,0.7,-9,1.621,0.6370733,0.75535,2,7.000,13,23,51,820000
"2020-02-07 13:23:54.24",24765,100418,17.95,12.54,87,38.2248,93,45.3108,1,10,0.7,-9,1.21,0.63708,0.75518,2,7.000,13,23,53,560000
"2020-02-07 13:23:55.82",24766,100419,18.51,12.54,87,38.2249,93,45.3063,1,10,0.7,-9.1,1.247,0.6370817,0.755105,2,7.000,13,23,55,140000
"2020-02-07 13:23:57.59",24767,100420,18.4,12.53,87,38.2252,93,45.2953,1,10,0.7,-9.1,1.239,0.6370867,0.7549217,2,7.000,13,23,56,910000
"2020-02-07 13:23:59.07",24768,100421,18.29,12.53,87,38.2256,93,45.2837,1,10,0.7,-9.1,1.232,0.6370934,0.7547283,2,7.000,13,23,58,390000
"2020-02-07 13:24:00.69",24769,100422,12.12,12.53,87,38.2258,93,45.2774,1,10,0.7,-9.1,0.83,0.6370966,0.7546234,2,7.000,13,24,0,10000
"2020-02-07 13:24:02.18",24770,100423,16.27,12.53,87,38.2262,93,45.2657,1,10,0.7,-9.1,1.1,0.6371033,0.7544283,2,7.000,13,24,1,500000
"2020-02-07 13:24:03.71",24771,100424,20.7,12.53,87,38.2264,93,45.2597,1,10,0.7,-9.1,1.39,0.6371066,0.7543284,2,7.000,13,24,3,30000
"2020-02-07 13:24:05.16",24772,100425,17.11,12.54,87,38.2269,93,45.2468,1,10,0.7,-9.1,1.155,0.637115,0.7541133,2,7.000,13,24,4,480000
"2020-02-07 13:24:06.65",24773,100426,15.82,12.54,87,38.2272,93,45.2408,1,10,0.7,-9.1,1.071,0.63712,0.7540133,2,7.000,13,24,5,970000
"2020-02-07 13:24:08.09",24774,100427,21.15,12.54,87,38.2276,93,45.2242,1,10,0.7,-9.2,1.419,0.6371267,0.7537366,2,7.000,13,24,7.000,410000
"2020-02-07 13:24:09.57",24775,100428,20.64,12.53,87,38.2278,93,45.2167,1,10,0.7,-8.9,1.386,0.63713,0.7536117,2,7.000,13,24,8,890000
"2020-02-07 13:24:11.11",24776,100429,21.32,12.53,87,38.2282,93,45.2041,1,10,0.7,-8.7,1.43,0.6371366,0.7534017,2,7.000,13,24,10,430000
"2020-02-07 13:24:12.72",24777,100430,19.19,12.53,87,38.2284,93,45.1982,1,10,0.7,-8.7,1.291,0.63714,0.7533034,2,7.000,13,24,12,40000
"2020-02-07 13:24:14.27",24778,100431,15.93,12.53,87,38.2289,93,45.1855,1,10,0.7,-8.7,1.078,0.6371483,0.7530917,2,7.000,13,24,13,590000
"2020-02-07 13:24:15.77",24779,100432,12.85,12.53,87,38.2291,93,45.1803,1,10,0.7,-8.7,0.88,0.6371516,0.753005,2,7.000,13,24,15,90000
"2020-02-07 13:24:17.38",24780,100433,15.93,12.53,87,38.2296,93,45.1672,1,10,0.7,-8.7,1.078,0.63716,0.7527866,2,7.000,13,24,16,700000
"2020-02-07 13:24:18.96",24781,100434,18.29,12.53,87,38.23,93,45.1553,1,10,0.7,-8.7,1.232,0.6371667,0.7525883,2,7.000,13,24,18,280000
"2020-02-07 13:24:20.48",24782,100435,15.82,12.53,87,38.2303,93,45.1499,1,10,0.7,-8.7,1.071,0.6371717,0.7524983,2,7.000,13,24,19,800000
"2020-02-07 13:24:23.09",24783,100436,14.48,12.53,87,38.2308,93,45.1299,1,10,0.7,-8.7,0.98,0.63718,0.752165,2,7.000,13,24,22,410000
"2020-02-07 13:24:24.74",24784,100437,18.18,12.53,87,38.2309,93,45.1269,1,10,0.7,-8.7,1.225,0.6371816,0.752115,2,7.000,13,24,24,60000
"2020-02-07 13:24:26.28",24785,100438,19.64,12.53,87,38.2313,93,45.1164,1,10,0.7,-8.7,1.32,0.6371883,0.75194,2,7.000,13,24,25,600000
"2020-02-07 13:24:27.89",24786,100439,19.35,12.53,87,38.2315,93,45.1085,1,10,0.7,-8.6,1.302,0.6371916,0.7518083,2,7.000,13,24,27,210000
"2020-02-07 13:24:29.48",24787,100440,19.92,12.53,87,38.2319,93,45.0969,1,10,0.7,-8.6,1.338,0.6371983,0.751615,2,7.000,13,24,28,790000
"2020-02-07 13:24:31.01",24788,100441,21.65,12.53,87,38.2321,93,45.0852,1,10,0.7,-8.7,1.452,0.6372017,0.75142,2,7.000,13,24,30,320000
"2020-02-07 13:24:32.66",24789,100442,27.04,12.53,87,38.2323,93,45.0777,1,10,0.7,-8.9,1.804,0.637205,0.751295,2,7.000,13,24,31,980000
"2020-02-07 13:24:34.26",24790,100443,30.06,12.53,87,38.2327,93,45.0663,1,10,0.7,-8.7,2.002,0.6372117,0.751105,2,7.000,13,24,33,580000
"2020-02-07 13:24:36.06",24791,100444,33.54,12.53,87,38.233,93,45.0544,1,10,0.7,-8.5,2.23,0.6372167,0.7509067,2,7.000,13,24,35,380000
"2020-02-07 13:24:37.97",24792,100445,35.11,12.53,87,38.2333,93,45.0451,1,10,0.7,-8.5,2.332,0.6372216,0.7507517,2,7.000,13,24,37,280000
"2020-02-07 13:24:39.95",24793,100446,30.51,12.53,87,38.2335,93,45.0398,1,10,0.7,-8.5,2.032,0.637225,0.7506634,2,7.000,13,24,39,260000
"2020-02-07 13:24:41.51",24794,100447,26.7,12.53,87,38.2338,93,45.0366,1,10,0.7,-8.7,1.782,0.63723,0.75061,2,7.000,13,24,40,830000
"2020-02-07 13:24:43.02",24795,100448,26.87,12.53,87,38.2342,93,45.0263,1,10,0.7,-8.6,1.793,0.6372366,0.7504383,2,7.000,13,24,42,340000
"2020-02-07 13:24:44.92",24796,100449,16.83,12.53,87,38.2345,93,45.0253,1,10,0.7,-8.7,1.137,0.6372417,0.7504217,2,7.000,13,24,44,240000
"2020-02-07 13:24:46.6",24797,100450,15.71,12.53,87,38.2348,93,45.0158,1,10,0.7,-8.8,1.063,0.6372467,0.7502634,2,7.000,13,24,45,920000
"2020-02-07 13:24:50.46",24798,100451,16.38,12.53,87,38.235,93,45.0104,1,10,0.7,-8.8,1.107,0.63725,0.7501734,2,7.000,13,24,49,770000
"2020-02-07 13:24:52.1",24799,100452,18.23,12.53,87,38.2354,93,44.9988,1,10,0.7,-8.8,1.228,0.6372567,0.74998,2,7.000,13,24,51,420000
"2020-02-07 13:24:53.66",24800,100453,15.37,12.52,87,38.2355,93,44.9935,1,10,0.7,-8.8,1.041,0.6372584,0.7498916,2,7.000,13,24,52,980000
"2020-02-07 13:24:55.13",24801,100454,13.36,12.53,87,38.2357,93,44.9828,1,10,0.7,-8.8,0.91,0.6372616,0.7497133,2,7.000,13,24,54,450000
"2020-02-07 13:24:56.64",24802,100455,14.59,12.53,87,38.2359,93,44.9766,1,10,0.7,-8.8,0.99,0.637265,0.74961,2,7.000,13,24,55,960000
"2020-02-07 13:24:58.36",24803,100456,12.68,12.53,87,38.2362,93,44.9651,1,10,0.7,-8.8,0.87,0.63727,0.7494183,2,7.000,13,24,57,680000
"2020-02-07 13:24:59.83",24804,100457,13.97,12.52,87,38.2364,93,44.9605,1,10,0.7,-8.8,0.95,0.6372734,0.7493417,2,7.000,13,24,59,140000
"2020-02-07 13:25:01.34",24805,100458,17.95,12.53,87,38.2368,93,44.9475,1,10,0.7,-8.8,1.21,0.63728,0.749125,2,7.000,13,25,0,650000
"2020-02-07 13:25:02.9",24806,100459,20.98,12.52,87,38.237,93,44.9426,1,10,0.7,-8.7,1.408,0.6372833,0.7490434,2,7.000,13,25,2,220000
"2020-02-07 13:25:04.52",24807,100460,25.41,12.53,87,38.2374,93,44.9326,1,10,0.7,-8.8,1.698,0.63729,0.7488766,2,7.000,13,25,3,840000
"2020-02-07 13:25:06.17",24808,100461,21.32,12.52,87,38.2377,93,44.9206,1,10,0.7,-8.9,1.43,0.637295,0.7486766,2,7.000,13,25,5,490000
"2020-02-07 13:25:07.88",24809,100462,19.58,12.53,87,38.2378,93,44.9152,1,10,0.7,-8.9,1.317,0.6372967,0.7485866,2,7.000,13,25,7.000,200000
"2020-02-07 13:25:09.63",24810,100463,13.13,12.52,87,38.2381,93,44.9054,1,10,0.7,-9.1,0.90,0.6373016,0.7484234,2,7.000,13,25,8,940000
"2020-02-07 13:32:58.51",24811,100464,15.71,12.46,87,38.245,93,46.9291,1,10,0.8,-5.3,1.064,0.6374167,0.7821516,2,7.000,13,32,57,830000
