"TOA5","35279","CR800","35279","CR800.Std.27.04","CPU:AWI_V2.1_Anja.CR8","15615","OperatorView"
"TIMESTAMP","RECORD","Counter","DepthCm","BattVolts","latitude_a","latitude_b","Longitude_a","Longitude_b","fix_quality","nmbr_satellites","HDOP","altitudeB","DepthVolts","LatitudeDDDDD","LongitudeDDDDD","month","dayofmonth","hourofday","minutes","seconds","microseconds"
"TS","RN","","","","degrees","minutes","degrees","minutes","unitless","","","","","","","","","","","",""
"","","Smp","Smp","Smp","Smp","Smp","Smp","Smp","Smp","Smp","Smp","Smp","Smp","Smp","Smp","Smp","Smp","Smp","Smp","Smp","Smp"
"2020-02-07 14:06:15.46",25258,100911,9.44,12.24,87,38.7629,93,51.9358,1,12,0.7,-3.5,0.65,0.6460484,0.8655966,2,7.000,14,6,14,780000
"2020-02-07 14:06:17.45",25259,100912,12.58,12.24,87,38.7625,93,51.9327,1,12,0.7,-3.3,0.86,0.6460417,0.865545,2,7.000,14,6,16,770000
"2020-02-07 14:06:19.22",25260,100913,7.080,12.23,87,38.7619,93,51.9278,1,12,0.7,-3.2,0.50,0.6460317,0.8654633,2,7.000,14,6,18,540000
"2020-02-07 14:06:21",25261,100914,5.677,12.23,87,38.7615,93,51.9236,1,12,0.7,-3.2,0.41,0.646025,0.8653934,2,7.000,14,6,20,320000
"2020-02-07 14:06:23.95",25262,100915,5.284,12.24,87,38.7609,93,51.9252,1,12,0.7,-3.3,0.38,0.646015,0.8654201,2,7.000,14,6,23,260000
"2020-02-07 14:06:25.54",25263,100916,6.126,12.23,87,38.7605,93,51.9191,1,12,0.7,-3.3,0.44,0.6460084,0.8653183,2,7.000,14,6,24,860000
"2020-02-07 14:06:26.96",25264,100917,7.697,12.23,87,38.7599,93,51.9133,1,12,0.7,-3.3,0.54,0.6459983,0.8652217,2,7.000,14,6,26,280000
"2020-02-07 14:06:28.45",25265,100918,7.192,12.23,87,38.7595,93,51.9115,1,12,0.7,-3.2,0.51,0.6459916,0.8651916,2,7.000,14,6,27,770000
"2020-02-07 14:06:30",25266,100919,7.528,12.23,87,38.7589,93,51.9063,1,12,0.7,-3.3,0.53,0.6459817,0.865105,2,7.000,14,6,29,320000
"2020-02-07 14:06:31.55",25267,100920,5.845,12.23,87,38.7584,93,51.9028,1,12,0.7,-3.2,0.42,0.6459733,0.8650466,2,7.000,14,6,30,870000
"2020-02-07 14:06:33.11",25268,100921,5.284,12.23,87,38.7577,93,51.8982,1,12,0.7,-3.1,0.38,0.6459617,0.86497,2,7.000,14,6,32,430000
"2020-02-07 14:06:34.56",25269,100922,5.621,12.23,87,38.7573,93,51.8967,1,12,0.7,-3.1,0.40,0.645955,0.864945,2,7.000,14,6,33,880000
"2020-02-07 14:06:36.09",25270,100923,8.65,12.23,87,38.7566,93,51.8968,1,12,0.7,-3.1,0.60,0.6459434,0.8649466,2,7.000,14,6,35,410000
"2020-02-07 14:06:37.59",25271,100924,6.967,12.23,87,38.7563,93,51.8952,1,12,0.7,-3.2,0.49,0.6459383,0.86492,2,7.000,14,6,36,910000
"2020-02-07 14:06:39.07",25272,100925,4.555,12.23,87,38.7556,93,51.8906,1,12,0.7,-3.3,0.33,0.6459266,0.8648433,2,7.000,14,6,38,390000
"2020-02-07 14:06:40.5",25273,100926,4.611,12.23,87,38.7552,93,51.8889,1,12,0.7,-3.4,0.34,0.64592,0.864815,2,7.000,14,6,39,820000
"2020-02-07 14:06:41.96",25274,100927,4.499,12.23,87,38.7544,93,51.8833,1,12,0.7,-3.3,0.33,0.6459066,0.8647217,2,7.000,14,6,41,280000
"2020-02-07 14:06:43.4",25275,100928,4.836,12.23,87,38.7539,93,51.8801,1,12,0.7,-3.4,0.35,0.6458983,0.8646683,2,7.000,14,6,42,720000
"2020-02-07 14:06:47.09",25276,100929,4.948,12.23,87,38.7525,93,51.8792,1,12,0.7,-3.3,0.36,0.645875,0.8646534,2,7.000,14,6,46,410000
"2020-02-07 14:06:48.82",25277,100930,5.172,12.23,87,38.7526,93,51.8787,1,12,0.7,-3.3,0.37,0.6458767,0.864645,2,7.000,14,6,48,140000
"2020-02-07 14:06:50.33",25278,100931,4.275,12.23,87,38.7521,93,51.8729,1,12,0.7,-3.4,0.32,0.6458684,0.8645483,2,7.000,14,6,49,650000
"2020-02-07 14:06:51.82",25279,100932,4.779,12.23,87,38.7517,93,51.8712,1,12,0.7,-3.4,0.35,0.6458617,0.86452,2,7.000,14,6,51,140000
"2020-02-07 14:06:53.22",25280,100933,5.284,12.23,87,38.7509,93,51.8655,1,12,0.7,-3.5,0.38,0.6458483,0.864425,2,7.000,14,6,52,540000
"2020-02-07 14:06:54.96",25281,100934,5.004,12.23,87,38.7506,93,51.8635,1,12,0.7,-3.5,0.36,0.6458433,0.8643916,2,7.000,14,6,54,270000
"2020-02-07 14:06:56.34",25282,100935,5.453,12.23,87,38.75,93,51.8579,1,12,0.7,-3.5,0.39,0.6458333,0.8642983,2,7.000,14,6,55,660000
"2020-02-07 14:06:57.83",25283,100936,9.10,12.23,87,38.7497,93,51.8558,1,12,0.7,-3.5,0.63,0.6458283,0.8642634,2,7.000,14,6,57,150000
"2020-02-07 14:06:59.28",25284,100937,12.13,12.23,87,38.7489,93,51.8508,1,12,0.7,-3.5,0.83,0.645815,0.86418,2,7.000,14,6,58,600000
"2020-02-07 14:07:00.82",25285,100938,8.2,12.23,87,38.7487,93,51.8482,1,12,0.7,-3.5,0.57,0.6458117,0.8641367,2,7.000,14,7.000,0,140000
"2020-02-07 14:07:02.32",25286,100939,5.733,12.23,87,38.748,93,51.8422,1,12,0.7,-3.5,0.41,0.6458,0.8640366,2,7.000,14,7.000,1,640000
"2020-02-07 14:07:03.81",25287,100940,4.836,12.23,87,38.7477,93,51.8395,1,12,0.7,-3.5,0.35,0.645795,0.8639917,2,7.000,14,7.000,3,130000
"2020-02-07 14:07:05.33",25288,100941,4.892,12.23,87,38.7469,93,51.8357,1,12,0.7,-3.5,0.36,0.6457816,0.8639284,2,7.000,14,7.000,4,650000
"2020-02-07 14:07:06.76",25289,100942,4.387,12.23,87,38.7466,93,51.8347,1,12,0.7,-3.5,0.32,0.6457767,0.8639117,2,7.000,14,7.000,6,80000
"2020-02-07 14:07:08.17",25290,100943,5.06,12.23,87,38.7457,93,51.8295,1,12,0.7,-3.5,0.37,0.6457617,0.863825,2,7.000,14,7.000,7.000,490000
"2020-02-07 14:07:09.65",25291,100944,4.723,12.23,87,38.7453,93,51.8275,1,12,0.7,-3.5,0.35,0.645755,0.8637917,2,7.000,14,7.000,8,970000
"2020-02-07 14:07:11.14",25292,100945,4.387,12.23,87,38.7445,93,51.8233,1,12,0.7,-3.4,0.32,0.6457416,0.8637217,2,7.000,14,7.000,10,460000
"2020-02-07 14:07:12.56",25293,100946,4.275,12.23,87,38.744,93,51.8211,1,12,0.7,-3.4,0.32,0.6457333,0.863685,2,7.000,14,7.000,11,880000
"2020-02-07 14:07:14.24",25294,100947,5.509,12.23,87,38.7433,93,51.8147,1,12,0.7,-3.3,0.40,0.6457217,0.8635784,2,7.000,14,7.000,13,560000
"2020-02-07 14:07:15.63",25295,100948,4.611,12.23,87,38.743,93,51.8117,1,12,0.7,-3.3,0.34,0.6457167,0.8635283,2,7.000,14,7.000,14,950000
"2020-02-07 14:07:17.28",25296,100949,6.126,12.23,87,38.7422,93,51.8061,1,12,0.7,-3.2,0.44,0.6457033,0.863435,2,7.000,14,7.000,16,600000
"2020-02-07 14:07:18.64",25297,100950,4.948,12.23,87,38.7418,93,51.8036,1,12,0.7,-3.3,0.36,0.6456966,0.8633934,2,7.000,14,7.000,17,960000
"2020-02-07 14:07:20.12",25298,100951,4.275,12.23,87,38.7411,93,51.7985,1,12,0.7,-3.2,0.32,0.645685,0.8633083,2,7.000,14,7.000,19,440000
"2020-02-07 14:07:21.85",25299,100952,5.621,12.23,87,38.7408,93,51.7982,1,12,0.7,-3.3,0.40,0.64568,0.8633033,2,7.000,14,7.000,21,170000
"2020-02-07 14:07:23.23",25300,100953,5.621,12.23,87,38.74,93,51.794,1,12,0.7,-3.4,0.40,0.6456667,0.8632334,2,7.000,14,7.000,22,550000
"2020-02-07 14:07:24.68",25301,100954,4.218,12.23,87,38.7397,93,51.7912,1,12,0.7,-3.4,0.31,0.6456616,0.8631866,2,7.000,14,7.000,24,0
"2020-02-07 14:07:26.13",25302,100955,4.162,12.23,87,38.7389,93,51.784,1,12,0.7,-3.6,0.31,0.6456483,0.8630666,2,7.000,14,7.000,25,450000
"2020-02-07 14:07:27.58",25303,100956,4.387,12.23,87,38.7385,93,51.7808,1,12,0.7,-3.7,0.32,0.6456416,0.8630134,2,7.000,14,7.000,26,900000
"2020-02-07 14:07:28.99",25304,100957,4.218,12.23,87,38.7378,93,51.7752,1,12,0.7,-3.8,0.31,0.64563,0.86292,2,7.000,14,7.000,28,310000
"2020-02-07 14:07:30.51",25305,100958,3.826,12.22,87,38.7374,93,51.7738,1,12,0.7,-3.9,0.29,0.6456233,0.8628967,2,7.000,14,7.000,29,830000
"2020-02-07 14:07:31.98",25306,100959,3.265,12.22,87,38.7366,93,51.7679,1,12,0.7,-3.9,0.25,0.64561,0.8627983,2,7.000,14,7.000,31,300000
"2020-02-07 14:07:33.51",25307,100960,4.275,12.22,87,38.7363,93,51.7649,1,12,0.7,-3.9,0.32,0.645605,0.8627483,2,7.000,14,7.000,32,830000
"2020-02-07 14:07:35.12",25308,100961,4.05,12.23,87,38.7356,93,51.7594,1,12,0.7,-4,0.30,0.6455934,0.8626566,2,7.000,14,7.000,34,440000
"2020-02-07 14:07:36.57",25309,100962,3.938,12.22,87,38.7352,93,51.7573,1,12,0.7,-3.9,0.29,0.6455867,0.8626217,2,7.000,14,7.000,35,890000
"2020-02-07 14:07:37.99",25310,100963,4.387,12.23,87,38.7345,93,51.7509,1,12,0.7,-3.9,0.32,0.645575,0.862515,2,7.000,14,7.000,37,310000
"2020-02-07 14:07:39.5",25311,100964,4.275,12.23,87,38.7341,93,51.7471,1,12,0.7,-3.9,0.32,0.6455683,0.8624517,2,7.000,14,7.000,38,820000
"2020-02-07 14:07:40.95",25312,100965,4.555,12.23,87,38.7338,93,51.7488,1,12,0.7,-3.9,0.33,0.6455633,0.86248,2,7.000,14,7.000,40,260000
"2020-02-07 14:07:42.47",25313,100966,5.172,12.23,87,38.733,93,51.7427,1,12,0.7,-3.9,0.37,0.64555,0.8623783,2,7.000,14,7.000,41,790000
"2020-02-07 14:07:43.94",25314,100967,7.641,12.22,87,38.7322,93,51.739,1,12,0.7,-3.8,0.54,0.6455367,0.8623166,2,7.000,14,7.000,43,260000
"2020-02-07 14:07:45.46",25315,100968,11.01,12.23,87,38.7318,93,51.7363,1,12,0.7,-3.8,0.76,0.64553,0.8622717,2,7.000,14,7.000,44,780000
"2020-02-07 14:07:47.11",25316,100969,15.05,12.23,87,38.7312,93,51.7288,1,12,0.7,-3.6,1.02,0.64552,0.8621466,2,7.000,14,7.000,46,430000
"2020-02-07 14:07:48.76",25317,100970,20.38,12.23,87,38.7309,93,51.7271,1,12,0.7,-3.7,1.369,0.645515,0.8621184,2,7.000,14,7.000,48,80000
"2020-02-07 14:07:50.54",25318,100971,22.73,12.23,87,38.7304,93,51.7219,1,12,0.7,-3.5,1.523,0.6455067,0.8620317,2,7.000,14,7.000,49,860000
"2020-02-07 14:07:52.39",25319,100972,25.7,12.22,87,38.7299,93,51.7168,1,12,0.7,-3.4,1.717,0.6454983,0.8619467,2,7.000,14,7.000,51,710000
"2020-02-07 14:07:54.09",25320,100973,30.08,12.23,87,38.7295,93,51.7123,1,12,0.7,-3.4,2.003,0.6454916,0.8618717,2,7.000,14,7.000,53,410000
"2020-02-07 14:07:55.95",25321,100974,32.55,12.22,87,38.729,93,51.7093,1,12,0.7,-3.3,2.165,0.6454833,0.8618217,2,7.000,14,7.000,55,270000
"2020-02-07 14:07:58.24",25322,100975,35.02,12.23,87,38.7286,93,51.7068,1,12,0.7,-3.2,2.326,0.6454766,0.86178,2,7.000,14,7.000,57,560000
"2020-02-07 14:08:04.08",25323,100976,38.16,12.22,87,38.7284,93,51.7053,1,12,0.7,-3.2,2.532,0.6454734,0.861755,2,7.000,14,8,3,400000
"2020-02-07 14:08:06.09",25324,100977,44.67,12.23,87,38.7281,93,51.7033,1,12,0.7,-3,2.957,0.6454684,0.8617217,2,7.000,14,8,5,410000
"2020-02-07 14:08:09.07",25325,100978,36.42,12.22,87,38.7275,93,51.698,1,12,0.7,-2.9,2.418,0.6454584,0.8616334,2,7.000,14,8,8,390000
"2020-02-07 14:08:11.41",25326,100979,33,12.22,87,38.7273,93,51.6982,1,12,0.7,-2.9,2.194,0.645455,0.8616367,2,7.000,14,8,10,730000
"2020-02-07 14:08:13.51",25327,100980,41.19,12.22,87,38.727,93,51.6957,1,12,0.7,-2.8,2.73,0.64545,0.861595,2,7.000,14,8,12,830000
"2020-02-07 14:08:15.62",25328,100981,37.04,12.22,87,38.7266,93,51.6901,1,12,0.7,-2.8,2.458,0.6454433,0.8615017,2,7.000,14,8,14,940000
"2020-02-07 14:08:18.39",25329,100982,23.74,12.23,87,38.7261,93,51.6864,1,12,0.7,-3,1.589,0.645435,0.86144,2,7.000,14,8,17,710000
"2020-02-07 14:08:20.4",25330,100983,15.94,12.22,87,38.7256,93,51.6813,1,12,0.7,-3,1.079,0.6454267,0.861355,2,7.000,14,8,19,720000
"2020-02-07 14:08:22.11",25331,100984,11.68,12.23,87,38.7251,93,51.6768,1,12,0.7,-3,0.8,0.6454184,0.86128,2,7.000,14,8,21,430000
"2020-02-07 14:08:23.77",25332,100985,11.23,12.22,87,38.7248,93,51.6742,1,12,0.7,-3,0.77,0.6454133,0.8612366,2,7.000,14,8,23,90000
"2020-02-07 14:08:25.27",25333,100986,11.46,12.22,87,38.7243,93,51.6702,1,12,0.7,-2.9,0.79,0.645405,0.86117,2,7.000,14,8,24,590000
"2020-02-07 14:08:26.83",25334,100987,15.72,12.22,87,38.724,93,51.669,1,12,0.7,-2.9,1.064,0.6454,0.86115,2,7.000,14,8,26,150000
"2020-02-07 14:08:28.34",25335,100988,16.22,12.22,87,38.7233,93,51.6631,1,12,0.7,-2.8,1.097,0.6453884,0.8610517,2,7.000,14,8,27,660000
"2020-02-07 14:08:29.83",25336,100989,15.66,12.22,87,38.723,93,51.6611,1,12,0.7,-2.8,1.06,0.6453833,0.8610183,2,7.000,14,8,29,150000
"2020-02-07 14:08:31.48",25337,100990,19.31,12.22,87,38.7225,93,51.656,1,12,0.7,-2.6,1.299,0.645375,0.8609333,2,7.000,14,8,30,800000
"2020-02-07 14:08:33.23",25338,100991,17.74,12.22,87,38.7221,93,51.6521,1,12,0.7,-2.6,1.196,0.6453683,0.8608683,2,7.000,14,8,32,550000
"2020-02-07 14:08:34.88",25339,100992,12.18,12.22,87,38.7218,93,51.6481,1,12,0.7,-2.6,0.83,0.6453634,0.8608017,2,7.000,14,8,34,200000
"2020-02-07 14:08:36.55",25340,100993,6.631,12.22,87,38.7212,93,51.6436,1,12,0.7,-2.6,0.47,0.6453533,0.8607266,2,7.000,14,8,35,870000
"2020-02-07 14:08:38.13",25341,100994,9.21,12.22,87,38.7207,93,51.6382,1,12,0.7,-2.6,0.64,0.645345,0.8606366,2,7.000,14,8,37,450000
"2020-02-07 14:08:39.66",25342,100995,9.60,12.22,87,38.7204,93,51.6344,1,12,0.7,-2.6,0.66,0.64534,0.8605734,2,7.000,14,8,38,980000
"2020-02-07 14:08:41.26",25343,100996,13.81,12.22,87,38.7198,93,51.6312,1,12,0.7,-2.5,0.94,0.64533,0.86052,2,7.000,14,8,40,580000
"2020-02-07 14:08:42.85",25344,100997,8.76,12.22,87,38.7194,93,51.6293,1,12,0.7,-2.5,0.61,0.6453233,0.8604883,2,7.000,14,8,42,170000
"2020-02-07 14:08:44.42",25345,100998,9.77,12.22,87,38.7188,93,51.6273,1,12,0.7,-2.5,0.68,0.6453133,0.860455,2,7.000,14,8,43,740000
"2020-02-07 14:08:46.05",25346,100999,9.55,12.22,87,38.7182,93,51.6215,1,12,0.7,-2.6,0.66,0.6453034,0.8603583,2,7.000,14,8,45,370000
"2020-02-07 14:08:47.63",25347,101000,10.22,12.22,87,38.7178,93,51.6175,1,12,0.7,-2.6,0.70,0.6452967,0.8602917,2,7.000,14,8,46,950000
"2020-02-07 14:08:49.24",25348,101001,5.621,12.22,87,38.7172,93,51.6135,1,12,0.7,-2.5,0.40,0.6452867,0.860225,2,7.000,14,8,48,560000
"2020-02-07 14:08:50.8",25349,101002,4.723,12.22,87,38.7169,93,51.6112,1,12,0.7,-2.5,0.35,0.6452817,0.8601866,2,7.000,14,8,50,120000
"2020-02-07 14:08:52.39",25350,101003,4.836,12.22,87,38.7163,93,51.6069,1,12,0.7,-2.6,0.35,0.6452716,0.860115,2,7.000,14,8,51,710000
"2020-02-07 14:08:54",25351,101004,4.892,12.22,87,38.7157,93,51.603,1,12,0.7,-2.6,0.36,0.6452616,0.86005,2,7.000,14,8,53,320000
"2020-02-07 14:08:55.55",25352,101005,5.677,12.22,87,38.7154,93,51.5995,1,12,0.7,-2.6,0.41,0.6452567,0.8599917,2,7.000,14,8,54,870000
"2020-02-07 14:08:57.09",25353,101006,4.387,12.22,87,38.7147,93,51.5945,1,12,0.7,-2.6,0.32,0.645245,0.8599083,2,7.000,14,8,56,410000
"2020-02-07 14:08:58.72",25354,101007,4.723,12.22,87,38.7144,93,51.5929,1,12,0.7,-2.7,0.35,0.64524,0.8598816,2,7.000,14,8,58,40000
"2020-02-07 14:09:00.24",25355,101008,4.555,12.22,87,38.7137,93,51.5914,1,12,0.7,-2.7,0.33,0.6452283,0.8598566,2,7.000,14,8,59,560000
"2020-02-07 14:09:01.9",25356,101009,4.948,12.22,87,38.7134,93,51.5878,1,12,0.7,-2.7,0.36,0.6452234,0.8597966,2,7.000,14,9,1,220000
"2020-02-07 14:09:03.51",25357,101010,4.443,12.22,87,38.7127,93,51.584,1,12,0.7,-2.8,0.33,0.6452116,0.8597334,2,7.000,14,9,2,830000
"2020-02-07 14:09:04.97",25358,101011,4.499,12.22,87,38.712,93,51.5815,1,12,0.7,-2.8,0.33,0.6452,0.8596917,2,7.000,14,9,4,290000
"2020-02-07 14:09:06.51",25359,101012,4.499,12.22,87,38.7117,93,51.579,1,12,0.7,-2.8,0.33,0.645195,0.8596499,2,7.000,14,9,5,830000
"2020-02-07 14:09:08.06",25360,101013,4.836,12.22,87,38.711,93,51.5727,1,12,0.7,-2.9,0.35,0.6451833,0.859545,2,7.000,14,9,7.000,380000
"2020-02-07 14:09:09.66",25361,101014,4.779,12.22,87,38.7107,93,51.5682,1,12,0.7,-2.9,0.35,0.6451784,0.85947,2,7.000,14,9,8,980000
"2020-02-07 14:09:11.3",25362,101015,4.723,12.22,87,38.7101,93,51.5613,1,12,0.7,-2.8,0.35,0.6451683,0.859355,2,7.000,14,9,10,620000
"2020-02-07 14:09:12.82",25363,101016,5.958,12.22,87,38.7098,93,51.5577,1,12,0.7,-2.8,0.43,0.6451634,0.859295,2,7.000,14,9,12,140000
"2020-02-07 14:09:14.45",25364,101017,6.631,12.22,87,38.7091,93,51.5499,1,12,0.7,-2.8,0.47,0.6451517,0.859165,2,7.000,14,9,13,770000
"2020-02-07 14:09:16.04",25365,101018,9.55,12.22,87,38.7084,93,51.5444,1,12,0.7,-2.8,0.66,0.64514,0.8590734,2,7.000,14,9,15,360000
"2020-02-07 14:09:17.64",25366,101019,10.5,12.22,87,38.7081,93,51.541,1,12,0.7,-2.8,0.72,0.645135,0.8590166,2,7.000,14,9,16,960000
"2020-02-07 14:09:19.25",25367,101020,6.519,12.22,87,38.7075,93,51.5338,1,12,0.7,-2.7,0.46,0.645125,0.8588966,2,7.000,14,9,18,570000
"2020-02-07 14:09:24",25368,101021,5.397,12.22,87,38.7068,93,51.5213,1,12,0.7,-2.7,0.39,0.6451133,0.8586883,2,7.000,14,9,23,320000
"2020-02-07 14:09:25.81",25369,101022,6.743,12.22,87,38.7067,93,51.5204,1,12,0.7,-2.6,0.48,0.6451117,0.8586734,2,7.000,14,9,25,130000
"2020-02-07 14:09:27.3",25370,101023,5.397,12.22,87,38.7061,93,51.5136,1,12,0.7,-2.4,0.39,0.6451017,0.85856,2,7.000,14,9,26,620000
"2020-02-07 14:09:28.77",25371,101024,4.892,12.22,87,38.7058,93,51.5105,1,12,0.7,-2.3,0.36,0.6450966,0.8585083,2,7.000,14,9,28,90000
"2020-02-07 14:09:30.31",25372,101025,5.284,12.21,87,38.7052,93,51.505,1,12,0.7,-2.3,0.38,0.6450866,0.8584166,2,7.000,14,9,29,630000
"2020-02-07 14:09:31.79",25373,101026,6.743,12.21,87,38.7049,93,51.5018,1,12,0.7,-2.3,0.48,0.6450816,0.8583634,2,7.000,14,9,31,110000
"2020-02-07 14:09:33.33",25374,101027,12.91,12.22,87,38.7042,93,51.4921,1,12,0.7,-2.4,0.88,0.64507,0.8582017,2,7.000,14,9,32,650000
"2020-02-07 14:09:34.69",25375,101028,11.57,12.22,87,38.7039,93,51.4891,1,12,0.7,-2.4,0.79,0.645065,0.8581517,2,7.000,14,9,34,10000
"2020-02-07 14:09:36.22",25376,101029,19.7,12.22,87,38.7034,93,51.4802,1,12,0.7,-2.4,1.325,0.6450567,0.8580034,2,7.000,14,9,35,540000
"2020-02-07 14:09:37.8",25377,101030,20.82,12.22,87,38.703,93,51.4777,1,12,0.7,-2.4,1.398,0.64505,0.8579617,2,7.000,14,9,37,120000
"2020-02-07 14:09:39.63",25378,101031,32.55,12.22,87,38.7025,93,51.4728,1,12,0.7,-2.3,2.165,0.6450416,0.85788,2,7.000,14,9,38,950000
"2020-02-07 14:09:41.42",25379,101032,33.05,12.22,87,38.7019,93,51.4692,1,12,0.7,-2.3,2.198,0.6450317,0.85782,2,7.000,14,9,40,740000
"2020-02-07 14:09:44.9",25380,101033,32.94,12.21,87,38.7013,93,51.4676,1,12,0.7,-2.4,2.19,0.6450217,0.8577934,2,7.000,14,9,44,220000
"2020-02-07 14:09:48.72",25381,101034,31.6,12.22,87,38.7009,93,51.4643,1,12,0.7,-2.3,2.102,0.645015,0.8577383,2,7.000,14,9,48,40000
"2020-02-07 14:09:50.93",25382,101035,30.59,12.22,87,38.701,93,51.4644,1,12,0.7,-2.4,2.036,0.6450167,0.8577401,2,7.000,14,9,50,250000
"2020-02-07 14:09:52.87",25383,101036,29.74,12.22,87,38.7005,93,51.4599,1,12,0.7,-2.4,1.981,0.6450083,0.857665,2,7.000,14,9,52,190000
"2020-02-07 14:09:54.98",25384,101037,27.16,12.22,87,38.7,93,51.456,1,12,0.7,-2.4,1.813,0.645,0.8576,2,7.000,14,9,54,290000
"2020-02-07 14:09:56.81",25385,101038,19.59,12.22,87,38.6995,93,51.4502,1,12,0.7,-2.4,1.317,0.6449917,0.8575033,2,7.000,14,9,56,130000
"2020-02-07 14:09:58.53",25386,101039,17.18,12.21,87,38.6989,93,51.4438,1,12,0.7,-2.4,1.159,0.6449816,0.8573967,2,7.000,14,9,57,850000
"2020-02-07 14:10:00.18",25387,101040,15.61,12.22,87,38.6984,93,51.4383,1,12,0.7,-2.5,1.057,0.6449733,0.857305,2,7.000,14,9,59,500000
"2020-02-07 14:10:01.91",25388,101041,12.13,12.22,87,38.6981,93,51.4358,1,12,0.7,-2.6,0.83,0.6449683,0.8572634,2,7.000,14,10,1,230000
"2020-02-07 14:10:03.54",25389,101042,7.528,12.22,87,38.6975,93,51.4315,1,12,0.7,-2.6,0.53,0.6449583,0.8571917,2,7.000,14,10,2,860000
"2020-02-07 14:10:05.14",25390,101043,6.519,12.22,87,38.6969,93,51.4235,1,12,0.7,-2.6,0.46,0.6449483,0.8570583,2,7.000,14,10,4,460000
"2020-02-07 14:10:06.67",25391,101044,5.621,12.22,87,38.6965,93,51.4208,1,12,0.7,-2.6,0.40,0.6449416,0.8570134,2,7.000,14,10,5,990000
"2020-02-07 14:10:08.19",25392,101045,7.192,12.21,87,38.696,93,51.4213,1,12,0.7,-2.5,0.51,0.6449334,0.8570216,2,7.000,14,10,7.000,510000
"2020-02-07 14:10:09.76",25393,101046,12.75,12.22,87,38.6957,93,51.4173,1,12,0.7,-2.5,0.87,0.6449283,0.856955,2,7.000,14,10,9,80000
"2020-02-07 14:10:11.3",25394,101047,11.51,12.22,87,38.6951,93,51.4079,1,12,0.7,-2.4,0.79,0.6449183,0.8567983,2,7.000,14,10,10,620000
"2020-02-07 14:10:12.9",25395,101048,11.79,12.21,87,38.6948,93,51.4046,1,12,0.7,-2.4,0.81,0.6449134,0.8567433,2,7.000,14,10,12,220000
"2020-02-07 14:10:14.48",25396,101049,8.99,12.22,87,38.6942,93,51.3977,1,12,0.7,-2.5,0.62,0.6449033,0.8566283,2,7.000,14,10,13,800000
"2020-02-07 14:10:16.1",25397,101050,11.68,12.22,87,38.6938,93,51.3904,1,12,0.7,-2.6,0.8,0.6448967,0.8565066,2,7.000,14,10,15,420000
"2020-02-07 14:10:17.72",25398,101051,15.44,12.21,87,38.6936,93,51.3871,1,12,0.7,-2.6,1.046,0.6448934,0.8564517,2,7.000,14,10,17,40000
"2020-02-07 14:10:19.38",25399,101052,14.93,12.21,87,38.6932,93,51.3772,1,12,0.7,-2.4,1.013,0.6448867,0.8562867,2,7.000,14,10,18,700000
"2020-02-07 14:10:20.9",25400,101053,14.37,12.22,87,38.693,93,51.3755,1,12,0.7,-2.4,0.98,0.6448833,0.8562583,2,7.000,14,10,20,220000
"2020-02-07 14:10:22.51",25401,101054,17.29,12.21,87,38.6924,93,51.3668,1,12,0.7,-2.4,1.167,0.6448734,0.8561133,2,7.000,14,10,21,830000
"2020-02-07 14:10:24.11",25402,101055,17.51,12.22,87,38.6919,93,51.3597,1,12,0.7,-2.4,1.181,0.644865,0.855995,2,7.000,14,10,23,430000
"2020-02-07 14:10:25.79",25403,101056,13.14,12.22,87,38.6917,93,51.3572,1,12,0.7,-2.5,0.90,0.6448616,0.8559534,2,7.000,14,10,25,110000
"2020-02-07 14:10:27.43",25404,101057,12.24,12.22,87,38.6911,93,51.3511,1,12,0.7,-2.5,0.84,0.6448517,0.8558517,2,7.000,14,10,26,750000
"2020-02-07 14:10:29.08",25405,101058,10.45,12.21,87,38.6906,93,51.3456,1,12,0.7,-2.5,0.72,0.6448433,0.85576,2,7.000,14,10,28,400000
"2020-02-07 14:10:30.65",25406,101059,12.02,12.21,87,38.6903,93,51.3449,1,12,0.7,-2.5,0.82,0.6448383,0.8557483,2,7.000,14,10,29,970000
"2020-02-07 14:10:32.2",25407,101060,18.19,12.21,87,38.6897,93,51.3405,1,12,0.7,-2.4,1.225,0.6448284,0.855675,2,7.000,14,10,31,520000
"2020-02-07 14:10:33.81",25408,101061,22,12.21,87,38.6894,93,51.3387,1,12,0.7,-2.3,1.475,0.6448233,0.855645,2,7.000,14,10,33,130000
"2020-02-07 14:10:35.39",25409,101062,19.65,12.21,87,38.6887,93,51.3289,1,12,0.7,-2.3,1.321,0.6448117,0.8554817,2,7.000,14,10,34,710000
"2020-02-07 14:10:37.07",25410,101063,18.75,12.21,87,38.6883,93,51.3293,1,12,0.7,-2.3,1.262,0.644805,0.8554883,2,7.000,14,10,36,390000
"2020-02-07 14:10:38.93",25411,101064,16.73,12.21,87,38.6877,93,51.3237,1,12,0.7,-2.3,1.13,0.644795,0.855395,2,7.000,14,10,38,250000
"2020-02-07 14:10:40.38",25412,101065,19.08,12.21,87,38.6874,93,51.3213,1,12,0.7,-2.3,1.284,0.64479,0.855355,2,7.000,14,10,39,700000
"2020-02-07 14:10:41.92",25413,101066,19.08,12.21,87,38.6869,93,51.3145,1,12,0.7,-2.2,1.284,0.6447817,0.8552417,2,7.000,14,10,41,230000
"2020-02-07 14:10:43.65",25414,101067,25.87,12.21,87,38.6865,93,51.3105,1,12,0.7,-2.2,1.728,0.644775,0.855175,2,7.000,14,10,42,970000
"2020-02-07 14:10:45.3",25415,101068,31.37,12.21,87,38.6857,93,51.3082,1,12,0.7,-2,2.088,0.6447617,0.8551367,2,7.000,14,10,44,620000
"2020-02-07 14:10:47.09",25416,101069,35.52,12.21,87,38.6853,93,51.3027,1,12,0.7,-2,2.359,0.644755,0.855045,2,7.000,14,10,46,410000
"2020-02-07 14:10:49.02",25417,101070,36.7,12.21,87,38.685,93,51.2974,1,12,0.7,-2,2.436,0.64475,0.8549567,2,7.000,14,10,48,340000
"2020-02-07 14:10:51.26",25418,101071,42.2,12.21,87,38.6847,93,51.2914,1,12,0.7,-1.9,2.796,0.644745,0.8548566,2,7.000,14,10,50,580000
"2020-02-07 14:10:53.38",25419,101072,42.87,12.21,87,38.6844,93,51.2859,1,12,0.7,-1.8,2.84,0.64474,0.854765,2,7.000,14,10,52,700000
"2020-02-07 14:10:55.54",25420,101073,44.67,12.21,87,38.684,93,51.2787,1,12,0.7,-1.7,2.957,0.6447333,0.854645,2,7.000,14,10,54,860000
"2020-02-07 14:10:57.69",25421,101074,43.66,12.21,87,38.6838,93,51.2765,1,12,0.7,-1.8,2.891,0.64473,0.8546083,2,7.000,14,10,57,10000
"2020-02-07 14:10:59.85",25422,101075,45,12.21,87,38.6833,93,51.2726,1,12,0.7,-1.9,2.979,0.6447217,0.8545434,2,7.000,14,10,59,170000
"2020-02-07 14:11:02.99",25423,101076,48.31,12.21,87,38.6828,93,51.2692,1,12,0.7,-2,3.196,0.6447134,0.8544866,2,7.000,14,11,2,310000
"2020-02-07 14:11:12.1",25424,101077,46.35,12.21,87,38.6824,93,51.2666,1,12,0.7,-2,3.067,0.6447067,0.8544434,2,7.000,14,11,11,420000
"2020-02-07 14:11:14.99",25425,101078,49.27,12.21,87,38.6823,93,51.2663,1,12,0.7,-2.1,3.258,0.644705,0.8544384,2,7.000,14,11,14,300000
"2020-02-07 14:11:18.26",25426,101079,53.36,12.21,87,38.6818,93,51.2583,1,12,0.7,-2,3.526,0.6446966,0.854305,2,7.000,14,11,17,580000
"2020-02-07 14:11:21.07",25427,101080,49.27,12.21,87,38.6815,93,51.2577,1,12,0.7,-2.1,3.258,0.6446916,0.854295,2,7.000,14,11,20,390000
"2020-02-07 14:11:24.88",25428,101081,59.14,12.21,87,38.6811,93,51.2517,1,12,0.7,-2.1,3.904,0.644685,0.854195,2,7.000,14,11,24,200000
"2020-02-07 14:11:28.62",25429,101082,62.51,12.21,87,38.6811,93,51.2552,1,12,0.7,-2.1,4.124,0.644685,0.8542534,2,7.000,14,11,27,940000
"2020-02-07 14:11:31.55",25430,101083,58.92,12.21,87,38.6808,93,51.246,1,12,0.7,-2.4,3.889,0.64468,0.8541,2,7.000,14,11,30,870000
"2020-02-07 14:11:36.77",25431,101084,58.52,12.21,87,38.68,93,51.2377,1,12,0.7,-2.7,3.864,0.6446667,0.8539617,2,7.000,14,11,36,90000
"2020-02-07 14:11:44.19",25432,101085,53.19,12.21,87,38.6798,93,51.2446,1,12,0.7,-2.7,3.515,0.6446633,0.8540766,2,7.000,14,11,43,510000
"2020-02-07 14:11:47.57",25433,101086,43.77,12.21,87,38.6797,93,51.246,1,12,0.7,-2.8,2.899,0.6446617,0.8541,2,7.000,14,11,46,890000
"2020-02-07 14:11:51.15",25434,101087,17.96,12.21,87,38.6793,93,51.2399,1,12,0.7,-2.7,1.211,0.644655,0.8539983,2,7.000,14,11,50,470000
"2020-02-07 14:11:54.18",25435,101088,16.78,12.21,87,38.6791,93,51.2353,1,12,0.7,-2.7,1.134,0.6446516,0.8539217,2,7.000,14,11,53,500000
"2020-02-07 14:11:57.1",25436,101089,46.24,12.2,87,38.6784,93,51.2342,1,12,0.7,-2.6,3.06,0.64464,0.8539034,2,7.000,14,11,56,420000
"2020-02-07 14:11:59.74",25437,101090,41.08,12.21,87,38.6782,93,51.2323,1,12,0.7,-2.7,2.722,0.6446367,0.8538717,2,7.000,14,11,59,60000
"2020-02-07 14:12:02.14",25438,101091,38.83,12.21,87,38.6778,93,51.2286,1,12,0.7,-2.8,2.576,0.64463,0.85381,2,7.000,14,12,1,460000
"2020-02-07 14:12:04.32",25439,101092,29.8,12.21,87,38.6776,93,51.2259,1,12,0.7,-2.9,1.985,0.6446267,0.853765,2,7.000,14,12,3,640000
"2020-02-07 14:12:06.48",25440,101093,26.6,12.2,87,38.6772,93,51.2218,1,12,0.7,-2.9,1.776,0.64462,0.8536967,2,7.000,14,12,5,800000
"2020-02-07 14:12:08.85",25441,101094,20.32,12.21,87,38.6769,93,51.2221,1,12,0.7,-2.9,1.365,0.644615,0.8537017,2,7.000,14,12,8,170000
"2020-02-07 14:12:10.88",25442,101095,22.11,12.2,87,38.6764,93,51.2208,1,12,0.7,-2.8,1.482,0.6446066,0.8536799,2,7.000,14,12,10,200000
"2020-02-07 14:12:12.87",25443,101096,22.23,12.2,87,38.6761,93,51.2182,1,12,0.7,-2.8,1.49,0.6446017,0.8536367,2,7.000,14,12,12,190000
"2020-02-07 14:12:15.22",25444,101097,28.73,12.2,87,38.6757,93,51.2133,1,12,0.7,-2.5,1.915,0.644595,0.853555,2,7.000,14,12,14,540000
"2020-02-07 14:12:17.26",25445,101098,32.21,12.2,87,38.6754,93,51.2103,1,12,0.7,-2.4,2.143,0.64459,0.853505,2,7.000,14,12,16,580000
"2020-02-07 14:12:19.19",25446,101099,43.77,12.21,87,38.6751,93,51.2025,1,12,0.7,-2.3,2.899,0.644585,0.853375,2,7.000,14,12,18,510000
"2020-02-07 14:12:21.4",25447,101100,49.6,12.2,87,38.6748,93,51.1949,1,12,0.7,-2.3,3.28,0.64458,0.8532483,2,7.000,14,12,20,720000
"2020-02-07 14:12:23.76",25448,101101,54.2,12.21,87,38.6743,93,51.1826,1,12,0.7,-2.1,3.581,0.6445717,0.8530433,2,7.000,14,12,23,80000
"2020-02-07 14:12:26.57",25449,101102,43.54,12.2,87,38.6738,93,51.1776,1,12,0.7,-2,2.884,0.6445634,0.85296,2,7.000,14,12,25,890000
"2020-02-07 14:12:29.98",25450,101103,28.06,12.21,87,38.6732,93,51.175,1,12,0.7,-2,1.871,0.6445533,0.8529166,2,7.000,14,12,29,290000
"2020-02-07 14:12:38.14",25451,101104,25.03,12.21,87,38.6735,93,51.1813,1,12,0.7,-2.1,1.673,0.6445583,0.8530217,2,7.000,14,12,37,460000
"2020-02-07 14:12:41.28",25452,101105,22.45,12.2,87,38.6732,93,51.1815,1,12,0.7,-2.1,1.504,0.6445533,0.853025,2,7.000,14,12,40,600000
"2020-02-07 14:12:42.84",25453,101106,26.71,12.2,87,38.673,93,51.1829,1,12,0.7,-2.1,1.783,0.64455,0.8530483,2,7.000,14,12,42,160000
"2020-02-07 14:12:44.35",25454,101107,19.31,12.2,87,38.6727,93,51.1788,1,12,0.7,-2,1.299,0.644545,0.8529799,2,7.000,14,12,43,670000
"2020-02-07 14:12:46.21",25455,101108,24.25,12.2,87,38.6723,93,51.1827,1,12,0.7,-2,1.622,0.6445383,0.853045,2,7.000,14,12,45,530000
"2020-02-07 14:12:47.88",25456,101109,24.02,12.2,87,38.6722,93,51.1839,1,12,0.7,-2,1.607,0.6445367,0.853065,2,7.000,14,12,47,200000
"2020-02-07 14:12:49.73",25457,101110,14.82,12.2,87,38.6718,93,51.1832,1,12,0.7,-1.9,1.005,0.64453,0.8530534,2,7.000,14,12,49,50000
"2020-02-07 14:12:51.69",25458,101111,10.11,12.2,87,38.6713,93,51.18,1,12,0.7,-2,0.70,0.6445216,0.853,2,7.000,14,12,51,10000
"2020-02-07 14:12:53.18",25459,101112,8.76,12.19,87,38.6706,93,51.1747,1,12,0.7,-2.1,0.61,0.64451,0.8529117,2,7.000,14,12,52,500000
"2020-02-07 14:12:54.61",25460,101113,7.192,12.19,87,38.6702,93,51.1705,1,12,0.7,-2.1,0.51,0.6445034,0.8528417,2,7.000,14,12,53,930000
"2020-02-07 14:12:56.22",25461,101114,6.855,12.2,87,38.6695,93,51.1663,1,12,0.7,-2,0.48,0.6444916,0.8527717,2,7.000,14,12,55,540000
"2020-02-07 14:12:57.71",25462,101115,5.509,12.2,87,38.6691,93,51.1625,1,12,0.7,-2,0.40,0.644485,0.8527083,2,7.000,14,12,57,30000
"2020-02-07 14:12:59.41",25463,101116,6.294,12.2,87,38.6683,93,51.1593,1,12,0.7,-2,0.45,0.6444717,0.852655,2,7.000,14,12,58,730000
"2020-02-07 14:13:00.93",25464,101117,6.911,12.2,87,38.6676,93,51.1549,1,12,0.7,-2.1,0.49,0.64446,0.8525817,2,7.000,14,13,0,250000
"2020-02-07 14:13:02.62",25465,101118,7.416,12.19,87,38.6673,93,51.152,1,12,0.7,-2.1,0.52,0.644455,0.8525334,2,7.000,14,13,1,940000
"2020-02-07 14:13:04.17",25466,101119,6.182,12.2,87,38.6665,93,51.1478,1,12,0.7,-2,0.44,0.6444417,0.8524634,2,7.000,14,13,3,490000
"2020-02-07 14:13:05.73",25467,101120,7.080,12.19,87,38.6662,93,51.144,1,12,0.7,-2.1,0.50,0.6444366,0.8524,2,7.000,14,13,5,50000
"2020-02-07 14:13:07.36",25468,101121,6.406,12.19,87,38.6655,93,51.1429,1,12,0.7,-2.1,0.46,0.644425,0.8523817,2,7.000,14,13,6,680000
"2020-02-07 14:13:08.97",25469,101122,6.406,12.2,87,38.6648,93,51.1385,1,12,0.7,-2.1,0.46,0.6444133,0.8523083,2,7.000,14,13,8,280000
"2020-02-07 14:13:10.6",25470,101123,5.453,12.2,87,38.6644,93,51.1347,1,12,0.7,-2,0.39,0.6444066,0.852245,2,7.000,14,13,9,920000
"2020-02-07 14:13:13.27",25471,101124,5.677,12.2,87,38.6635,93,51.1233,1,12,0.7,-2.2,0.41,0.6443917,0.852055,2,7.000,14,13,12,590000
"2020-02-07 14:13:14.86",25472,101125,9.72,12.19,87,38.6633,93,51.1216,1,12,0.7,-2.2,0.67,0.6443883,0.8520267,2,7.000,14,13,14,180000
"2020-02-07 14:13:16.46",25473,101126,12.69,12.2,87,38.6629,93,51.1185,1,12,0.7,-2.2,0.87,0.6443816,0.851975,2,7.000,14,13,15,780000
"2020-02-07 14:13:17.99",25474,101127,11.12,12.2,87,38.6623,93,51.114,1,12,0.7,-2.1,0.76,0.6443717,0.8519,2,7.000,14,13,17,310000
"2020-02-07 14:13:19.65",25475,101128,11.12,12.19,87,38.662,93,51.111,1,12,0.7,-2.1,0.76,0.6443666,0.85185,2,7.000,14,13,18,970000
"2020-02-07 14:13:21.27",25476,101129,10.28,12.2,87,38.6614,93,51.1073,1,12,0.7,-2,0.71,0.6443567,0.8517883,2,7.000,14,13,20,590000
"2020-02-07 14:13:23.02",25477,101130,5.901,12.19,87,38.6607,93,51.1019,1,12,0.7,-2.1,0.42,0.644345,0.8516982,2,7.000,14,13,22,340000
"2020-02-07 14:13:24.58",25478,101131,6.07,12.2,87,38.6604,93,51.0987,1,12,0.7,-2.1,0.43,0.64434,0.851645,2,7.000,14,13,23,900000
"2020-02-07 14:13:26.19",25479,101132,4.836,12.2,87,38.6597,93,51.0946,1,12,0.7,-2.1,0.35,0.6443283,0.8515767,2,7.000,14,13,25,510000
"2020-02-07 14:13:27.7",25480,101133,4.836,12.2,87,38.6594,93,51.0914,1,12,0.7,-2.2,0.35,0.6443234,0.8515234,2,7.000,14,13,27,20000
"2020-02-07 14:13:29.22",25481,101134,6.014,12.2,87,38.6587,93,51.0878,1,12,0.7,-2.2,0.43,0.6443117,0.8514633,2,7.000,14,13,28,540000
"2020-02-07 14:13:30.84",25482,101135,7.304,12.2,87,38.6583,93,51.0853,1,12,0.7,-2.2,0.51,0.644305,0.8514217,2,7.000,14,13,30,160000
"2020-02-07 14:13:32.45",25483,101136,8.99,12.19,87,38.6574,93,51.0824,1,12,0.7,-2.2,0.62,0.64429,0.8513734,2,7.000,14,13,31,770000
"2020-02-07 14:13:33.92",25484,101137,10.11,12.2,87,38.6571,93,51.079,1,12,0.7,-2.4,0.70,0.644285,0.8513166,2,7.000,14,13,33,230000
"2020-02-07 14:13:35.66",25485,101138,11.23,12.2,87,38.6565,93,51.0748,1,12,0.7,-2.3,0.77,0.644275,0.8512466,2,7.000,14,13,34,980000
"2020-02-07 14:13:37.51",25486,101139,14.93,12.19,87,38.656,93,51.0704,1,12,0.7,-2.3,1.013,0.6442667,0.8511734,2,7.000,14,13,36,830000
"2020-02-07 14:13:39.54",25487,101140,14.93,12.2,87,38.6555,93,51.0676,1,12,0.7,-2.3,1.013,0.6442583,0.8511266,2,7.000,14,13,38,860000
"2020-02-07 14:13:40.98",25488,101141,12.63,12.19,87,38.6548,93,51.0616,1,12,0.7,-2.4,0.86,0.6442467,0.8510266,2,7.000,14,13,40,300000
"2020-02-07 14:13:42.5",25489,101142,12.13,12.19,87,38.6546,93,51.0589,1,12,0.7,-2.4,0.83,0.6442433,0.8509817,2,7.000,14,13,41,820000
"2020-02-07 14:13:44.12",25490,101143,11.57,12.2,87,38.6539,93,51.0553,1,12,0.7,-2.4,0.79,0.6442317,0.8509217,2,7.000,14,13,43,440000
"2020-02-07 14:13:45.71",25491,101144,15.38,12.19,87,38.6536,93,51.0526,1,12,0.7,-2.5,1.042,0.6442267,0.8508767,2,7.000,14,13,45,30000
"2020-02-07 14:13:47.48",25492,101145,17.85,12.2,87,38.6529,93,51.0488,1,12,0.7,-2.4,1.203,0.644215,0.8508134,2,7.000,14,13,46,800000
"2020-02-07 14:13:49.14",25493,101146,19.31,12.19,87,38.6523,93,51.0405,1,12,0.7,-2.3,1.299,0.644205,0.850675,2,7.000,14,13,48,460000
"2020-02-07 14:13:50.95",25494,101147,19.59,12.2,87,38.6517,93,51.0364,1,12,0.7,-2.3,1.317,0.644195,0.8506066,2,7.000,14,13,50,270000
"2020-02-07 14:13:52.72",25495,101148,10.78,12.19,87,38.6515,93,51.0345,1,12,0.7,-2.3,0.74,0.6441917,0.850575,2,7.000,14,13,52,40000
"2020-02-07 14:13:58.2",25496,101149,8.43,12.2,87,38.6507,93,51.0273,1,12,0.7,-2.2,0.59,0.6441783,0.850455,2,7.000,14,13,57,520000
"2020-02-07 14:13:59.82",25497,101150,7.641,12.19,87,38.6506,93,51.0269,1,12,0.7,-2.3,0.54,0.6441767,0.8504484,2,7.000,14,13,59,140000
"2020-02-07 14:14:01.3",25498,101151,7.304,12.19,87,38.6501,93,51.025,1,12,0.7,-2.3,0.51,0.6441683,0.8504167,2,7.000,14,14,0,620000
"2020-02-07 14:14:02.84",25499,101152,6.07,12.19,87,38.6498,93,51.022,1,12,0.7,-2.2,0.43,0.6441633,0.8503666,2,7.000,14,14,2,160000
"2020-02-07 14:14:04.37",25500,101153,5.677,12.2,87,38.649,93,51.0172,1,12,0.7,-2,0.41,0.64415,0.8502866,2,7.000,14,14,3,690000
"2020-02-07 14:14:05.91",25501,101154,7.080,12.19,87,38.6488,93,51.0152,1,12,0.7,-2,0.50,0.6441467,0.8502534,2,7.000,14,14,5,220000
"2020-02-07 14:14:07.39",25502,101155,8.93,12.19,87,38.6481,93,51.0092,1,12,0.7,-1.9,0.62,0.644135,0.8501534,2,7.000,14,14,6,710000
"2020-02-07 14:14:08.96",25503,101156,9.27,12.2,87,38.6474,93,50.9997,1,12,0.7,-1.9,0.64,0.6441233,0.849995,2,7.000,14,14,8,280000
"2020-02-07 14:14:10.48",25504,101157,10.78,12.19,87,38.647,93,50.9975,1,12,0.7,-1.8,0.74,0.6441166,0.8499584,2,7.000,14,14,9,800000
"2020-02-07 14:14:11.98",25505,101158,10.17,12.19,87,38.6463,93,50.9963,1,12,0.7,-1.7,0.70,0.644105,0.8499383,2,7.000,14,14,11,300000
"2020-02-07 14:14:13.49",25506,101159,9.10,12.19,87,38.646,93,50.9942,1,12,0.7,-1.8,0.63,0.6441,0.8499034,2,7.000,14,14,12,810000
"2020-02-07 14:14:15",25507,101160,8.87,12.19,87,38.6453,93,50.988,1,12,0.7,-1.7,0.62,0.6440884,0.8498,2,7.000,14,14,14,320000
"2020-02-07 14:14:16.48",25508,101161,7.248,12.19,87,38.6449,93,50.9868,1,12,0.7,-1.7,0.51,0.6440817,0.84978,2,7.000,14,14,15,800000
"2020-02-07 14:14:18.26",25509,101162,7.192,12.19,87,38.6443,93,50.9827,1,12,0.7,-1.7,0.51,0.6440716,0.8497117,2,7.000,14,14,17,580000
"2020-02-07 14:14:19.71",25510,101163,6.519,12.19,87,38.6439,93,50.9821,1,12,0.7,-1.7,0.46,0.644065,0.8497017,2,7.000,14,14,19,30000
"2020-02-07 14:14:21.09",25511,101164,8.31,12.19,87,38.6432,93,50.9773,1,12,0.7,-1.7,0.58,0.6440533,0.8496217,2,7.000,14,14,20,410000
"2020-02-07 14:14:22.54",25512,101165,6.462,12.19,87,38.6429,93,50.9746,1,12,0.7,-1.6,0.46,0.6440483,0.8495767,2,7.000,14,14,21,860000
"2020-02-07 14:14:23.94",25513,101166,5.172,12.19,87,38.6422,93,50.9697,1,12,0.7,-1.6,0.37,0.6440366,0.849495,2,7.000,14,14,23,260000
"2020-02-07 14:14:25.39",25514,101167,5.509,12.19,87,38.6418,93,50.9679,1,12,0.7,-1.6,0.40,0.64403,0.849465,2,7.000,14,14,24,710000
"2020-02-07 14:14:26.9",25515,101168,5.509,12.19,87,38.6415,93,50.9656,1,12,0.7,-1.6,0.40,0.644025,0.8494266,2,7.000,14,14,26,220000
"2020-02-07 14:14:28.35",25516,101169,5.621,12.19,87,38.6406,93,50.962,1,12,0.7,-1.7,0.40,0.64401,0.8493667,2,7.000,14,14,27,670000
"2020-02-07 14:14:29.89",25517,101170,5.509,12.19,87,38.6403,93,50.9603,1,12,0.7,-1.7,0.40,0.644005,0.8493383,2,7.000,14,14,29,210000
"2020-02-07 14:14:31.31",25518,101171,5.397,12.19,87,38.6395,93,50.9562,1,12,0.7,-1.7,0.39,0.6439916,0.84927,2,7.000,14,14,30,630000
"2020-02-07 14:14:32.73",25519,101172,5.845,12.19,87,38.6391,93,50.9527,1,12,0.7,-1.7,0.42,0.643985,0.8492117,2,7.000,14,14,32,50000
"2020-02-07 14:14:34.17",25520,101173,5.733,12.19,87,38.6383,93,50.9433,1,12,0.7,-1.7,0.41,0.6439717,0.849055,2,7.000,14,14,33,490000
"2020-02-07 14:14:35.51",25521,101174,6.575,12.19,87,38.6379,93,50.9395,1,12,0.7,-1.7,0.47,0.643965,0.8489916,2,7.000,14,14,34,830000
"2020-02-07 14:14:36.91",25522,101175,5.958,12.19,87,38.6376,93,50.936,1,12,0.7,-1.8,0.43,0.64396,0.8489334,2,7.000,14,14,36,220000
"2020-02-07 14:14:38.28",25523,101176,7.528,12.19,87,38.6367,93,50.9304,1,12,0.7,-1.8,0.53,0.643945,0.84884,2,7.000,14,14,37,600000
"2020-02-07 14:14:39.64",25524,101177,11.9,12.19,87,38.6364,93,50.9273,1,12,0.7,-1.8,0.82,0.64394,0.8487883,2,7.000,14,14,38,960000
"2020-02-07 14:14:41.04",25525,101178,12.35,12.19,87,38.6357,93,50.9209,1,12,0.7,-1.8,0.84,0.6439284,0.8486816,2,7.000,14,14,40,360000
"2020-02-07 14:14:43.8",25526,101179,10.45,12.19,87,38.6351,93,50.9159,1,12,0.7,-1.8,0.72,0.6439183,0.8485984,2,7.000,14,14,43,120000
"2020-02-07 14:14:45.53",25527,101180,6.855,12.19,87,38.6347,93,50.914,1,12,0.7,-1.9,0.48,0.6439116,0.8485667,2,7.000,14,14,44,850000
"2020-02-07 14:14:47.08",25528,101181,6.014,12.19,87,38.6342,93,50.9087,1,12,0.7,-2,0.43,0.6439034,0.8484783,2,7.000,14,14,46,400000
"2020-02-07 14:14:48.47",25529,101182,5.172,12.19,87,38.6339,93,50.9065,1,12,0.7,-2,0.37,0.6438983,0.8484418,2,7.000,14,14,47,790000
"2020-02-07 14:14:49.98",25530,101183,5.172,12.19,87,38.6333,93,50.9026,1,12,0.7,-2,0.37,0.6438884,0.8483766,2,7.000,14,14,49,300000
"2020-02-07 14:14:51.35",25531,101184,6.743,12.19,87,38.633,93,50.9001,1,12,0.7,-2.2,0.48,0.6438834,0.848335,2,7.000,14,14,50,670000
"2020-02-07 14:14:52.77",25532,101185,9.83,12.18,87,38.6326,93,50.8982,1,12,0.7,-2.1,0.68,0.6438767,0.8483034,2,7.000,14,14,52,90000
"2020-02-07 14:14:54.29",25533,101186,11.01,12.19,87,38.632,93,50.8934,1,12,0.7,-2.1,0.76,0.6438666,0.8482234,2,7.000,14,14,53,610000
"2020-02-07 14:14:55.72",25534,101187,10.78,12.19,87,38.6317,93,50.8912,1,12,0.7,-2,0.74,0.6438616,0.8481866,2,7.000,14,14,55,40000
"2020-02-07 14:14:57.15",25535,101188,10.61,12.19,87,38.6311,93,50.8859,1,12,0.7,-2.1,0.73,0.6438516,0.8480983,2,7.000,14,14,56,470000
"2020-02-07 14:14:58.55",25536,101189,11.9,12.19,87,38.6308,93,50.8855,1,12,0.7,-2.1,0.82,0.6438466,0.8480918,2,7.000,14,14,57,870000
"2020-02-07 14:15:00.17",25537,101190,12.35,12.18,87,38.6301,93,50.8809,1,12,0.7,-2,0.84,0.643835,0.848015,2,7.000,14,14,59,490000
"2020-02-07 14:15:01.65",25538,101191,12.35,12.18,87,38.6298,93,50.8778,1,12,0.7,-2,0.84,0.64383,0.8479634,2,7.000,14,15,0,970000
"2020-02-07 14:15:03.26",25539,101192,10.5,12.19,87,38.6292,93,50.8731,1,12,0.7,-2,0.72,0.64382,0.847885,2,7.000,14,15,2,580000
"2020-02-07 14:15:04.84",25540,101193,11.23,12.19,87,38.6289,93,50.8706,1,12,0.7,-1.9,0.77,0.643815,0.8478434,2,7.000,14,15,4,160000
"2020-02-07 14:15:06.38",25541,101194,13.14,12.19,87,38.6283,93,50.8662,1,12,0.7,-1.8,0.90,0.643805,0.84777,2,7.000,14,15,5,700000
"2020-02-07 14:15:08.01",25542,101195,13.36,12.19,87,38.6277,93,50.8622,1,12,0.7,-1.8,0.91,0.643795,0.8477034,2,7.000,14,15,7.000,330000
"2020-02-07 14:15:09.53",25543,101196,12.69,12.19,87,38.6274,93,50.8578,1,12,0.7,-1.8,0.87,0.64379,0.84763,2,7.000,14,15,8,850000
"2020-02-07 14:15:11.22",25544,101197,12.97,12.19,87,38.6268,93,50.8519,1,12,0.7,-1.8,0.88,0.64378,0.8475316,2,7.000,14,15,10,540000
"2020-02-07 14:15:12.72",25545,101198,11.46,12.18,87,38.6266,93,50.8486,1,12,0.7,-1.8,0.79,0.6437766,0.8474766,2,7.000,14,15,12,40000
"2020-02-07 14:15:14.26",25546,101199,15.05,12.19,87,38.6261,93,50.8415,1,12,0.7,-1.9,1.02,0.6437683,0.8473583,2,7.000,14,15,13,580000
"2020-02-07 14:15:15.85",25547,101200,12.47,12.19,87,38.6258,93,50.8395,1,12,0.7,-1.8,0.85,0.6437634,0.847325,2,7.000,14,15,15,170000
"2020-02-07 14:15:17.61",25548,101201,10.05,12.18,87,38.6253,93,50.8336,1,12,0.7,-1.9,0.69,0.643755,0.8472266,2,7.000,14,15,16,930000
"2020-02-07 14:15:21.34",25549,101202,8.09,12.18,87,38.6245,93,50.8267,1,12,0.7,-2,0.57,0.6437417,0.8471117,2,7.000,14,15,20,660000
"2020-02-07 14:15:22.89",25550,101203,6.687,12.19,87,38.6244,93,50.8272,1,12,0.7,-2,0.47,0.64374,0.8471201,2,7.000,14,15,22,210000
"2020-02-07 14:15:24.23",25551,101204,5.958,12.19,87,38.6239,93,50.8222,1,12,0.7,-2,0.43,0.6437317,0.8470366,2,7.000,14,15,23,550000
"2020-02-07 14:15:25.75",25552,101205,8.09,12.19,87,38.6236,93,50.8195,1,12,0.7,-2,0.57,0.6437266,0.8469917,2,7.000,14,15,25,70000
"2020-02-07 14:15:27.23",25553,101206,13.14,12.19,87,38.6229,93,50.8164,1,12,0.7,-2,0.90,0.643715,0.84694,2,7.000,14,15,26,550000
"2020-02-07 14:15:28.83",25554,101207,13.92,12.18,87,38.6225,93,50.8128,1,12,0.7,-2.1,0.95,0.6437084,0.84688,2,7.000,14,15,28,150000
"2020-02-07 14:15:30.42",25555,101208,12.75,12.18,87,38.622,93,50.8094,1,12,0.7,-2.1,0.87,0.6437,0.8468234,2,7.000,14,15,29,740000
"2020-02-07 14:15:32.1",25556,101209,13.92,12.18,87,38.6213,93,50.8053,1,12,0.7,-1.9,0.95,0.6436883,0.846755,2,7.000,14,15,31,420000
"2020-02-07 14:15:33.65",25557,101210,9.88,12.19,87,38.6211,93,50.8027,1,12,0.7,-1.9,0.68,0.643685,0.8467117,2,7.000,14,15,32,970000
"2020-02-07 14:15:35.19",25558,101211,10.17,12.18,87,38.6205,93,50.7988,1,12,0.7,-1.9,0.70,0.643675,0.8466466,2,7.000,14,15,34,510000
"2020-02-07 14:15:36.8",25559,101212,7.865,12.18,87,38.6201,93,50.7963,1,12,0.7,-1.9,0.55,0.6436683,0.846605,2,7.000,14,15,36,120000
"2020-02-07 14:15:38.3",25560,101213,5.958,12.19,87,38.6194,93,50.7909,1,12,0.7,-1.8,0.43,0.6436567,0.846515,2,7.000,14,15,37,620000
"2020-02-07 14:15:39.81",25561,101214,5.284,12.18,87,38.6191,93,50.7854,1,12,0.7,-1.8,0.38,0.6436517,0.8464234,2,7.000,14,15,39,130000
"2020-02-07 14:15:41.35",25562,101215,4.948,12.18,87,38.6184,93,50.7789,1,12,0.7,-1.9,0.36,0.64364,0.846315,2,7.000,14,15,40,670000
"2020-02-07 14:15:42.9",25563,101216,6.406,12.18,87,38.6182,93,50.7758,1,12,0.7,-1.8,0.46,0.6436366,0.8462633,2,7.000,14,15,42,210000
"2020-02-07 14:15:44.53",25564,101217,7.641,12.18,87,38.6176,93,50.7684,1,12,0.7,-1.8,0.54,0.6436266,0.84614,2,7.000,14,15,43,850000
"2020-02-07 14:15:46.05",25565,101218,8.31,12.19,87,38.617,93,50.7634,1,12,0.7,-1.7,0.58,0.6436167,0.8460567,2,7.000,14,15,45,370000
"2020-02-07 14:15:47.5",25566,101219,7.865,12.18,87,38.6167,93,50.7616,1,12,0.7,-1.8,0.55,0.6436117,0.8460266,2,7.000,14,15,46,820000
"2020-02-07 14:15:49.05",25567,101220,6.406,12.18,87,38.6162,93,50.758,1,12,0.7,-1.9,0.46,0.6436033,0.8459666,2,7.000,14,15,48,370000
"2020-02-07 14:15:50.59",25568,101221,6.294,12.18,87,38.6159,93,50.754,1,12,0.7,-1.9,0.45,0.6435983,0.8459,2,7.000,14,15,49,910000
"2020-02-07 14:15:52.26",25569,101222,8.37,12.18,87,38.6152,93,50.7498,1,12,0.7,-1.7,0.58,0.6435867,0.84583,2,7.000,14,15,51,580000
"2020-02-07 14:15:53.79",25570,101223,8.37,12.18,87,38.6149,93,50.7466,1,12,0.7,-1.7,0.58,0.6435816,0.8457766,2,7.000,14,15,53,110000
"2020-02-07 14:15:55.25",25571,101224,8.54,12.19,87,38.6143,93,50.7423,1,12,0.7,-1.7,0.59,0.6435717,0.845705,2,7.000,14,15,54,570000
"2020-02-07 14:15:56.74",25572,101225,12.13,12.18,87,38.614,93,50.7406,1,12,0.7,-1.8,0.83,0.6435667,0.8456766,2,7.000,14,15,56,60000
"2020-02-07 14:15:58.23",25573,101226,10.67,12.18,87,38.6133,93,50.7346,1,12,0.7,-1.7,0.73,0.643555,0.8455766,2,7.000,14,15,57,550000
"2020-02-07 14:15:59.77",25574,101227,7.192,12.18,87,38.6129,93,50.7319,1,12,0.7,-1.7,0.51,0.6435483,0.8455317,2,7.000,14,15,59,90000
"2020-02-07 14:16:01.46",25575,101228,5.172,12.19,87,38.612,93,50.7243,1,12,0.7,-1.7,0.37,0.6435334,0.845405,2,7.000,14,16,0,780000
"2020-02-07 14:16:02.87",25576,101229,5.228,12.18,87,38.6117,93,50.7216,1,12,0.7,-1.7,0.38,0.6435283,0.84536,2,7.000,14,16,2,190000
"2020-02-07 14:16:04.27",25577,101230,5.172,12.18,87,38.611,93,50.7145,1,12,0.7,-1.8,0.37,0.6435166,0.8452417,2,7.000,14,16,3,590000
"2020-02-07 14:16:05.73",25578,101231,5.228,12.18,87,38.6106,93,50.7107,1,12,0.7,-1.9,0.38,0.64351,0.8451784,2,7.000,14,16,5,50000
"2020-02-07 14:16:07.38",25579,101232,5.958,12.19,87,38.6098,93,50.7027,1,12,0.7,-1.9,0.43,0.6434966,0.845045,2,7.000,14,16,6,700000
"2020-02-07 14:16:08.83",25580,101233,5.116,12.18,87,38.6094,93,50.7,1,12,0.7,-1.9,0.37,0.64349,0.845,2,7.000,14,16,8,150000
"2020-02-07 14:16:10.4",25581,101234,9.77,12.18,87,38.6087,93,50.6934,1,12,0.7,-1.9,0.68,0.6434783,0.84489,2,7.000,14,16,9,720000
"2020-02-07 14:16:12.33",25582,101235,20.32,12.18,87,38.6082,93,50.6875,1,12,0.7,-1.9,1.365,0.64347,0.8447917,2,7.000,14,16,11,650000
"2020-02-07 14:16:13.97",25583,101236,14.37,12.18,87,38.6078,93,50.6842,1,12,0.7,-1.9,0.98,0.6434633,0.8447367,2,7.000,14,16,13,280000
"2020-02-07 14:16:15.49",25584,101237,15.5,12.18,87,38.6075,93,50.6799,1,12,0.7,-2,1.049,0.6434583,0.844665,2,7.000,14,16,14,810000
"2020-02-07 14:16:17.28",25585,101238,23.74,12.18,87,38.6071,93,50.6758,1,12,0.7,-2,1.589,0.6434517,0.8445967,2,7.000,14,16,16,600000
"2020-02-07 14:16:18.97",25586,101239,20.32,12.18,87,38.6067,93,50.6745,1,12,0.7,-1.9,1.365,0.643445,0.844575,2,7.000,14,16,18,290000
"2020-02-07 14:16:20.7",25587,101240,12.47,12.18,87,38.6064,93,50.671,1,12,0.7,-1.9,0.85,0.64344,0.8445167,2,7.000,14,16,20,20000
"2020-02-07 14:16:22.55",25588,101241,12.24,12.18,87,38.6061,93,50.6644,1,12,0.7,-1.7,0.84,0.643435,0.8444066,2,7.000,14,16,21,870000
"2020-02-07 14:16:24.1",25589,101242,15.16,12.18,87,38.6056,93,50.6592,1,12,0.7,-1.8,1.027,0.6434266,0.84432,2,7.000,14,16,23,420000
"2020-02-07 14:16:25.73",25590,101243,12.24,12.18,87,38.6053,93,50.6566,1,12,0.7,-1.5,0.84,0.6434217,0.8442766,2,7.000,14,16,25,50000
"2020-02-07 14:16:27.18",25591,101244,13.59,12.18,87,38.6047,93,50.6511,1,12,0.7,-1.6,0.93,0.6434116,0.844185,2,7.000,14,16,26,500000
"2020-02-07 14:16:28.7",25592,101245,20.32,12.18,87,38.6044,93,50.6461,1,12,0.7,-1.7,1.365,0.6434067,0.8441017,2,7.000,14,16,28,20000
"2020-02-07 14:16:30.29",25593,101246,20.99,12.18,87,38.6038,93,50.639,1,12,0.7,-1.7,1.409,0.6433967,0.8439834,2,7.000,14,16,29,610000
"2020-02-07 14:16:31.92",25594,101247,12.91,12.18,87,38.6031,93,50.6332,1,12,0.7,-1.7,0.88,0.643385,0.8438866,2,7.000,14,16,31,230000
"2020-02-07 14:16:33.8",25595,101248,21.67,12.18,87,38.6028,93,50.6288,1,12,0.7,-1.7,1.453,0.64338,0.8438133,2,7.000,14,16,33,120000
"2020-02-07 14:16:36.14",25596,101249,28.96,12.18,87,38.6019,93,50.6214,1,12,0.7,-1.3,1.93,0.643365,0.84369,2,7.000,14,16,35,460000
"2020-02-07 14:16:41.2",25597,101250,17.74,12.18,87,38.6018,93,50.6154,1,12,0.7,-1.5,1.196,0.6433633,0.84359,2,7.000,14,16,40,520000
"2020-02-07 14:16:42.72",25598,101251,16.84,12.18,87,38.6015,93,50.612,1,12,0.7,-1.7,1.137,0.6433584,0.8435334,2,7.000,14,16,42,40000
"2020-02-07 14:16:44.21",25599,101252,19.76,12.18,87,38.6016,93,50.6129,1,12,0.7,-1.8,1.328,0.64336,0.8435483,2,7.000,14,16,43,530000
"2020-02-07 14:16:45.92",25600,101253,25.09,12.18,87,38.6016,93,50.6126,1,12,0.7,-1.8,1.677,0.64336,0.8435433,2,7.000,14,16,45,240000
"2020-02-07 14:16:48.71",25601,101254,27.16,12.18,87,38.6009,93,50.6025,1,12,0.7,-1.8,1.813,0.6433483,0.843375,2,7.000,14,16,48,30000
"2020-02-07 14:16:50.3",25602,101255,26.44,12.18,87,38.6006,93,50.6016,1,12,0.7,-1.9,1.765,0.6433433,0.84336,2,7.000,14,16,49,620000
"2020-02-07 14:16:51.84",25603,101256,34.46,12.18,87,38.6002,93,50.5997,1,12,0.7,-1.9,2.29,0.6433366,0.8433283,2,7.000,14,16,51,160000
"2020-02-07 14:16:55.55",25604,101257,40.18,12.18,87,38.5989,93,50.5881,1,12,0.7,-1.7,2.664,0.643315,0.843135,2,7.000,14,16,54,870000
"2020-02-07 14:16:58.94",25605,101258,37.38,12.18,87,38.5985,93,50.5881,1,12,0.7,-1.5,2.48,0.6433084,0.843135,2,7.000,14,16,58,250000
"2020-02-07 14:17:02.28",25606,101259,37.04,12.18,87,38.5978,93,50.584,1,12,0.7,-1.2,2.458,0.6432966,0.8430666,2,7.000,14,17,1,600000
"2020-02-07 14:17:04.48",25607,101260,28.12,12.18,87,38.5973,93,50.5805,1,12,0.7,-1,1.875,0.6432884,0.8430083,2,7.000,14,17,3,800000
"2020-02-07 14:17:06.53",25608,101261,24.7,12.18,87,38.5969,93,50.5778,1,12,0.7,-0.9,1.651,0.6432817,0.8429634,2,7.000,14,17,5,850000
"2020-02-07 14:17:08.33",25609,101262,24.86,12.18,87,38.5964,93,50.5716,1,12,0.7,-0.8,1.662,0.6432734,0.8428601,2,7.000,14,17,7.000,650000
"2020-02-07 14:17:09.96",25610,101263,30.25,12.18,87,38.5958,93,50.5672,1,12,0.7,-0.7,2.014,0.6432633,0.8427866,2,7.000,14,17,9,280000
"2020-02-07 14:17:11.79",25611,101264,17.29,12.18,87,38.5955,93,50.5644,1,12,0.7,-0.7,1.167,0.6432583,0.84274,2,7.000,14,17,11,110000
"2020-02-07 14:17:13.66",25612,101265,17.68,12.18,87,38.5948,93,50.5587,1,12,0.7,-0.5,1.193,0.6432466,0.842645,2,7.000,14,17,12,980000
"2020-02-07 14:17:15.32",25613,101266,28.06,12.18,87,38.5943,93,50.554,1,12,0.7,-0.3,1.871,0.6432383,0.8425666,2,7.000,14,17,14,640000
"2020-02-07 14:17:19.53",25614,101267,35.47,12.18,87,38.5938,93,50.5554,1,12,0.7,0.1,2.356,0.64323,0.84259,2,7.000,14,17,18,850000
"2020-02-07 14:17:22.34",25615,101268,34.74,12.18,87,38.5936,93,50.549,1,12,0.7,0.1,2.308,0.6432267,0.8424834,2,7.000,14,17,21,660000
"2020-02-07 14:19:00.79",25616,101269,7.305,12.17,87,38.6019,93,49.8858,1,12,0.7,3.5,0.51,0.643365,0.83143,2,7.000,14,19,0,110000
