"TOA5","35279","CR800","35279","CR800.Std.27.04","CPU:AWI_V2.1_Anja.CR8","15615","OperatorView"
"TIMESTAMP","RECORD","Counter","DepthCm","BattVolts","latitude_a","latitude_b","Longitude_a","Longitude_b","fix_quality","nmbr_satellites","HDOP","altitudeB","DepthVolts","LatitudeDDDDD","LongitudeDDDDD","month","dayofmonth","hourofday","minutes","seconds","microseconds"
"TS","RN","","","","degrees","minutes","degrees","minutes","unitless","","","","","","","","","","","",""
"","","Smp","Smp","Smp","Smp","Smp","Smp","Smp","Smp","Smp","Smp","Smp","Smp","Smp","Smp","Smp","Smp","Smp","Smp","Smp","Smp"
"2020-01-02 12:32:19.7",9397,100854,35.3,12.29,86,49.9226,116,28.1289,1,9,0.8,4.3,2.345,0.8320434,0.468815,1,2,12,32,19,20000
"2020-01-02 12:32:31.01",9398,100855,30.98,12.27,86,49.9239,116,28.1293,1,9,0.8,4.6,2.062,0.832065,0.4688216,1,2,12,32,30,330000
"2020-01-02 12:33:05.38",9399,100856,31.77,12.28,86,49.9276,116,28.0847,1,9,0.8,7.6,2.114,0.8321266,0.4680783,1,2,12,33,4,700000
"2020-01-02 12:33:12.41",9400,100857,30.42,12.27,86,49.9285,116,28.0776,1,9,0.8,6.8,2.026,0.8321417,0.46796,1,2,12,33,11,730000
"2020-01-02 12:33:20.98",9401,100858,36.26,12.26,86,49.9301,116,28.0918,1,9,0.8,5.7,2.407,0.8321683,0.4681967,1,2,12,33,20,300000
"2020-01-02 12:33:27.12",9402,100859,28.29,12.27,86,49.9309,116,28.0956,1,9,0.8,5.4,1.886,0.8321817,0.46826,1,2,12,33,26,440000
"2020-01-02 12:33:31.87",9403,100860,28.18,12.26,86,49.9311,116,28.0899,1,9,0.8,6.1,1.879,0.832185,0.468165,1,2,12,33,31,190000
"2020-01-02 12:33:36.68",9404,100861,25.54,12.28,86,49.9319,116,28.1073,1,9,0.8,6.9,1.706,0.8321983,0.468455,1,2,12,33,35,990000
"2020-01-02 12:33:40.62",9405,100862,25.54,12.27,86,49.9323,116,28.1104,1,9,0.8,6.8,1.706,0.832205,0.4685067,1,2,12,33,39,940000
"2020-01-02 12:33:46.29",9406,100863,15.67,12.26,86,49.9333,116,28.128,1,9,0.8,7,1.061,0.8322217,0.4688,1,2,12,33,45,610000
"2020-01-02 12:33:50.41",9407,100864,22.23,12.27,86,49.9339,116,28.1389,1,9,0.8,7.5,1.49,0.8322317,0.4689817,1,2,12,33,49,730000
"2020-01-02 12:33:54.4",9408,100865,25.6,12.27,86,49.9347,116,28.1544,1,9,0.8,8.6,1.71,0.832245,0.46924,1,2,12,33,53,720000
"2020-01-02 12:33:58.79",9409,100866,23.35,12.27,86,49.9353,116,28.1753,1,9,0.8,6.1,1.563,0.832255,0.4695883,1,2,12,33,58,110000
"2020-01-02 12:34:03.26",9410,100867,23.63,12.27,86,49.9358,116,28.1866,1,9,0.8,6,1.582,0.8322633,0.4697767,1,2,12,34,2,580000
"2020-01-02 12:34:07.64",9411,100868,24.7,12.26,86,49.9364,116,28.2024,1,9,0.8,5.6,1.651,0.8322734,0.47004,1,2,12,34,6,960000
"2020-01-02 12:34:11.98",9412,100869,27.34,12.27,86,49.9372,116,28.2245,1,9,0.8,5.3,1.824,0.8322866,0.4704084,1,2,12,34,11,300000
"2020-01-02 12:34:16.69",9413,100870,28.63,12.27,86,49.9378,116,28.2379,1,9,0.8,5.7,1.908,0.8322966,0.4706316,1,2,12,34,16,0
"2020-01-02 12:34:22.89",9414,100871,16.73,12.26,86,49.9386,116,28.243,1,9,0.9,6.5,1.13,0.83231,0.4707166,1,2,12,34,22,210000
"2020-01-02 12:34:27.57",9415,100872,21.67,12.27,86,49.9392,116,28.2535,1,9,0.8,6.2,1.453,0.83232,0.4708916,1,2,12,34,26,890000
"2020-01-02 12:34:32.4",9416,100873,27.95,12.27,86,49.9399,116,28.2694,1,9,0.9,6.1,1.864,0.8323317,0.4711566,1,2,12,34,31,720000
"2020-01-02 12:34:37.08",9417,100874,20.21,12.26,86,49.9406,116,28.2847,1,9,0.8,6.1,1.358,0.8323434,0.4714117,1,2,12,34,36,400000
"2020-01-02 12:34:42.63",9418,100875,39.68,12.26,86,49.9411,116,28.2893,1,9,0.8,7,2.631,0.8323517,0.4714884,1,2,12,34,41,950000
"2020-01-02 12:34:48.29",9419,100876,21.44,12.25,86,49.9417,116,28.314,1,9,0.8,6.6,1.439,0.8323616,0.4719,1,2,12,34,47,610000
"2020-01-02 12:35:06.03",9420,100877,27.5,12.25,86,49.9429,116,28.2846,1,9,0.8,6.3,1.835,0.8323817,0.47141,1,2,12,35,5,350000
"2020-01-02 12:35:10.16",9421,100878,32.22,12.25,86,49.9433,116,28.2808,1,9,0.8,6.5,2.143,0.8323883,0.4713467,1,2,12,35,9,480000
"2020-01-02 12:35:13.76",9422,100879,33.56,12.25,86,49.9433,116,28.3117,1,9,0.8,7.3,2.231,0.8323883,0.4718617,1,2,12,35,13,80000
"2020-01-02 12:35:17.21",9423,100880,37.1,12.25,86,49.9437,116,28.3272,1,9,0.8,7.3,2.462,0.832395,0.47212,1,2,12,35,16,530000
"2020-01-02 12:35:22.63",9424,100881,25.15,12.25,86,49.9448,116,28.3482,1,9,0.8,7.5,1.681,0.8324134,0.47247,1,2,12,35,21,950000
"2020-01-02 12:35:27.71",9425,100882,13.81,12.27,86,49.9458,116,28.3589,1,9,0.8,7.3,0.94,0.83243,0.4726483,1,2,12,35,27,30000
"2020-01-02 12:35:31.19",9426,100883,12.58,12.26,86,49.9463,116,28.3638,1,9,0.8,7.1,0.86,0.8324383,0.47273,1,2,12,35,30,510000
"2020-01-02 12:35:34.73",9427,100884,35.58,12.26,86,49.9468,116,28.3778,1,9,0.8,6.3,2.363,0.8324467,0.4729633,1,2,12,35,34,50000
"2020-01-02 12:35:38.51",9428,100885,38.45,12.27,86,49.9468,116,28.3753,1,9,0.8,6.1,2.55,0.8324467,0.4729217,1,2,12,35,37,830000
"2020-01-02 12:35:44.27",9429,100886,17.97,12.25,86,49.9474,116,28.4091,1,9,0.8,6.5,1.211,0.8324566,0.473485,1,2,12,35,43,590000
"2020-01-02 12:35:47.74",9430,100887,19.99,12.26,86,49.9478,116,28.4017,1,9,0.8,6.6,1.343,0.8324634,0.4733616,1,2,12,35,47,60000
"2020-01-02 12:35:51.48",9431,100888,34.97,12.25,86,49.9486,116,28.4141,1,9,0.8,8.3,2.323,0.8324766,0.4735684,1,2,12,35,50,800000
"2020-01-02 12:35:55.04",9432,100889,33.06,12.27,86,49.949,116,28.4305,1,9,0.8,8.3,2.198,0.8324834,0.4738417,1,2,12,35,54,360000
"2020-01-02 12:36:00.74",9433,100890,14.71,12.26,86,49.9494,116,28.431,1,9,0.8,8.4,1.00,0.83249,0.47385,1,2,12,36,0,60000
"2020-01-02 12:36:05.3",9434,100891,32.44,12.25,86,49.9504,116,28.4561,1,9,0.8,8.1,2.158,0.8325067,0.4742684,1,2,12,36,4,620000
"2020-01-02 12:36:09.03",9435,100892,45.12,12.26,86,49.9511,116,28.4733,1,9,0.8,7.7,2.987,0.8325183,0.474555,1,2,12,36,8,350000
"2020-01-02 12:36:12.77",9436,100893,45.12,12.26,86,49.9518,116,28.4761,1,9,0.8,7.5,2.987,0.83253,0.4746017,1,2,12,36,12,90000
"2020-01-02 12:36:16.45",9437,100894,40.58,12.26,86,49.9524,116,28.4898,1,9,0.8,7.8,2.69,0.83254,0.47483,1,2,12,36,15,770000
"2020-01-02 12:36:20.94",9438,100895,25.71,12.25,86,49.9529,116,28.5031,1,9,0.8,7.8,1.717,0.8325483,0.4750517,1,2,12,36,20,260000
"2020-01-02 12:36:25.49",9439,100896,23.69,12.26,86,49.9537,116,28.515,1,9,0.8,7.6,1.585,0.8325617,0.47525,1,2,12,36,24,810000
"2020-01-02 12:36:30.5",9440,100897,19.54,12.26,86,49.9545,116,28.5292,1,9,0.8,7.2,1.314,0.832575,0.4754867,1,2,12,36,29,820000
"2020-01-02 12:38:04.4",9441,100898,16.73,12.25,86,49.963,116,28.4497,1,9,0.8,5.3,1.13,0.8327167,0.4741616,1,2,12,38,3,720000
"2020-01-02 12:38:07.77",9442,100899,16.73,12.24,86,49.9637,116,28.4587,1,9,0.8,4.8,1.13,0.8327283,0.4743117,1,2,12,38,7.000,90000
"2020-01-02 12:38:11.14",9443,100900,17.29,12.23,86,49.9642,116,28.4692,1,9,0.8,4.5,1.167,0.8327366,0.4744867,1,2,12,38,10,460000
"2020-01-02 12:38:14.14",9444,100901,21.84,12.24,86,49.9646,116,28.4757,1,9,0.8,4.2,1.464,0.8327434,0.474595,1,2,12,38,13,460000
"2020-01-02 12:38:17.32",9445,100902,33.23,12.24,86,49.9652,116,28.4834,1,9,0.8,4,2.209,0.8327533,0.4747233,1,2,12,38,16,640000
"2020-01-02 12:38:20.66",9446,100903,52.3,12.25,86,49.9657,116,28.4918,1,9,0.8,3.8,3.457,0.8327617,0.4748634,1,2,12,38,19,980000
"2020-01-02 12:38:24.13",9447,100904,42.54,12.23,86,49.9658,116,28.4933,1,9,0.8,3.9,2.818,0.8327634,0.4748883,1,2,12,38,23,450000
"2020-01-02 12:38:27.45",9448,100905,44,12.22,86,49.9658,116,28.5085,1,9,0.8,4.7,2.914,0.8327634,0.4751416,1,2,12,38,26,770000
"2020-01-02 12:38:30.87",9449,100906,51.18,12.25,86,49.9661,116,28.5363,1,9,0.8,5.2,3.383,0.8327683,0.475605,1,2,12,38,30,190000
"2020-01-02 12:38:34.3",9450,100907,47.93,12.23,86,49.9669,116,28.541,1,9,0.8,5.2,3.171,0.8327817,0.4756833,1,2,12,38,33,620000
"2020-01-02 12:38:37.71",9451,100908,52.98,12.22,86,49.9676,116,28.5558,1,9,0.8,5.8,3.501,0.8327934,0.47593,1,2,12,38,37,30000
"2020-01-02 12:38:41.17",9452,100909,44,12.24,86,49.9683,116,28.5591,1,9,0.8,7,2.914,0.832805,0.475985,1,2,12,38,40,490000
"2020-01-02 12:38:46.64",9453,100910,36.15,12.24,86,49.969,116,28.5708,1,9,0.8,7,2.4,0.8328167,0.47618,1,2,12,38,45,960000
"2020-01-02 12:38:50.04",9454,100911,40.19,12.24,86,49.9698,116,28.5883,1,9,0.8,7.7,2.664,0.83283,0.4764717,1,2,12,38,49,360000
"2020-01-02 12:38:53.48",9455,100912,35.53,12.24,86,49.9704,116,28.5994,1,9,0.8,7.4,2.36,0.83284,0.4766566,1,2,12,38,52,800000
"2020-01-02 12:38:57.32",9456,100913,32.22,12.24,86,49.9708,116,28.6163,1,9,0.8,7,2.143,0.8328466,0.4769383,1,2,12,38,56,640000
"2020-01-02 12:39:01.44",9457,100914,25.32,12.24,86,49.971,116,28.6225,1,9,0.8,6.3,1.692,0.83285,0.4770417,1,2,12,39,0,760000
"2020-01-02 12:39:06.95",9458,100915,49.67,12.24,86,49.9714,116,28.6421,1,9,0.8,6.2,3.284,0.8328567,0.4773683,1,2,12,39,6,270000
"2020-01-02 12:39:11.26",9459,100916,58.93,12.23,86,49.9715,116,28.6538,1,9,0.8,6,3.89,0.8328583,0.4775633,1,2,12,39,10,580000
"2020-01-02 12:39:15.63",9460,100917,47.59,12.24,86,49.9713,116,28.6674,1,9,0.8,5.8,3.149,0.832855,0.47779,1,2,12,39,14,950000
"2020-01-02 12:39:19.47",9461,100918,30.53,12.24,86,49.971,116,28.6794,1,9,0.8,6.3,2.033,0.83285,0.47799,1,2,12,39,18,790000
"2020-01-02 12:39:22.88",9462,100919,36.15,12.24,86,49.9709,116,28.6894,1,9,0.8,6.5,2.4,0.8328484,0.4781566,1,2,12,39,22,200000
"2020-01-02 12:39:26.14",9463,100920,37.16,12.24,86,49.9714,116,28.701,1,9,0.8,6.3,2.466,0.8328567,0.47835,1,2,12,39,25,460000
"2020-01-02 12:39:29.81",9464,100921,34.46,12.24,86,49.9715,116,28.7246,1,9,0.8,6.5,2.29,0.8328583,0.4787434,1,2,12,39,29,130000
"2020-01-02 12:39:32.96",9465,100922,35.02,12.25,86,49.972,116,28.7341,1,9,0.8,6.5,2.327,0.8328666,0.4789017,1,2,12,39,32,280000
"2020-01-02 12:39:36.36",9466,100923,35.7,12.24,86,49.9729,116,28.7415,1,9,0.8,7.4,2.371,0.8328817,0.479025,1,2,12,39,35,680000
"2020-01-02 12:39:40.25",9467,100924,26.49,12.23,86,49.9734,116,28.7511,1,9,0.8,6.5,1.769,0.83289,0.479185,1,2,12,39,39,570000
"2020-01-02 12:39:44.17",9468,100925,17.97,12.24,86,49.9739,116,28.7601,1,9,0.8,6,1.211,0.8328983,0.479335,1,2,12,39,43,490000
"2020-01-02 12:39:47.56",9469,100926,28.8,12.25,86,49.9739,116,28.7852,1,9,0.8,5.7,1.919,0.8328983,0.4797534,1,2,12,39,46,880000
"2020-01-02 12:39:53.71",9470,100927,20.21,12.24,86,49.9747,116,28.7689,1,9,0.8,5.6,1.358,0.8329117,0.4794817,1,2,12,39,53,30000
"2020-01-02 12:39:59.09",9471,100928,19.87,12.24,86,49.9753,116,28.764,1,9,0.8,5.5,1.336,0.8329217,0.4794,1,2,12,39,58,410000
"2020-01-02 12:40:02.19",9472,100929,16.62,12.23,86,49.9765,116,28.779,1,9,0.8,5.1,1.123,0.8329417,0.47965,1,2,12,40,1,510000
"2020-01-02 12:40:05.47",9473,100930,25.71,12.24,86,49.9775,116,28.7904,1,9,0.8,6.2,1.717,0.8329583,0.47984,1,2,12,40,4,790000
"2020-01-02 12:40:08.99",9474,100931,22.9,12.24,86,49.978,116,28.8058,1,9,0.8,5.9,1.534,0.8329667,0.4800967,1,2,12,40,8,310000
"2020-01-02 12:40:12.15",9475,100932,15.16,12.24,86,49.9786,116,28.8184,1,9,0.8,6,1.028,0.8329766,0.4803066,1,2,12,40,11,470000
"2020-01-02 12:40:15.25",9476,100933,16.84,12.22,86,49.9794,116,28.8284,1,9,0.8,5.6,1.138,0.83299,0.4804733,1,2,12,40,14,570000
"2020-01-02 12:40:18.61",9477,100934,21.56,12.24,86,49.9801,116,28.8374,1,9,0.8,5.3,1.446,0.8330017,0.4806233,1,2,12,40,17,930000
"2020-01-02 12:40:21.92",9478,100935,29.64,12.24,86,49.9812,116,28.8479,1,9,0.8,5.4,1.974,0.83302,0.4807983,1,2,12,40,21,240000
"2020-01-02 12:40:25.14",9479,100936,22.9,12.24,86,49.9821,116,28.853,1,9,0.8,5.1,1.534,0.833035,0.4808833,1,2,12,40,24,460000
"2020-01-02 12:40:28.45",9480,100937,22.45,12.24,86,49.9832,116,28.8635,1,9,0.8,5.4,1.505,0.8330534,0.4810583,1,2,12,40,27,770000
"2020-01-02 12:40:31.78",9481,100938,16.28,12.22,86,49.9844,116,28.856,1,9,0.8,5.1,1.101,0.8330734,0.4809333,1,2,12,40,31,100000
"2020-01-02 12:40:35.29",9482,100939,9.33,12.24,86,49.9853,116,28.8577,1,9,0.8,5.7,0.65,0.8330882,0.4809617,1,2,12,40,34,610000
"2020-01-02 12:40:38.28",9483,100940,8.82,12.24,86,49.9862,116,28.8613,1,9,0.8,5.8,0.61,0.8331033,0.4810217,1,2,12,40,37,600000
"2020-01-02 12:40:41.18",9484,100941,7.979,12.22,86,49.9873,116,28.8623,1,9,0.8,6,0.56,0.8331217,0.4810384,1,2,12,40,40,500000
"2020-01-02 12:40:44.11",9485,100942,11.57,12.22,86,49.9882,116,28.8629,1,9,0.8,5.3,0.79,0.8331366,0.4810483,1,2,12,40,43,430000
"2020-01-02 12:40:46.87",9486,100943,9.94,12.22,86,49.9888,116,28.8568,1,9,0.8,5.2,0.69,0.8331467,0.4809467,1,2,12,40,46,190000
"2020-01-02 12:40:49.8",9487,100944,13.53,12.22,86,49.9894,116,28.8679,1,9,0.8,5.4,0.92,0.8331566,0.4811317,1,2,12,40,49,120000
"2020-01-02 12:40:53.22",9488,100945,9.72,12.24,86,49.9901,116,28.8761,1,9,0.8,5.5,0.67,0.8331683,0.4812684,1,2,12,40,52,540000
"2020-01-02 12:40:56.31",9489,100946,11.12,12.24,86,49.9909,116,28.8784,1,9,0.8,5.4,0.76,0.8331816,0.4813067,1,2,12,40,55,630000
"2020-01-02 12:40:59.36",9490,100947,15.27,12.22,86,49.9918,116,28.8895,1,9,0.8,6.5,1.035,0.8331966,0.4814916,1,2,12,40,58,680000
"2020-01-02 12:41:02.5",9491,100948,12.3,12.22,86,49.9929,116,28.8923,1,9,0.8,7,0.84,0.833215,0.4815383,1,2,12,41,1,820000
"2020-01-02 12:41:05.35",9492,100949,11.85,12.22,86,49.9939,116,28.8926,1,9,0.8,6.8,0.81,0.8332317,0.4815433,1,2,12,41,4,670000
"2020-01-02 12:41:08.1",9493,100950,13.31,12.24,86,49.9949,116,28.8954,1,9,0.8,6.5,0.91,0.8332483,0.48159,1,2,12,41,7.000,420000
"2020-01-02 12:41:10.94",9494,100951,15.5,12.23,86,49.9952,116,28.9065,1,9,0.8,6.8,1.05,0.8332534,0.481775,1,2,12,41,10,260000
"2020-01-02 12:41:13.52",9495,100952,19.2,12.24,86,49.9958,116,28.9055,1,9,0.8,6.7,1.292,0.8332634,0.4817583,1,2,12,41,12,840000
"2020-01-02 12:41:16.16",9496,100953,17.85,12.23,86,49.9964,116,28.9148,1,9,0.8,7.2,1.204,0.8332733,0.4819134,1,2,12,41,15,480000
"2020-01-02 12:41:18.97",9497,100954,17.63,12.22,86,49.9976,116,28.9176,1,9,0.8,6.9,1.189,0.8332933,0.48196,1,2,12,41,18,290000
"2020-01-02 12:41:21.74",9498,100955,18.75,12.22,86,49.9985,116,28.9245,1,9,0.8,7,1.262,0.8333083,0.482075,1,2,12,41,21,60000
"2020-01-02 12:41:24.84",9499,100956,17.97,12.24,86,49.9997,116,28.9301,1,9,0.8,6.6,1.211,0.8333283,0.4821683,1,2,12,41,24,160000
"2020-01-02 12:41:27.68",9500,100957,20.88,12.24,86,50.0003,116,28.9294,1,9,0.8,6.6,1.402,0.8333384,0.4821567,1,2,12,41,26,990000
"2020-01-02 12:41:30.54",9501,100958,16.17,12.22,86,50.0013,116,28.9298,1,9,0.8,6.3,1.094,0.833355,0.4821633,1,2,12,41,29,860000
"2020-01-02 12:41:33.39",9502,100959,18.86,12.22,86,50.0023,116,28.9275,1,9,0.8,6.3,1.27,0.8333717,0.482125,1,2,12,41,32,710000
"2020-01-02 12:41:36.32",9503,100960,20.43,12.22,86,50.0033,116,28.9272,1,9,0.8,6.1,1.372,0.8333883,0.48212,1,2,12,41,35,640000
"2020-01-02 12:41:39.27",9504,100961,19.54,12.24,86,50.0045,116,28.9267,1,9,0.8,5.8,1.314,0.8334083,0.4821117,1,2,12,41,38,590000
"2020-01-02 12:41:42.2",9505,100962,19.93,12.24,86,50.0056,116,28.9275,1,9,0.8,5.8,1.339,0.8334266,0.482125,1,2,12,41,41,520000
"2020-01-02 12:41:44.96",9506,100963,19.59,12.24,86,50.0066,116,28.9273,1,9,0.8,5.4,1.317,0.8334434,0.4821216,1,2,12,41,44,280000
"2020-01-02 12:41:48.27",9507,100964,16.4,12.22,86,50.0071,116,28.9325,1,9,0.8,5.6,1.108,0.8334516,0.4822084,1,2,12,41,47,590000
"2020-01-02 12:41:52.21",9508,100965,18.08,12.24,86,50.0074,116,28.9228,1,9,0.8,5.5,1.218,0.8334567,0.4820467,1,2,12,41,51,530000
"2020-01-02 12:41:55.13",9509,100966,20.04,12.24,86,50.0084,116,28.9256,1,9,0.8,5.2,1.347,0.8334734,0.4820933,1,2,12,41,54,450000
"2020-01-02 12:42:00.71",9510,100967,15.72,12.24,86,50.0102,116,28.9283,1,9,0.8,4.9,1.064,0.8335034,0.4821383,1,2,12,42,0,20000
"2020-01-02 12:42:04.04",9511,100968,12.24,12.22,86,50.0107,116,28.9118,1,9,0.8,5,0.84,0.8335117,0.4818634,1,2,12,42,3,360000
"2020-01-02 12:42:06.88",9512,100969,14.88,12.22,86,50.0115,116,28.9223,1,9,0.8,5.2,1.009,0.833525,0.4820384,1,2,12,42,6,200000
"2020-01-02 12:42:09.58",9513,100970,14.88,12.22,86,50.0118,116,28.9291,1,9,0.8,5.4,1.009,0.83353,0.4821516,1,2,12,42,8,900000
"2020-01-02 12:42:12.82",9514,100971,16.51,12.22,86,50.0132,116,28.9427,1,9,0.8,5.9,1.116,0.8335533,0.4823783,1,2,12,42,12,140000
"2020-01-02 12:42:16.06",9515,100972,17.4,12.22,86,50.0142,116,28.9313,1,9,0.8,5.8,1.174,0.8335699,0.4821883,1,2,12,42,15,380000
"2020-01-02 12:42:19.45",9516,100973,17.07,12.23,86,50.0154,116,28.9349,1,9,0.8,5.6,1.152,0.83359,0.4822483,1,2,12,42,18,770000
"2020-01-02 12:42:22.97",9517,100974,10.34,12.22,86,50.0171,116,28.9386,1,9,0.8,5.2,0.71,0.8336183,0.48231,1,2,12,42,22,290000
"2020-01-02 12:42:26.38",9518,100975,12.92,12.24,86,50.018,116,28.9412,1,9,0.8,4.8,0.88,0.8336334,0.4823533,1,2,12,42,25,700000
"2020-01-02 12:42:29.52",9519,100976,11.23,12.24,86,50.0187,116,28.9463,1,9,0.8,4.5,0.77,0.833645,0.4824384,1,2,12,42,28,840000
"2020-01-02 12:42:32.96",9520,100977,13.03,12.24,86,50.0201,116,28.9517,1,9,0.8,3.9,0.89,0.8336683,0.4825283,1,2,12,42,32,280000
"2020-01-02 12:42:36.26",9521,100978,10.45,12.22,86,50.0213,116,28.9496,1,9,0.8,3.9,0.72,0.8336884,0.4824934,1,2,12,42,35,580000
"2020-01-02 12:42:39.53",9522,100979,10.34,12.24,86,50.0222,116,28.9527,1,9,0.8,3.4,0.71,0.8337034,0.482545,1,2,12,42,38,850000
"2020-01-02 12:42:42.7",9523,100980,15.05,12.24,86,50.0231,116,28.9419,1,9,0.8,3.3,1.02,0.8337183,0.482365,1,2,12,42,42,20000
"2020-01-02 12:42:46.14",9524,100981,16.56,12.24,86,50.0236,116,28.9301,1,9,0.8,3.2,1.119,0.8337267,0.4821683,1,2,12,42,45,460000
"2020-01-02 12:42:49.41",9525,100982,17.74,12.22,86,50.0245,116,28.938,1,9,0.8,3.1,1.196,0.8337418,0.4823,1,2,12,42,48,730000
"2020-01-02 12:42:52.68",9526,100983,18.08,12.24,86,50.0258,116,28.939,1,9,0.8,4.1,1.218,0.8337633,0.4823166,1,2,12,42,51,990000
"2020-01-02 12:42:55.95",9527,100984,18.75,12.22,86,50.0273,116,28.9462,1,9,0.8,3.8,1.262,0.8337883,0.4824366,1,2,12,42,55,270000
"2020-01-02 12:42:59.34",9528,100985,18.92,12.23,86,50.0282,116,28.9495,1,9,0.8,3.7,1.273,0.8338033,0.4824916,1,2,12,42,58,660000
"2020-01-02 12:43:02.2",9529,100986,18.02,12.23,86,50.0286,116,28.9406,1,9,0.8,3.4,1.215,0.83381,0.4823433,1,2,12,43,1,520000
"2020-01-02 12:43:05.45",9530,100987,15.61,12.23,86,50.0296,116,28.9463,1,9,0.8,3.4,1.057,0.8338266,0.4824384,1,2,12,43,4,770000
"2020-01-02 12:43:10.15",9531,100988,12.86,12.22,86,50.0312,116,28.9549,1,9,0.8,3.2,0.88,0.8338534,0.4825817,1,2,12,43,9,470000
"2020-01-02 12:43:13.61",9532,100989,12.92,12.22,86,50.0323,116,28.9591,1,9,0.8,3.2,0.88,0.8338717,0.4826517,1,2,12,43,12,930000
"2020-01-02 12:43:17.29",9533,100990,13.37,12.22,86,50.0336,116,28.9629,1,9,0.8,3.5,0.91,0.8338934,0.482715,1,2,12,43,16,610000
"2020-01-02 12:43:21.19",9534,100991,12.69,12.22,86,50.0344,116,28.953,1,9,0.8,3.3,0.87,0.8339067,0.48255,1,2,12,43,20,510000
"2020-01-02 12:43:26.39",9535,100992,11.68,12.23,86,50.036,116,28.9604,1,9,0.8,3,0.8,0.8339333,0.4826733,1,2,12,43,25,710000
"2020-01-02 12:43:29.52",9536,100993,11.35,12.21,86,50.0365,116,28.9613,1,9,0.8,2.9,0.78,0.8339416,0.4826883,1,2,12,43,28,840000
"2020-01-02 12:43:32.84",9537,100994,14.26,12.22,86,50.0378,116,28.9639,1,9,0.8,3,0.97,0.8339634,0.4827317,1,2,12,43,32,160000
"2020-01-02 12:43:36.62",9538,100995,10.22,12.23,86,50.0384,116,28.9708,1,9,0.8,3.6,0.71,0.8339733,0.4828467,1,2,12,43,35,940000
"2020-01-02 12:43:40.63",9539,100996,15.39,12.21,86,50.0396,116,28.9781,1,9,0.8,4.9,1.042,0.8339933,0.4829683,1,2,12,43,39,950000
"2020-01-02 12:43:44.25",9540,100997,16.51,12.22,86,50.0408,116,28.9824,1,9,0.8,5.4,1.116,0.8340133,0.48304,1,2,12,43,43,570000
"2020-01-02 12:43:50.75",9541,100998,14.15,12.22,86,50.0421,116,28.9699,1,9,0.8,4.3,0.96,0.834035,0.4828316,1,2,12,43,50,70000
"2020-01-02 12:43:56.26",9542,100999,15.83,12.21,86,50.0428,116,28.9514,1,9,0.8,4.2,1.072,0.8340466,0.4825234,1,2,12,43,55,580000
"2020-01-02 12:44:00.16",9543,101000,12.97,12.21,86,50.0436,116,28.9426,1,9,0.8,4.3,0.88,0.8340599,0.4823767,1,2,12,43,59,480000
"2020-01-02 12:44:03.68",9544,101001,12.02,12.23,86,50.0447,116,28.9554,1,9,0.8,4.2,0.82,0.8340784,0.48259,1,2,12,44,2,990000
"2020-01-02 12:44:07.48",9545,101002,12.92,12.22,86,50.0466,116,28.9612,1,9,0.8,4.6,0.88,0.83411,0.4826867,1,2,12,44,6,800000
"2020-01-02 12:44:11.73",9546,101003,11.57,12.21,86,50.0484,116,28.9782,1,9,0.8,4.6,0.79,0.83414,0.48297,1,2,12,44,11,50000
"2020-01-02 12:44:15.7",9547,101004,11.68,12.22,86,50.0493,116,28.9816,1,9,0.8,4.6,0.8,0.834155,0.4830266,1,2,12,44,15,10000
"2020-01-02 12:44:20.83",9548,101005,8.2,12.21,86,50.0506,116,28.9785,1,9,0.8,5.4,0.57,0.8341766,0.482975,1,2,12,44,20,150000
"2020-01-02 12:44:24.34",9549,101006,13.03,12.21,86,50.0517,116,28.9813,1,9,0.8,5.4,0.89,0.834195,0.4830217,1,2,12,44,23,660000
"2020-01-02 12:44:27.82",9550,101007,15.39,12.21,86,50.0524,116,28.9754,1,9,0.8,5,1.042,0.8342066,0.4829234,1,2,12,44,27,140000
"2020-01-02 12:46:53.62",9551,101008,9.33,12.2,86,50.0658,116,28.8489,1,9,0.8,4.9,0.65,0.83443,0.480815,1,2,12,46,52,940000
"2020-01-02 12:46:57.69",9552,101009,9.94,12.2,86,50.0665,116,28.8465,1,9,0.8,5.4,0.69,0.8344418,0.480775,1,2,12,46,57,0
"2020-01-02 12:47:01.04",9553,101010,9.10,12.21,86,50.0679,116,28.8583,1,9,0.8,6.4,0.63,0.834465,0.4809717,1,2,12,47,0,360000
"2020-01-02 12:47:04.34",9554,101011,9.66,12.21,86,50.0689,116,28.8678,1,9,0.8,5.5,0.67,0.8344817,0.48113,1,2,12,47,3,660000
"2020-01-02 12:47:07.97",9555,101012,14.15,12.2,86,50.0697,116,28.8706,1,9,0.8,3.5,0.96,0.834495,0.4811767,1,2,12,47,7.000,290000
"2020-01-02 12:47:11.83",9556,101013,14.32,12.21,86,50.0704,116,28.8659,1,9,0.8,3.4,0.97,0.8345067,0.4810983,1,2,12,47,11,150000
"2020-01-02 12:47:15.58",9557,101014,13.93,12.21,86,50.0709,116,28.8532,1,9,0.8,3.3,0.95,0.834515,0.4808867,1,2,12,47,14,900000
"2020-01-02 12:47:19.04",9558,101015,8.2,12.21,86,50.0718,116,28.8531,1,9,0.8,2.8,0.57,0.83453,0.480885,1,2,12,47,18,360000
"2020-01-02 12:47:22.34",9559,101016,12.75,12.21,86,50.0722,116,28.8766,1,9,0.8,3.2,0.87,0.8345366,0.4812767,1,2,12,47,21,660000
"2020-01-02 12:47:26.19",9560,101017,15.16,12.21,86,50.0738,116,28.8841,1,9,0.8,4,1.028,0.8345633,0.4814016,1,2,12,47,25,510000
"2020-01-02 12:47:29.69",9561,101018,18.41,12.19,86,50.0747,116,28.8983,1,9,0.8,3.7,1.24,0.8345783,0.4816384,1,2,12,47,29,10000
"2020-01-02 12:47:33.88",9562,101019,18.64,12.19,86,50.0755,116,28.916,1,9,0.8,4.2,1.255,0.8345917,0.4819333,1,2,12,47,33,200000
"2020-01-02 12:47:37.89",9563,101020,19.09,12.21,86,50.0763,116,28.9315,1,9,0.8,4.9,1.284,0.834605,0.4821916,1,2,12,47,37,210000
"2020-01-02 12:47:42.06",9564,101021,17.52,12.2,86,50.0771,116,28.9429,1,9,0.8,5.5,1.182,0.8346183,0.4823817,1,2,12,47,41,380000
"2020-01-02 12:47:45.7",9565,101022,19.87,12.22,86,50.0787,116,28.9477,1,9,0.8,5.3,1.336,0.834645,0.4824617,1,2,12,47,45,10000
"2020-01-02 12:47:49.51",9566,101023,25.65,12.19,86,50.0797,116,28.9517,1,9,0.8,4.9,1.714,0.8346617,0.4825283,1,2,12,47,48,830000
"2020-01-02 12:47:53.7",9567,101024,23.02,12.2,86,50.0814,116,28.9537,1,9,0.8,4.8,1.541,0.83469,0.4825616,1,2,12,47,53,20000
"2020-01-02 12:47:57.42",9568,101025,23.58,12.21,86,50.0824,116,28.9532,1,9,0.8,5.6,1.578,0.8347066,0.4825533,1,2,12,47,56,740000
"2020-01-02 12:48:01.2",9569,101026,27.95,12.21,86,50.0836,116,28.9466,1,9,0.8,5.5,1.864,0.8347266,0.4824433,1,2,12,48,0,520000
"2020-01-02 12:48:05.78",9570,101027,40.41,12.2,86,50.0848,116,28.9211,1,9,0.8,6.6,2.679,0.8347466,0.4820184,1,2,12,48,5,100000
"2020-01-02 12:48:15.56",9571,101028,12.52,12.2,86,50.086,116,28.9154,1,10,0.8,4.1,0.86,0.8347666,0.4819233,1,2,12,48,14,880000
"2020-01-02 12:48:20",9572,101029,26.89,12.19,86,50.0872,116,28.9144,1,10,0.8,2.9,1.794,0.8347866,0.4819067,1,2,12,48,19,320000
"2020-01-02 12:48:28.14",9573,101030,21.56,12.2,86,50.0882,116,28.9181,1,10,0.8,1.3,1.446,0.8348034,0.4819684,1,2,12,48,27,460000
"2020-01-02 12:48:32.02",9574,101031,24.31,12.18,86,50.0897,116,28.9229,1,10,0.8,1,1.626,0.8348283,0.4820483,1,2,12,48,31,340000
"2020-01-02 12:48:35.6",9575,101032,21,12.2,86,50.0895,116,28.9187,1,10,0.8,1.1,1.409,0.834825,0.4819783,1,2,12,48,34,920000
"2020-01-02 12:48:39.75",9576,101033,19.37,12.19,86,50.0914,116,28.9152,1,10,0.8,2.2,1.303,0.8348567,0.48192,1,2,12,48,39,70000
"2020-01-02 12:48:43.8",9577,101034,27.56,12.19,86,50.0927,116,28.9295,1,11,0.7,2,1.839,0.8348783,0.4821583,1,2,12,48,43,120000
"2020-01-02 12:48:48.27",9578,101035,29.64,12.19,86,50.0942,116,28.9421,1,11,0.7,2.1,1.974,0.8349034,0.4823684,1,2,12,48,47,590000
"2020-01-02 12:48:53.7",9579,101036,21.44,12.18,86,50.0957,116,28.944,1,11,0.7,1.9,1.439,0.8349283,0.4824,1,2,12,48,53,10000
"2020-01-02 12:48:57.06",9580,101037,21.73,12.19,86,50.0968,116,28.9458,1,11,0.7,2.1,1.457,0.8349467,0.48243,1,2,12,48,56,380000
"2020-01-02 12:49:00.63",9581,101038,17.46,12.19,86,50.098,116,28.9557,1,11,0.7,2,1.178,0.8349666,0.482595,1,2,12,48,59,950000
"2020-01-02 12:49:04.31",9582,101039,17.4,12.19,86,50.0996,116,28.9652,1,11,0.7,2.3,1.174,0.8349934,0.4827533,1,2,12,49,3,630000
"2020-01-02 12:49:08.11",9583,101040,15.67,12.2,86,50.1009,116,28.9667,1,11,0.7,2.3,1.061,0.835015,0.4827784,1,2,12,49,7.000,430000
"2020-01-02 12:49:11.91",9584,101041,17.8,12.18,86,50.1024,116,28.9784,1,11,0.7,1.8,1.2,0.83504,0.4829733,1,2,12,49,11,230000
"2020-01-02 12:49:16.29",9585,101042,31.77,12.19,86,50.1039,116,28.979,1,11,0.7,2.4,2.114,0.835065,0.4829833,1,2,12,49,15,610000
"2020-01-02 12:56:16.62",9586,101043,23.69,12.18,86,50.1391,116,28.5294,1,10,0.8,0.3,1.585,0.8356516,0.47549,1,2,12,56,15,940000
"2020-01-02 12:56:21.64",9587,101044,19.26,12.18,86,50.1396,116,28.5204,1,10,0.8,0.4,1.295,0.83566,0.47534,1,2,12,56,20,960000
"2020-01-02 12:56:26.2",9588,101045,22.57,12.16,86,50.1415,116,28.5227,1,10,0.8,0.8,1.512,0.8356916,0.4753783,1,2,12,56,25,520000
"2020-01-02 12:56:30.28",9589,101046,16.96,12.18,86,50.1429,116,28.5312,1,10,0.8,0.9,1.145,0.835715,0.47552,1,2,12,56,29,600000
"2020-01-02 12:56:34.22",9590,101047,16.51,12.16,86,50.1443,116,28.5416,1,10,0.8,0.6,1.116,0.8357383,0.4756933,1,2,12,56,33,540000
"2020-01-02 12:56:38.28",9591,101048,27.5,12.16,86,50.1457,116,28.5549,1,10,0.8,0.2,1.835,0.8357617,0.475915,1,2,12,56,37,600000
"2020-01-02 12:56:44.43",9592,101049,21.5,12.16,86,50.1464,116,28.5533,1,10,0.8,-0.2,1.442,0.8357734,0.4758884,1,2,12,56,43,750000
"2020-01-02 12:56:48.73",9593,101050,21,12.15,86,50.1465,116,28.5458,1,9,0.8,-0.1,1.409,0.835775,0.4757633,1,2,12,56,48,50000
"2020-01-02 12:56:52.71",9594,101051,21.44,12.16,86,50.1471,116,28.547,1,9,0.8,0.3,1.439,0.835785,0.4757834,1,2,12,56,52,30000
"2020-01-02 12:57:01.76",9595,101052,22.68,12.19,86,50.149,116,28.5544,1,9,0.8,0.9,1.519,0.8358166,0.4759067,1,2,12,57,1,80000
"2020-01-02 12:57:06.29",9596,101053,24.14,12.17,86,50.1503,116,28.5662,1,9,0.8,-0.6,1.615,0.8358383,0.4761033,1,2,12,57,5,610000
"2020-01-02 12:57:10.59",9597,101054,54.44,12.16,86,50.1517,116,28.5714,1,9,0.8,-1.8,3.596,0.8358616,0.47619,1,2,12,57,9,910000
"2020-01-02 12:57:14.89",9598,101055,52.42,12.17,86,50.1532,116,28.581,1,9,0.8,-1.4,3.464,0.8358866,0.47635,1,2,12,57,14,210000
"2020-01-02 12:57:18.81",9599,101056,41.98,12.17,86,50.1547,116,28.59,1,9,0.8,-0.6,2.782,0.8359117,0.4765,1,2,12,57,18,130000
"2020-01-02 12:57:24.97",9600,101057,20.43,12.18,86,50.1565,116,28.601,1,9,0.8,0,1.372,0.8359417,0.4766833,1,2,12,57,24,290000
"2020-01-02 12:57:29.25",9601,101058,18.19,12.18,86,50.1575,116,28.6026,1,9,0.8,0.3,1.226,0.8359584,0.47671,1,2,12,57,28,570000
"2020-01-02 12:57:32.98",9602,101059,26.49,12.16,86,50.1587,116,28.6085,1,9,0.8,0.3,1.769,0.8359783,0.4768083,1,2,12,57,32,300000
"2020-01-02 12:57:38.81",9603,101060,14.71,12.17,86,50.1602,116,28.6158,1,9,0.8,1.1,1.00,0.8360033,0.47693,1,2,12,57,38,130000
"2020-01-02 12:57:42.61",9604,101061,18.41,12.16,86,50.1609,116,28.6224,1,9,0.8,1.5,1.24,0.836015,0.47704,1,2,12,57,41,930000
"2020-01-02 12:57:46.25",9605,101062,13.2,12.17,86,50.1619,116,28.6297,1,9,0.8,1.3,0.90,0.8360317,0.4771617,1,2,12,57,45,570000
"2020-01-02 12:57:50.11",9606,101063,18.53,12.16,86,50.1633,116,28.6374,1,9,0.8,1.7,1.248,0.836055,0.47729,1,2,12,57,49,430000
"2020-01-02 12:57:54.21",9607,101064,16.73,12.17,86,50.1643,116,28.6427,1,9,0.8,1.4,1.13,0.8360717,0.4773783,1,2,12,57,53,530000
"2020-01-02 12:57:58.12",9608,101065,26.44,12.17,86,50.1656,116,28.6508,1,9,0.8,2.3,1.765,0.8360933,0.4775134,1,2,12,57,57,440000
"2020-01-02 12:58:04.85",9609,101066,18.3,12.17,86,50.1669,116,28.6572,1,9,0.8,0.2,1.233,0.836115,0.47762,1,2,12,58,4,170000
"2020-01-02 12:58:09.51",9610,101067,17.91,12.17,86,50.1678,116,28.6613,1,9,0.8,1,1.207,0.83613,0.4776884,1,2,12,58,8,830000
"2020-01-02 12:58:13.76",9611,101068,47.65,12.15,86,50.1694,116,28.6745,1,9,0.8,2.8,3.152,0.8361566,0.4779083,1,2,12,58,13,80000
"2020-01-02 12:58:20.04",9612,101069,23.63,12.17,86,50.1696,116,28.6635,1,9,0.8,1.6,1.582,0.83616,0.477725,1,2,12,58,19,360000
"2020-01-02 12:58:24.24",9613,101070,38.17,12.17,86,50.1707,116,28.6691,1,9,0.8,0.3,2.532,0.8361784,0.4778184,1,2,12,58,23,560000
"2020-01-02 12:58:29.3",9614,101071,32.95,12.16,86,50.1724,116,28.675,1,9,0.8,0.2,2.191,0.8362066,0.4779166,1,2,12,58,28,620000
"2020-01-02 12:58:36.85",9615,101072,23.63,12.16,86,50.1745,116,28.6912,1,9,0.8,1.3,1.582,0.8362417,0.4781867,1,2,12,58,36,170000
"2020-01-02 12:58:42.34",9616,101073,16.68,12.17,86,50.176,116,28.6913,1,9,0.8,1.4,1.127,0.8362666,0.4781883,1,2,12,58,41,660000
"2020-01-02 12:58:46.71",9617,101074,26.38,12.17,86,50.1773,116,28.701,1,9,0.8,1,1.761,0.8362883,0.47835,1,2,12,58,46,30000
"2020-01-02 12:58:52.11",9618,101075,13.2,12.16,86,50.1783,116,28.7057,1,9,0.8,1.1,0.90,0.836305,0.4784283,1,2,12,58,51,430000
"2020-01-02 12:58:56.38",9619,101076,18.86,12.16,86,50.1792,116,28.7072,1,9,0.8,1,1.27,0.83632,0.4784533,1,2,12,58,55,700000
"2020-01-02 12:59:00.16",9620,101077,22.45,12.17,86,50.1803,116,28.7128,1,9,0.8,0.8,1.505,0.8363383,0.4785466,1,2,12,58,59,480000
"2020-01-02 12:59:04.04",9621,101078,31.99,12.16,86,50.1816,116,28.7191,1,9,0.8,1.4,2.128,0.83636,0.4786517,1,2,12,59,3,360000
"2020-01-02 12:59:10.29",9622,101079,19.54,12.17,86,50.1832,116,28.7239,1,9,0.8,2.3,1.314,0.8363867,0.4787317,1,2,12,59,9,610000
"2020-01-02 12:59:14.31",9623,101080,29.75,12.15,86,50.1844,116,28.7244,1,9,0.8,2.6,1.982,0.8364066,0.47874,1,2,12,59,13,630000
"2020-01-02 12:59:20.71",9624,101081,22.34,12.16,86,50.1853,116,28.729,1,9,0.8,2.5,1.497,0.8364217,0.4788166,1,2,12,59,20,20000
"2020-01-02 12:59:26.14",9625,101082,15.05,12.17,86,50.1861,116,28.7392,1,9,0.8,2.3,1.02,0.836435,0.4789867,1,2,12,59,25,460000
"2020-01-02 12:59:29.8",9626,101083,16.17,12.15,86,50.1869,116,28.744,1,9,0.8,1.4,1.094,0.8364484,0.4790667,1,2,12,59,29,120000
"2020-01-02 12:59:33.45",9627,101084,16.4,12.17,86,50.1879,116,28.7496,1,9,0.8,1.5,1.108,0.836465,0.47916,1,2,12,59,32,770000
"2020-01-02 12:59:37.63",9628,101085,20.04,12.17,86,50.1891,116,28.765,1,9,0.8,1.5,1.347,0.836485,0.4794167,1,2,12,59,36,950000
"2020-01-02 12:59:41.55",9629,101086,20.21,12.17,86,50.1901,116,28.7712,1,9,0.8,2.1,1.358,0.8365017,0.47952,1,2,12,59,40,870000
"2020-01-02 12:59:45.44",9630,101087,20.77,12.16,86,50.1912,116,28.7817,1,9,0.8,1.8,1.394,0.83652,0.479695,1,2,12,59,44,760000
"2020-01-02 12:59:49.81",9631,101088,18.64,12.19,86,50.1925,116,28.7955,1,9,0.8,1.2,1.255,0.8365417,0.479925,1,2,12,59,49,130000
"2020-01-02 12:59:53.98",9632,101089,17.97,12.17,86,50.1925,116,28.7927,1,9,0.8,1.2,1.211,0.8365417,0.4798783,1,2,12,59,53,300000
"2020-01-02 12:59:57.86",9633,101090,13.37,12.18,86,50.1924,116,28.7949,1,9,0.8,1.3,0.91,0.8365401,0.479915,1,2,12,59,57,180000
"2020-01-02 13:00:01.64",9634,101091,15.39,12.17,86,50.1933,116,28.8,1,9,0.8,1.6,1.042,0.836555,0.48,1,2,13,0,0,960000
"2020-01-02 13:00:05.87",9635,101092,41.59,12.18,86,50.195,116,28.8179,1,9,0.8,1.6,2.756,0.8365833,0.4802984,1,2,13,0,5,190000
"2020-01-02 13:00:11.74",9636,101093,19.09,12.19,86,50.1967,116,28.827,1,9,0.8,1.6,1.284,0.8366117,0.48045,1,2,13,0,11,60000
"2020-01-02 13:00:15.65",9637,101094,25.15,12.18,86,50.1975,116,28.833,1,9,0.8,1.6,1.681,0.836625,0.48055,1,2,13,0,14,970000
"2020-01-02 13:00:23.56",9638,101095,33,12.18,86,50.1997,116,28.8332,1,9,0.8,2,2.194,0.8366616,0.4805533,1,2,13,0,22,880000
"2020-01-02 13:00:28.12",9639,101096,55.62,12.19,86,50.2,116,28.8032,1,9,0.8,2,3.673,0.8366667,0.4800533,1,2,13,0,27,440000
"2020-01-02 13:00:32.43",9640,101097,54.04,12.17,86,50.2012,116,28.7864,1,9,0.8,2,3.571,0.8366866,0.4797734,1,2,13,0,31,750000
"2020-01-02 13:00:36.77",9641,101098,48.04,12.18,86,50.2024,116,28.7626,1,9,0.8,2.2,3.178,0.8367067,0.4793767,1,2,13,0,36,90000
"2020-01-02 13:00:41.38",9642,101099,48.77,12.17,86,50.2033,116,28.7418,1,9,0.8,2.3,3.226,0.8367217,0.47903,1,2,13,0,40,700000
"2020-01-02 13:00:45.57",9643,101100,45.68,12.17,86,50.2042,116,28.7244,1,9,0.8,2.6,3.024,0.8367366,0.47874,1,2,13,0,44,890000
"2020-01-02 13:00:51.17",9644,101101,13.03,12.18,86,50.2054,116,28.6982,1,9,0.8,2.5,0.89,0.8367566,0.4783034,1,2,13,0,50,490000
"2020-01-02 13:00:55.1",9645,101102,26.16,12.18,86,50.2062,116,28.6809,1,9,0.8,2.4,1.747,0.83677,0.478015,1,2,13,0,54,420000
"2020-01-02 13:00:58.63",9646,101103,18.19,12.18,86,50.2067,116,28.6663,1,9,0.8,2.6,1.226,0.8367783,0.4777717,1,2,13,0,57,950000
"2020-01-02 13:01:01.94",9647,101104,19.71,12.18,86,50.2074,116,28.6487,1,9,0.8,2.5,1.325,0.83679,0.4774784,1,2,13,1,1,260000
"2020-01-02 13:01:05.66",9648,101105,19.2,12.17,86,50.2082,116,28.6316,1,9,0.8,2.8,1.292,0.8368033,0.4771933,1,2,13,1,4,980000
"2020-01-02 13:01:09.05",9649,101106,20.04,12.18,86,50.2087,116,28.6164,1,9,0.8,2.8,1.347,0.8368117,0.47694,1,2,13,1,8,370000
"2020-01-02 13:01:12.59",9650,101107,19.99,12.18,86,50.2081,116,28.5954,1,9,0.8,2.6,1.343,0.8368017,0.47659,1,2,13,1,11,910000
"2020-01-02 13:01:16.33",9651,101108,18.53,12.17,86,50.2094,116,28.5775,1,9,0.8,2.7,1.248,0.8368234,0.4762916,1,2,13,1,15,650000
"2020-01-02 13:01:20.15",9652,101109,46.13,12.16,86,50.2105,116,28.5615,1,9,0.8,2.6,3.053,0.8368417,0.476025,1,2,13,1,19,470000
"2020-01-02 13:01:23.6",9653,101110,43.22,12.16,86,50.2098,116,28.5422,1,9,0.8,2.4,2.862,0.83683,0.4757033,1,2,13,1,22,920000
"2020-01-02 13:01:27.7",9654,101111,43.1,12.17,86,50.2112,116,28.5274,1,9,0.8,2.6,2.855,0.8368534,0.4754566,1,2,13,1,27,10000
"2020-01-02 13:01:31.33",9655,101112,41.25,12.16,86,50.211,116,28.5067,1,9,0.8,2.7,2.734,0.83685,0.4751117,1,2,13,1,30,650000
"2020-01-02 13:01:34.72",9656,101113,39.51,12.16,86,50.2125,116,28.4909,1,9,0.8,3,2.62,0.836875,0.4748483,1,2,13,1,34,40000
"2020-01-02 13:01:38.08",9657,101114,36.09,12.16,86,50.2135,116,28.4777,1,9,0.8,3.4,2.396,0.8368917,0.4746283,1,2,13,1,37,400000
"2020-01-02 13:01:41.28",9658,101115,38.39,12.17,86,50.2138,116,28.4629,1,9,0.8,3.4,2.547,0.8368966,0.4743816,1,2,13,1,40,600000
"2020-01-02 13:01:45.68",9659,101116,21.33,12.16,86,50.2145,116,28.4388,1,9,0.8,4.3,1.431,0.8369083,0.47398,1,2,13,1,45,0
"2020-01-02 13:01:49.47",9660,101117,18.36,12.17,86,50.2155,116,28.4267,1,9,0.8,3.5,1.237,0.836925,0.4737783,1,2,13,1,48,790000
"2020-01-02 13:01:54.69",9661,101118,15.16,12.17,86,50.2173,116,28.4049,1,9,0.8,4.1,1.028,0.836955,0.473415,1,2,13,1,54,0
"2020-01-02 13:01:58.23",9662,101119,19.87,12.15,86,50.2168,116,28.3845,1,9,0.8,3.6,1.336,0.8369466,0.473075,1,2,13,1,57,550000
"2020-01-02 13:02:01.37",9663,101120,22.45,12.16,86,50.2171,116,28.367,1,9,0.8,3.5,1.505,0.8369516,0.4727834,1,2,13,2,0,690000
"2020-01-02 13:02:04.73",9664,101121,17.57,12.17,86,50.2174,116,28.3395,1,9,0.8,3.6,1.185,0.8369566,0.472325,1,2,13,2,4,50000
"2020-01-02 13:02:08.42",9665,101122,19.76,12.17,86,50.218,116,28.3251,1,9,0.8,3.7,1.328,0.8369666,0.472085,1,2,13,2,7.000,740000
"2020-01-02 13:02:11.95",9666,101123,20.32,12.17,86,50.2184,116,28.3052,1,9,0.8,3.6,1.365,0.8369733,0.4717533,1,2,13,2,11,270000
"2020-01-02 13:02:15.49",9667,101124,26.78,12.16,86,50.2196,116,28.296,1,9,0.8,3.7,1.787,0.8369934,0.4716,1,2,13,2,14,810000
"2020-01-02 13:02:19.66",9668,101125,20.55,12.16,86,50.2214,116,28.2808,1,9,0.8,4.9,1.38,0.8370234,0.4713467,1,2,13,2,18,980000
"2020-01-02 13:02:23.47",9669,101126,16.62,12.16,86,50.2229,116,28.2681,1,9,0.8,4,1.123,0.8370483,0.471135,1,2,13,2,22,790000
"2020-01-02 13:02:27.58",9670,101127,18.3,12.15,86,50.2239,116,28.2512,1,9,0.8,4,1.233,0.837065,0.4708533,1,2,13,2,26,900000
"2020-01-02 13:02:31.43",9671,101128,18.08,12.13,86,50.2237,116,28.2154,1,9,0.8,3.8,1.218,0.8370617,0.4702567,1,2,13,2,30,750000
"2020-01-02 13:02:35.29",9672,101129,20.32,12.16,86,50.2247,116,28.1973,1,9,0.8,4,1.365,0.8370783,0.469955,1,2,13,2,34,610000
"2020-01-02 13:02:39.49",9673,101130,15.05,12.15,86,50.2253,116,28.1771,1,9,0.8,4.8,1.02,0.8370883,0.4696183,1,2,13,2,38,810000
"2020-01-02 13:02:43.34",9674,101131,16.51,12.16,86,50.226,116,28.1632,1,9,0.8,3.6,1.116,0.8371,0.4693867,1,2,13,2,42,660000
"2020-01-02 13:02:47.53",9675,101132,21,12.16,86,50.2265,116,28.1435,1,9,0.8,3.7,1.409,0.8371084,0.4690583,1,2,13,2,46,850000
"2020-01-02 13:02:51.12",9676,101133,18.98,12.15,86,50.2271,116,28.1217,1,9,0.8,3.7,1.277,0.8371183,0.468695,1,2,13,2,50,440000
"2020-01-02 13:02:55.06",9677,101134,19.31,12.16,86,50.227,116,28.093,1,9,0.8,3.6,1.299,0.8371166,0.4682167,1,2,13,2,54,380000
"2020-01-02 13:02:58.53",9678,101135,18.98,12.16,86,50.2268,116,28.0751,1,9,0.8,3.4,1.277,0.8371134,0.4679183,1,2,13,2,57,850000
"2020-01-02 13:03:02.18",9679,101136,26.16,12.16,86,50.2276,116,28.0521,1,9,0.8,3.9,1.747,0.8371266,0.467535,1,2,13,3,1,500000
"2020-01-02 13:03:05.9",9680,101137,27.73,12.14,86,50.2283,116,28.0298,1,9,0.8,4.2,1.85,0.8371383,0.4671634,1,2,13,3,5,220000
"2020-01-02 13:03:09.61",9681,101138,31.43,12.15,86,50.2286,116,28.0205,1,9,0.8,3.9,2.092,0.8371433,0.4670083,1,2,13,3,8,930000
"2020-01-02 13:03:15.41",9682,101139,19.99,12.16,86,50.2289,116,27.9893,1,9,0.8,4.1,1.343,0.8371484,0.4664883,1,2,13,3,14,730000
"2020-01-02 13:03:19.17",9683,101140,23.13,12.16,86,50.2295,116,27.9731,1,9,0.8,4.1,1.549,0.8371583,0.4662184,1,2,13,3,18,490000
"2020-01-02 13:03:23.07",9684,101141,26.1,12.16,86,50.2295,116,27.9533,1,9,0.8,3.7,1.743,0.8371583,0.4658884,1,2,13,3,22,390000
"2020-01-02 13:03:27.06",9685,101142,20.49,12.17,86,50.2295,116,27.9337,1,9,0.8,4.1,1.376,0.8371583,0.4655617,1,2,13,3,26,380000
"2020-01-02 13:03:30.84",9686,101143,22.23,12.16,86,50.2296,116,27.9111,1,9,0.8,2.6,1.49,0.83716,0.465185,1,2,13,3,30,160000
"2020-01-02 13:03:34.63",9687,101144,36.26,12.17,86,50.2297,116,27.894,1,9,0.8,2.5,2.407,0.8371617,0.4649,1,2,13,3,33,950000
"2020-01-02 13:03:38.37",9688,101145,32.33,12.16,86,50.2299,116,27.8734,1,9,0.8,2.9,2.15,0.837165,0.4645567,1,2,13,3,37,690000
"2020-01-02 13:03:42.15",9689,101146,35.08,12.17,86,50.23,116,27.8537,1,9,0.8,3.1,2.33,0.8371666,0.4642283,1,2,13,3,41,470000
"2020-01-02 13:03:46.37",9690,101147,35.92,12.17,86,50.2301,116,27.8331,1,9,0.8,3,2.385,0.8371683,0.463885,1,2,13,3,45,690000
"2020-01-02 13:03:49.97",9691,101148,29.86,12.18,86,50.2301,116,27.8124,1,9,0.8,2.9,1.989,0.8371683,0.46354,1,2,13,3,49,290000
"2020-01-02 13:03:57.45",9692,101149,14.77,12.16,86,50.2303,116,27.782,1,9,0.8,2.3,1.002,0.8371717,0.4630333,1,2,13,3,56,770000
"2020-01-02 13:04:01.05",9693,101150,26.27,12.16,86,50.2305,116,27.764,1,9,0.8,2.2,1.754,0.837175,0.4627333,1,2,13,4,0,370000
"2020-01-02 13:04:04.92",9694,101151,28.74,12.16,86,50.2304,116,27.7408,1,9,0.8,2.1,1.916,0.8371734,0.4623467,1,2,13,4,4,240000
"2020-01-02 13:04:10.83",9695,101152,18.3,12.15,86,50.2305,116,27.7218,1,9,0.8,1.9,1.233,0.837175,0.46203,1,2,13,4,10,150000
"2020-01-02 13:04:14.74",9696,101153,20.32,12.17,86,50.2306,116,27.7037,1,9,0.8,1.7,1.365,0.8371766,0.4617283,1,2,13,4,14,60000
"2020-01-02 13:04:18.48",9697,101154,42.09,12.16,86,50.2305,116,27.6891,1,9,0.8,1.4,2.789,0.837175,0.461485,1,2,13,4,17,800000
"2020-01-02 13:04:22.17",9698,101155,38.84,12.16,86,50.2305,116,27.6677,1,9,0.8,1.8,2.576,0.837175,0.4611283,1,2,13,4,21,490000
"2020-01-02 13:04:26.23",9699,101156,39.96,12.16,86,50.23,116,27.6411,1,9,0.8,1.3,2.65,0.8371666,0.460685,1,2,13,4,25,550000
"2020-01-02 13:04:31.96",9700,101157,10.84,12.16,86,50.2298,116,27.6112,1,9,0.8,1.3,0.75,0.8371634,0.4601867,1,2,13,4,31,280000
"2020-01-02 13:04:35.63",9701,101158,28.4,12.17,86,50.2296,116,27.5935,1,9,0.8,0.5,1.894,0.83716,0.4598917,1,2,13,4,34,950000
"2020-01-02 13:04:42.69",9702,101159,17.97,12.16,86,50.231,116,27.5698,1,9,0.8,0,1.211,0.8371833,0.4594966,1,2,13,4,42,10000
"2020-01-02 13:04:46.63",9703,101160,10.17,12.16,86,50.2308,116,27.5458,1,9,0.8,-0.8,0.70,0.83718,0.4590966,1,2,13,4,45,950000
"2020-01-02 13:04:51.01",9704,101161,48.04,12.15,86,50.2314,116,27.5275,1,9,0.8,-0.5,3.178,0.83719,0.4587917,1,2,13,4,50,330000
"2020-01-02 13:04:55.08",9705,101162,33.79,12.16,86,50.2319,116,27.5082,1,9,0.8,-0.1,2.246,0.8371983,0.45847,1,2,13,4,54,400000
"2020-01-02 13:05:01.16",9706,101163,59.49,12.15,86,50.2311,116,27.4673,1,9,0.8,-0.3,3.927,0.837185,0.4577884,1,2,13,5,0,480000
"2020-01-02 13:05:05.33",9707,101164,45.8,12.16,86,50.2303,116,27.4499,1,9,0.8,-0.2,3.031,0.8371717,0.4574984,1,2,13,5,4,650000
"2020-01-02 13:05:09.17",9708,101165,53.99,12.16,86,50.2308,116,27.4365,1,9,0.8,0,3.567,0.83718,0.457275,1,2,13,5,8,490000
"2020-01-02 13:05:15.45",9709,101166,10.22,12.17,86,50.2307,116,27.4175,1,9,0.8,0.1,0.71,0.8371783,0.4569583,1,2,13,5,14,770000
"2020-01-02 13:05:19.24",9710,101167,53.54,12.15,86,50.2317,116,27.395,1,9,0.8,0.2,3.538,0.837195,0.4565834,1,2,13,5,18,550000
"2020-01-02 13:05:22.98",9711,101168,52.87,12.15,86,50.2322,116,27.3768,1,9,0.8,0.3,3.494,0.8372034,0.45628,1,2,13,5,22,300000
"2020-01-02 13:05:26.45",9712,101169,46.3,12.16,86,50.2323,116,27.3708,1,9,0.8,0.5,3.064,0.837205,0.45618,1,2,13,5,25,770000
"2020-01-02 13:05:29.84",9713,101170,47.2,12.16,86,50.232,116,27.3523,1,9,0.8,0.5,3.123,0.8372,0.4558717,1,2,13,5,29,160000
"2020-01-02 13:05:33.63",9714,101171,48.71,12.17,86,50.2319,116,27.3448,1,9,0.8,0.6,3.222,0.8371983,0.4557467,1,2,13,5,32,950000
"2020-01-02 13:05:37.35",9715,101172,61.73,12.16,86,50.2307,116,27.3254,1,9,0.8,0.4,4.073,0.8371783,0.4554233,1,2,13,5,36,670000
"2020-01-02 13:05:41.22",9716,101173,53.93,12.17,86,50.2299,116,27.3095,1,9,0.8,0.2,3.563,0.837165,0.4551583,1,2,13,5,40,540000
"2020-01-02 13:05:44.94",9717,101174,42.09,12.16,86,50.2294,116,27.2984,1,9,0.8,0.6,2.789,0.8371566,0.4549734,1,2,13,5,44,260000
"2020-01-02 13:05:49.12",9718,101175,32.89,12.17,86,50.229,116,27.2948,1,9,0.8,0.9,2.187,0.83715,0.4549133,1,2,13,5,48,440000
"2020-01-02 13:05:56.89",9719,101176,58.81,12.16,86,50.2288,116,27.283,1,9,0.8,1.2,3.883,0.8371467,0.4547167,1,2,13,5,56,210000
"2020-01-02 13:06:01.87",9720,101177,24.76,12.15,86,50.2288,116,27.2764,1,9,0.8,1.3,1.655,0.8371467,0.4546066,1,2,13,6,1,190000
"2020-01-02 13:06:05.86",9721,101178,32.61,12.17,86,50.2281,116,27.2685,1,9,0.8,0.8,2.169,0.837135,0.454475,1,2,13,6,5,180000
"2020-01-02 13:06:11.3",9722,101179,64.87,12.16,86,50.2274,116,27.26,1,9,0.8,0.8,4.279,0.8371234,0.4543333,1,2,13,6,10,620000
"2020-01-02 13:06:16.39",9723,101180,87.2,12.17,86,50.2269,116,27.2511,1,9,0.8,-1.6,5.739,0.837115,0.454185,1,2,13,6,15,710000
"2020-01-02 13:06:21.5",9724,101181,50.29,12.17,86,50.2272,116,27.2449,1,9,0.8,-1.8,3.325,0.83712,0.4540816,1,2,13,6,20,820000
"2020-01-02 13:06:25.91",9725,101182,22.51,12.17,86,50.2265,116,27.2352,1,9,0.8,-2.1,1.508,0.8371084,0.45392,1,2,13,6,25,230000
"2020-01-02 13:06:30.75",9726,101183,18.81,12.16,86,50.2252,116,27.219,1,9,0.8,-2.3,1.266,0.8370866,0.45365,1,2,13,6,30,70000
"2020-01-02 13:06:34.25",9727,101184,17.8,12.17,86,50.2244,116,27.2097,1,9,0.8,-2.3,1.2,0.8370734,0.453495,1,2,13,6,33,570000
"2020-01-02 13:06:37.36",9728,101185,26.55,12.15,86,50.2229,116,27.1922,1,9,0.8,-2.5,1.772,0.8370483,0.4532033,1,2,13,6,36,680000
"2020-01-02 13:06:40.71",9729,101186,22.79,12.16,86,50.2229,116,27.1809,1,9,0.8,-2.4,1.527,0.8370483,0.453015,1,2,13,6,40,30000
"2020-01-02 13:06:44.17",9730,101187,22.45,12.16,86,50.2227,116,27.1694,1,9,0.8,-1.9,1.505,0.837045,0.4528233,1,2,13,6,43,490000
"2020-01-02 13:06:47.52",9731,101188,16.73,12.15,86,50.2226,116,27.1645,1,9,0.8,-2,1.13,0.8370434,0.4527416,1,2,13,6,46,840000
"2020-01-02 13:06:50.86",9732,101189,24.59,12.15,86,50.2222,116,27.1512,1,9,0.8,-2,1.644,0.8370366,0.45252,1,2,13,6,50,180000
"2020-01-02 13:06:54.43",9733,101190,15.33,12.17,86,50.222,116,27.1416,1,9,0.8,-1.9,1.039,0.8370334,0.45236,1,2,13,6,53,750000
"2020-01-02 13:06:57.64",9734,101191,23.58,12.16,86,50.2219,116,27.1385,1,9,0.8,-2.2,1.578,0.8370317,0.4523083,1,2,13,6,56,960000
"2020-01-02 13:07:01.34",9735,101192,23.24,12.15,86,50.2217,116,27.1214,1,9,0.8,-3.3,1.556,0.8370283,0.4520234,1,2,13,7.000,0,660000
"2020-01-02 13:07:04.48",9736,101193,19.87,12.16,86,50.2216,116,27.1118,1,9,0.8,-3.1,1.336,0.8370266,0.4518633,1,2,13,7.000,3,800000
"2020-01-02 13:07:07.7",9737,101194,19.82,12.15,86,50.2218,116,27.0894,1,9,0.8,-3.1,1.332,0.8370301,0.45149,1,2,13,7.000,7.000,10000
"2020-01-02 13:07:10.92",9738,101195,18.08,12.15,86,50.2218,116,27.0722,1,9,0.8,-2.3,1.218,0.8370301,0.4512034,1,2,13,7.000,10,240000
"2020-01-02 13:07:14.17",9739,101196,17.74,12.14,86,50.2222,116,27.057,1,9,0.8,-2.5,1.196,0.8370366,0.45095,1,2,13,7.000,13,490000
"2020-01-02 13:07:18.64",9740,101197,17.07,12.16,86,50.2217,116,27.034,1,9,0.8,-3.5,1.152,0.8370283,0.4505667,1,2,13,7.000,17,960000
"2020-01-02 13:07:22.09",9741,101198,16.4,12.16,86,50.221,116,27.0041,1,9,0.8,-3.7,1.108,0.8370167,0.4500684,1,2,13,7.000,21,410000
"2020-01-02 13:07:25.37",9742,101199,19.31,12.14,86,50.2212,116,26.9886,1,9,0.8,-3.7,1.299,0.83702,0.44981,1,2,13,7.000,24,690000
"2020-01-02 13:07:28.71",9743,101200,22.9,12.15,86,50.2224,116,26.9752,1,9,0.8,-3.8,1.534,0.83704,0.4495867,1,2,13,7.000,28,30000
"2020-01-02 13:07:32.2",9744,101201,15.95,12.13,86,50.223,116,26.9644,1,9,0.8,-3.8,1.079,0.83705,0.4494066,1,2,13,7.000,31,520000
"2020-01-02 13:07:36.21",9745,101202,17.07,12.15,86,50.2237,116,26.9497,1,9,0.8,-1.7,1.152,0.8370617,0.4491616,1,2,13,7.000,35,520000
"2020-01-02 13:07:39.97",9746,101203,14.6,12.15,86,50.2243,116,26.9368,1,9,0.8,-1.6,0.99,0.8370717,0.4489466,1,2,13,7.000,39,290000
"2020-01-02 13:07:44.98",9747,101204,17.46,12.14,86,50.2252,116,26.914,1,9,0.8,-1.3,1.178,0.8370866,0.4485666,1,2,13,7.000,44,300000
"2020-01-02 13:07:49.19",9748,101205,20.15,12.14,86,50.2261,116,26.8964,1,9,0.8,-1,1.354,0.8371017,0.4482733,1,2,13,7.000,48,510000
"2020-01-02 13:07:52.73",9749,101206,21.28,12.15,86,50.2261,116,26.8707,1,9,0.8,-0.4,1.428,0.8371017,0.447845,1,2,13,7.000,52,50000
"2020-01-02 13:07:56.48",9750,101207,22.62,12.16,86,50.2269,116,26.8455,1,9,0.8,-0.1,1.516,0.837115,0.447425,1,2,13,7.000,55,800000
"2020-01-02 13:08:00.56",9751,101208,18.41,12.15,86,50.2273,116,26.8231,1,9,0.8,-0.2,1.24,0.8371217,0.4470516,1,2,13,7.000,59,880000
"2020-01-02 13:08:04.22",9752,101209,26.72,12.15,86,50.2283,116,26.8033,1,9,0.8,0.8,1.783,0.8371383,0.4467217,1,2,13,8,3,540000
"2020-01-02 13:08:07.8",9753,101210,24.03,12.15,86,50.2286,116,26.7793,1,9,0.8,0.3,1.607,0.8371433,0.4463217,1,2,13,8,7.000,120000
"2020-01-02 13:08:11.54",9754,101211,25.77,12.15,86,50.2291,116,26.7641,1,9,0.8,0.2,1.721,0.8371517,0.4460683,1,2,13,8,10,860000
"2020-01-02 13:08:15.26",9755,101212,22.68,12.15,86,50.2298,116,26.7549,1,9,0.8,0.1,1.519,0.8371634,0.445915,1,2,13,8,14,580000
"2020-01-02 13:08:18.8",9756,101213,20.21,12.14,86,50.2329,116,26.7472,1,9,0.8,2.1,1.358,0.837215,0.4457866,1,2,13,8,18,120000
"2020-01-02 13:08:22.68",9757,101214,18.36,12.16,86,50.2327,116,26.7187,1,9,0.8,1.9,1.237,0.8372117,0.4453117,1,2,13,8,21,990000
"2020-01-02 13:08:25.93",9758,101215,20.55,12.13,86,50.2336,116,26.6939,1,9,0.8,1.5,1.38,0.8372267,0.4448983,1,2,13,8,25,250000
"2020-01-02 13:08:29.27",9759,101216,19.93,12.15,86,50.2341,116,26.6811,1,9,0.8,1.1,1.339,0.837235,0.444685,1,2,13,8,28,590000
"2020-01-02 13:08:33.79",9760,101217,23.91,12.15,86,50.2345,116,26.6517,1,9,0.8,0.8,1.6,0.8372417,0.444195,1,2,13,8,33,110000
"2020-01-02 13:08:37.42",9761,101218,27,12.14,86,50.235,116,26.6393,1,9,0.8,0,1.802,0.83725,0.4439883,1,2,13,8,36,740000
"2020-01-02 13:08:41.09",9762,101219,28.68,12.14,86,50.2352,116,26.6099,1,9,0.8,0,1.912,0.8372534,0.4434983,1,2,13,8,40,410000
"2020-01-02 13:08:44.49",9763,101220,26.61,12.14,86,50.236,116,26.6007,1,9,0.8,0.2,1.776,0.8372667,0.443345,1,2,13,8,43,810000
"2020-01-02 13:08:48.24",9764,101221,23.02,12.15,86,50.2366,116,26.5811,1,9,0.8,-0.5,1.541,0.8372766,0.4430184,1,2,13,8,47,560000
"2020-01-02 13:08:52.41",9765,101222,14.71,12.15,86,50.2371,116,26.5467,1,9,0.8,-1.8,1.00,0.837285,0.442445,1,2,13,8,51,730000
"2020-01-02 13:08:56.22",9766,101223,24.64,12.15,86,50.2382,116,26.5311,1,9,0.8,-0.6,1.648,0.8373034,0.442185,1,2,13,8,55,540000
"2020-01-02 13:08:59.76",9767,101224,28.91,12.16,86,50.2392,116,26.514,1,9,0.8,0.2,1.927,0.83732,0.4419,1,2,13,8,59,80000
"2020-01-02 13:09:03.65",9768,101225,39.62,12.15,86,50.2391,116,26.4978,1,9,0.8,0.3,2.628,0.8373184,0.44163,1,2,13,9,2,970000
"2020-01-02 13:09:07.01",9769,101226,25.54,12.13,86,50.2391,116,26.483,1,9,0.8,-0.6,1.706,0.8373184,0.4413833,1,2,13,9,6,330000
"2020-01-02 13:09:10.93",9770,101227,13.37,12.15,86,50.2397,116,26.4563,1,9,0.8,0.4,0.91,0.8373283,0.4409384,1,2,13,9,10,250000
"2020-01-02 13:09:14.81",9771,101228,34.63,12.13,86,50.2404,116,26.4433,1,9,0.8,-0.9,2.301,0.83734,0.4407217,1,2,13,9,14,130000
"2020-01-02 13:09:18.38",9772,101229,30.09,12.15,86,50.2411,116,26.4293,1,9,0.8,-0.7,2.004,0.8373517,0.4404883,1,2,13,9,17,700000
"2020-01-02 13:10:04.18",9773,101230,23.3,12.13,86,50.246,116,26.3594,1,9,0.8,-1.6,1.56,0.8374333,0.4393233,1,2,13,10,3,500000
"2020-01-02 13:10:08.25",9774,101231,26.27,12.13,86,50.2465,116,26.3482,1,9,0.8,-0.8,1.754,0.8374416,0.4391366,1,2,13,10,7.000,570000
"2020-01-02 13:10:13.57",9775,101232,20.32,12.14,86,50.247,116,26.32,1,9,0.8,1.9,1.365,0.83745,0.4386667,1,2,13,10,12,880000
"2020-01-02 13:10:20.58",9776,101233,17.85,12.13,86,50.2479,116,26.2838,1,9,0.8,4.4,1.204,0.837465,0.4380633,1,2,13,10,19,900000
"2020-01-02 13:10:23.42",9777,101234,23.24,12.12,86,50.2484,116,26.2814,1,9,0.8,4.7,1.556,0.8374734,0.4380234,1,2,13,10,22,740000
"2020-01-02 13:10:26.71",9778,101235,30.48,12.13,86,50.2492,116,26.2586,1,9,0.8,4.6,2.029,0.8374866,0.4376434,1,2,13,10,26,30000
"2020-01-02 13:10:29.88",9779,101236,30.65,12.12,86,50.2493,116,26.2408,1,9,0.8,4.5,2.04,0.8374883,0.4373467,1,2,13,10,29,200000
"2020-01-02 13:10:33.08",9780,101237,34.13,12.12,86,50.249,116,26.2187,1,9,0.8,4.6,2.268,0.8374834,0.4369784,1,2,13,10,32,400000
"2020-01-02 13:10:36.56",9781,101238,40.97,12.12,86,50.2499,116,26.209,1,9,0.8,4.7,2.716,0.8374984,0.4368167,1,2,13,10,35,880000
"2020-01-02 13:10:39.89",9782,101239,38.67,12.14,86,50.2509,116,26.1906,1,9,0.8,4.7,2.565,0.837515,0.43651,1,2,13,10,39,210000
"2020-01-02 13:10:43.06",9783,101240,41.98,12.12,86,50.2513,116,26.1746,1,9,0.8,4.8,2.782,0.8375217,0.4362434,1,2,13,10,42,380000
"2020-01-02 13:10:46.8",9784,101241,36.48,12.14,86,50.252,116,26.1554,1,9,0.8,5.3,2.422,0.8375333,0.4359233,1,2,13,10,46,120000
"2020-01-02 13:10:52.78",9785,101242,26.38,12.12,86,50.252,116,26.1235,1,9,0.8,5.5,1.761,0.8375333,0.4353917,1,2,13,10,52,90000
"2020-01-02 13:10:56.89",9786,101243,27.39,12.14,86,50.2529,116,26.1096,1,9,0.8,5.4,1.828,0.8375483,0.43516,1,2,13,10,56,210000
"2020-01-02 13:11:00.25",9787,101244,25.93,12.14,86,50.2528,116,26.0912,1,9,0.8,4.8,1.732,0.8375466,0.4348534,1,2,13,10,59,570000
"2020-01-02 13:11:03.84",9788,101245,65.32,12.14,86,50.2536,116,26.0664,1,9,0.8,5.1,4.308,0.83756,0.43444,1,2,13,11,3,160000
"2020-01-02 13:11:07.65",9789,101246,37.55,12.14,86,50.2545,116,26.038,1,9,0.8,5.9,2.492,0.837575,0.4339667,1,2,13,11,6,970000
"2020-01-02 13:11:14.11",9790,101247,20.44,12.14,86,50.2564,116,26.0346,1,9,0.8,9.1,1.372,0.8376066,0.43391,1,2,13,11,13,430000
"2020-01-02 13:11:17.45",9791,101248,33.68,12.15,86,50.2561,116,26.0227,1,9,0.8,7.8,2.239,0.8376017,0.4337116,1,2,13,11,16,770000
"2020-01-02 13:11:22.95",9792,101249,15.61,12.15,86,50.2558,116,26.0099,1,9,0.8,5,1.057,0.8375966,0.4334983,1,2,13,11,22,270000
"2020-01-02 13:11:26.37",9793,101250,36.93,12.14,86,50.2557,116,25.9954,1,9,0.8,4.9,2.451,0.837595,0.4332566,1,2,13,11,25,690000
"2020-01-02 13:11:30.98",9794,101251,32.72,12.14,86,50.2552,116,25.9626,1,9,0.8,4.5,2.176,0.8375866,0.43271,1,2,13,11,30,300000
"2020-01-02 13:11:38.31",9795,101252,27,12.13,86,50.2551,116,25.9324,1,9,0.8,4,1.802,0.837585,0.4322067,1,2,13,11,37,630000
"2020-01-02 13:11:43.6",9796,101253,19.03,12.13,86,50.2554,116,25.916,1,9,0.8,3.7,1.281,0.83759,0.4319334,1,2,13,11,42,920000
"2020-01-02 13:11:47.01",9797,101254,15.22,12.13,86,50.2565,116,25.9011,1,9,0.8,3.6,1.031,0.8376083,0.431685,1,2,13,11,46,330000
"2020-01-02 13:11:50.15",9798,101255,16.06,12.14,86,50.2569,116,25.8867,1,9,0.8,3.7,1.086,0.837615,0.431445,1,2,13,11,49,470000
"2020-01-02 13:11:52.96",9799,101256,16.28,12.14,86,50.2572,116,25.8718,1,9,0.8,4.1,1.101,0.83762,0.4311966,1,2,13,11,52,280000
"2020-01-02 13:11:55.64",9800,101257,17.52,12.14,86,50.2564,116,25.8608,1,9,0.8,6.1,1.182,0.8376066,0.4310133,1,2,13,11,54,960000
"2020-01-02 13:11:58.45",9801,101258,19.31,12.12,86,50.2568,116,25.8437,1,9,0.8,7.7,1.299,0.8376134,0.4307284,1,2,13,11,57,770000
"2020-01-02 13:12:01.59",9802,101259,21.44,12.14,86,50.2572,116,25.8282,1,9,0.8,7.7,1.439,0.83762,0.43047,1,2,13,12,0,910000
"2020-01-02 13:12:04.37",9803,101260,14.26,12.12,86,50.2574,116,25.8123,1,9,0.8,7.9,0.97,0.8376234,0.430205,1,2,13,12,3,690000
"2020-01-02 13:12:07.27",9804,101261,16.06,12.14,86,50.2571,116,25.7928,1,9,0.8,8,1.086,0.8376183,0.42988,1,2,13,12,6,580000
"2020-01-02 13:12:10.51",9805,101262,19.76,12.14,86,50.2578,116,25.7784,1,9,0.8,8,1.328,0.83763,0.42964,1,2,13,12,9,830000
"2020-01-02 13:12:13.66",9806,101263,17.18,12.13,86,50.258,116,25.7662,1,9,0.8,6.9,1.16,0.8376333,0.4294366,1,2,13,12,12,980000
"2020-01-02 13:12:16.87",9807,101264,15.89,12.14,86,50.258,116,25.7477,1,9,0.8,6.8,1.075,0.8376333,0.4291283,1,2,13,12,16,190000
"2020-01-02 13:12:20.06",9808,101265,14.04,12.11,86,50.2587,116,25.7322,1,9,0.8,6.1,0.95,0.837645,0.42887,1,2,13,12,19,380000
"2020-01-02 13:12:23.32",9809,101266,14.26,12.14,86,50.2592,116,25.7217,1,9,0.8,6.3,0.97,0.8376534,0.428695,1,2,13,12,22,640000
"2020-01-02 13:12:26.38",9810,101267,13.7,12.11,86,50.2592,116,25.7042,1,9,0.8,7.2,0.93,0.8376534,0.4284034,1,2,13,12,25,690000
"2020-01-02 13:12:29.95",9811,101268,18.19,12.12,86,50.2596,116,25.6823,1,9,0.8,6.8,1.226,0.83766,0.4280383,1,2,13,12,29,270000
"2020-01-02 13:12:32.71",9812,101269,16.62,12.11,86,50.2603,116,25.6602,1,9,0.8,6.3,1.123,0.8376716,0.42767,1,2,13,12,32,20000
"2020-01-02 13:12:35.74",9813,101270,11.91,12.14,86,50.2608,116,25.6412,1,9,0.8,5.8,0.82,0.83768,0.4273533,1,2,13,12,35,60000
"2020-01-02 13:12:39.27",9814,101271,15.55,12.14,86,50.261,116,25.6224,1,9,0.8,5.9,1.053,0.8376834,0.42704,1,2,13,12,38,590000
"2020-01-02 13:12:43.11",9815,101272,12.8,12.13,86,50.2607,116,25.5948,1,9,0.8,5.7,0.87,0.8376783,0.42658,1,2,13,12,42,430000
"2020-01-02 13:12:46.43",9816,101273,15.16,12.12,86,50.2611,116,25.585,1,9,0.8,5.6,1.028,0.837685,0.4264167,1,2,13,12,45,750000
"2020-01-02 13:12:49.7",9817,101274,13.48,12.12,86,50.2618,116,25.5631,1,9,0.8,5.4,0.92,0.8376966,0.4260517,1,2,13,12,49,10000
"2020-01-02 13:12:52.81",9818,101275,15.61,12.12,86,50.2623,116,25.5472,1,9,0.8,5.2,1.057,0.837705,0.4257866,1,2,13,12,52,130000
"2020-01-02 13:12:55.96",9819,101276,18.3,12.11,86,50.2626,116,25.5318,1,9,0.8,4.5,1.233,0.83771,0.42553,1,2,13,12,55,280000
"2020-01-02 13:12:59.72",9820,101277,29.36,12.14,86,50.2632,116,25.5073,1,9,0.8,4.7,1.956,0.83772,0.4251217,1,2,13,12,59,40000
"2020-01-02 13:13:03.27",9821,101278,27.06,12.11,86,50.2635,116,25.4831,1,9,0.8,5.3,1.806,0.837725,0.4247184,1,2,13,13,2,590000
"2020-01-02 13:13:08.16",9822,101279,23.02,12.13,86,50.2635,116,25.4562,1,9,0.8,5.2,1.541,0.837725,0.42427,1,2,13,13,7.000,480000
"2020-01-02 13:13:11.52",9823,101280,21.56,12.11,86,50.2639,116,25.4446,1,9,0.8,4.9,1.446,0.8377317,0.4240766,1,2,13,13,10,840000
"2020-01-02 13:13:15.04",9824,101281,27.51,12.13,86,50.2635,116,25.41,1,9,0.8,4.6,1.835,0.837725,0.4235,1,2,13,13,14,360000
"2020-01-02 13:13:18.34",9825,101282,27.62,12.12,86,50.264,116,25.3972,1,9,0.8,4.9,1.842,0.8377334,0.4232866,1,2,13,13,17,660000
"2020-01-02 13:13:22.25",9826,101283,33.68,12.12,86,50.2643,116,25.374,1,9,0.8,5.2,2.239,0.8377383,0.4229,1,2,13,13,21,570000
"2020-01-02 13:13:25.54",9827,101284,36.65,12.12,86,50.2653,116,25.3494,1,9,0.8,5.3,2.433,0.837755,0.42249,1,2,13,13,24,860000
"2020-01-02 13:13:30.78",9828,101285,22.96,12.12,86,50.2659,116,25.3371,1,9,0.8,4.3,1.538,0.837765,0.422285,1,2,13,13,30,100000
"2020-01-02 13:13:33.97",9829,101286,26.61,12.14,86,50.2664,116,25.3215,1,9,0.8,4.7,1.776,0.8377734,0.422025,1,2,13,13,33,290000
"2020-01-02 13:13:37.14",9830,101287,26.27,12.12,86,50.2667,116,25.3032,1,9,0.8,5.8,1.754,0.8377783,0.42172,1,2,13,13,36,450000
"2020-01-02 13:13:41.97",9831,101288,11.4,12.14,86,50.267,116,25.2747,1,9,0.8,5.4,0.78,0.8377833,0.421245,1,2,13,13,41,280000
"2020-01-02 13:13:45.14",9832,101289,29.24,12.14,86,50.2668,116,25.2545,1,9,0.8,5.7,1.949,0.83778,0.4209083,1,2,13,13,44,460000
"2020-01-02 13:13:48.34",9833,101290,27.95,12.13,86,50.2666,116,25.2308,1,9,0.8,6.4,1.864,0.8377767,0.4205133,1,2,13,13,47,660000
"2020-01-02 13:13:52.85",9834,101291,24.98,12.14,86,50.2675,116,25.2048,1,9,0.8,6.3,1.67,0.8377917,0.42008,1,2,13,13,52,170000
"2020-01-02 13:13:57.55",9835,101292,12.47,12.14,86,50.2682,116,25.1907,1,9,0.8,6.2,0.85,0.8378033,0.419845,1,2,13,13,56,870000
"2020-01-02 13:14:01.41",9836,101293,16.45,12.14,86,50.2688,116,25.1731,1,9,0.8,5.8,1.112,0.8378133,0.4195517,1,2,13,14,0,730000
"2020-01-02 13:14:05.1",9837,101294,19.54,12.13,86,50.2696,116,25.1583,1,9,0.8,5.8,1.314,0.8378266,0.419305,1,2,13,14,4,410000
"2020-01-02 13:14:09.24",9838,101295,17.52,12.12,86,50.27,116,25.14,1,9,0.8,5.6,1.182,0.8378334,0.419,1,2,13,14,8,560000
"2020-01-02 13:14:12.49",9839,101296,18.81,12.14,86,50.2701,116,25.1239,1,9,0.8,4.7,1.266,0.837835,0.4187316,1,2,13,14,11,810000
"2020-01-02 13:14:15.71",9840,101297,21.22,12.14,86,50.2705,116,25.0986,1,9,0.8,4.4,1.424,0.8378417,0.41831,1,2,13,14,15,30000
"2020-01-02 13:14:19.27",9841,101298,16.12,12.13,86,50.2706,116,25.0831,1,9,0.8,4,1.09,0.8378433,0.4180517,1,2,13,14,18,590000
"2020-01-02 13:14:22.69",9842,101299,22.06,12.12,86,50.2712,116,25.0572,1,9,0.8,4.9,1.479,0.8378533,0.41762,1,2,13,14,22,10000
"2020-01-02 13:24:53.35",9843,101300,38.23,12.12,86,50.3252,116,24.3404,1,10,0.8,4.6,2.536,0.8387534,0.4056734,1,2,13,24,52,670000
"2020-01-02 13:24:58.55",9844,101301,37.72,12.1,86,50.3254,116,24.3185,1,10,0.8,4.7,2.503,0.8387567,0.4053083,1,2,13,24,57,870000
"2020-01-02 13:25:05.41",9845,101302,28.01,12.11,86,50.3243,116,24.2827,1,10,0.8,5.8,1.868,0.8387383,0.4047117,1,2,13,25,4,730000
"2020-01-02 13:25:10.07",9846,101303,29.81,12.1,86,50.325,116,24.2624,1,10,0.8,3.9,1.986,0.83875,0.4043733,1,2,13,25,9,390000
"2020-01-02 13:25:14.48",9847,101304,29.3,12.11,86,50.3242,116,24.2449,1,10,0.8,4.1,1.953,0.8387366,0.4040817,1,2,13,25,13,800000
"2020-01-02 13:25:18.85",9848,101305,28.74,12.1,86,50.3249,116,24.2174,1,10,0.8,4.2,1.916,0.8387483,0.4036233,1,2,13,25,18,170000
"2020-01-02 13:25:25.84",9849,101306,12.64,12.1,86,50.3247,116,24.1624,1,10,0.8,2.8,0.86,0.838745,0.4027066,1,2,13,25,25,160000
"2020-01-02 13:25:30.09",9850,101307,19.2,12.12,86,50.3248,116,24.1327,1,10,0.8,2.7,1.292,0.8387466,0.4022117,1,2,13,25,29,410000
"2020-01-02 13:25:34.18",9851,101308,25.1,12.1,86,50.3258,116,24.1183,1,10,0.8,2.5,1.677,0.8387634,0.4019717,1,2,13,25,33,500000
"2020-01-02 13:25:41.1",9852,101309,29.19,12.1,86,50.3269,116,24.0901,1,10,0.8,3.1,1.945,0.8387817,0.4015016,1,2,13,25,40,420000
"2020-01-02 13:27:04.35",9853,101310,34.92,12.1,86,50.3332,116,23.9806,1,10,0.8,4.7,2.32,0.8388866,0.3996767,1,2,13,27,3,670000
"2020-01-02 13:27:07.7",9854,101311,34.02,12.11,86,50.3342,116,23.9684,1,10,0.8,5.1,2.261,0.8389034,0.3994733,1,2,13,27,7.000,10000
"2020-01-02 13:27:13.02",9855,101312,29.31,12.11,86,50.3344,116,23.9496,1,10,0.8,5.8,1.953,0.8389066,0.39916,1,2,13,27,12,340000
"2020-01-02 13:27:17.97",9856,101313,15.72,12.11,86,50.3359,116,23.9297,1,10,0.8,5.7,1.064,0.8389317,0.3988284,1,2,13,27,17,290000
"2020-01-02 13:27:21.49",9857,101314,17.02,12.11,86,50.3366,116,23.9235,1,10,0.8,5.4,1.149,0.8389434,0.398725,1,2,13,27,20,810000
"2020-01-02 13:27:25.15",9858,101315,19.09,12.09,86,50.3379,116,23.904,1,10,0.8,5.1,1.285,0.838965,0.3984,1,2,13,27,24,470000
"2020-01-02 13:27:29.21",9859,101316,30.54,12.09,86,50.3389,116,23.8771,1,10,0.8,5,2.033,0.8389817,0.3979517,1,2,13,27,28,530000
"2020-01-02 13:27:32.89",9860,101317,29.53,12.09,86,50.339,116,23.8413,1,10,0.8,4.6,1.967,0.8389834,0.397355,1,2,13,27,32,210000
"2020-01-02 13:27:36.72",9861,101318,42.27,12.12,86,50.3401,116,23.8184,1,10,0.8,4.4,2.8,0.8390017,0.3969733,1,2,13,27,36,40000
"2020-01-02 13:27:40.42",9862,101319,40.02,12.12,86,50.3401,116,23.7838,1,10,0.8,3.7,2.654,0.8390017,0.3963967,1,2,13,27,39,740000
"2020-01-02 13:27:43.99",9863,101320,31.49,12.1,86,50.3408,116,23.7621,1,10,0.8,4.4,2.096,0.8390134,0.396035,1,2,13,27,43,310000
"2020-01-02 13:27:47.49",9864,101321,45.52,12.12,86,50.341,116,23.7365,1,10,0.8,4.2,3.013,0.8390166,0.3956083,1,2,13,27,46,810000
"2020-01-02 13:27:53.16",9865,101322,22.8,12.1,86,50.3428,116,23.7146,1,10,0.8,2.8,1.527,0.8390466,0.3952433,1,2,13,27,52,480000
"2020-01-02 13:27:56.61",9866,101323,21.45,12.1,86,50.3435,116,23.7144,1,10,0.8,3,1.439,0.8390582,0.39524,1,2,13,27,55,930000
"2020-01-02 13:28:00.04",9867,101324,25.49,12.12,86,50.3439,116,23.678,1,10,0.8,2.9,1.703,0.839065,0.3946333,1,2,13,27,59,360000
"2020-01-02 13:28:03.45",9868,101325,26.72,12.1,86,50.3446,116,23.6661,1,10,0.8,2.9,1.784,0.8390767,0.394435,1,2,13,28,2,770000
"2020-01-02 13:28:07.65",9869,101326,26.95,12.1,86,50.3455,116,23.6475,1,10,0.8,2.9,1.798,0.8390917,0.394125,1,2,13,28,6,970000
"2020-01-02 13:28:11.22",9870,101327,26.78,12.12,86,50.346,116,23.6245,1,10,0.8,2.4,1.787,0.8391,0.3937417,1,2,13,28,10,540000
"2020-01-02 13:28:17.87",9871,101328,11.68,12.1,86,50.3475,116,23.6089,1,10,0.8,3.4,0.8,0.839125,0.3934817,1,2,13,28,17,190000
"2020-01-02 13:28:21.4",9872,101329,13.31,12.1,86,50.348,116,23.5949,1,10,0.8,3.5,0.91,0.8391334,0.3932484,1,2,13,28,20,720000
"2020-01-02 13:28:25.07",9873,101330,21.5,12.11,86,50.349,116,23.5712,1,10,0.8,3.4,1.442,0.83915,0.3928533,1,2,13,28,24,390000
"2020-01-02 13:28:28.3",9874,101331,34.58,12.11,86,50.3495,116,23.5578,1,10,0.8,2.9,2.298,0.8391583,0.39263,1,2,13,28,27,620000
"2020-01-02 13:28:33.12",9875,101332,26.56,12.1,86,50.3495,116,23.5123,1,10,0.8,2.2,1.773,0.8391583,0.3918717,1,2,13,28,32,440000
"2020-01-02 13:28:38.1",9876,101333,23.81,12.11,86,50.3509,116,23.4927,1,10,0.8,1.9,1.593,0.8391817,0.391545,1,2,13,28,37,420000
"2020-01-02 13:28:41.33",9877,101334,25.49,12.11,86,50.3515,116,23.4831,1,10,0.8,1.7,1.703,0.8391917,0.391385,1,2,13,28,40,650000
"2020-01-02 13:28:44.51",9878,101335,23.81,12.11,86,50.3521,116,23.468,1,10,0.8,1,1.593,0.8392017,0.3911333,1,2,13,28,43,830000
"2020-01-02 13:28:47.71",9879,101336,28.18,12.1,86,50.352,116,23.4328,1,10,0.8,0.2,1.879,0.8392,0.3905467,1,2,13,28,47,30000
"2020-01-02 13:28:54.92",9880,101337,14.49,12.1,86,50.3533,116,23.4108,1,10,0.8,-0.1,0.98,0.8392217,0.39018,1,2,13,28,54,240000
"2020-01-02 13:28:58.49",9881,101338,20.1,12.11,86,50.3541,116,23.4002,1,10,0.8,-0.4,1.351,0.839235,0.3900033,1,2,13,28,57,810000
"2020-01-02 13:29:02.08",9882,101339,20.72,12.11,86,50.3545,116,23.3793,1,10,0.8,-0.6,1.391,0.8392417,0.389655,1,2,13,29,1,400000
"2020-01-02 13:29:05.47",9883,101340,20.16,12.11,86,50.3547,116,23.3712,1,10,0.8,-0.1,1.354,0.839245,0.38952,1,2,13,29,4,790000
"2020-01-02 13:29:08.53",9884,101341,21.34,12.11,86,50.3551,116,23.3564,1,10,0.8,0.5,1.431,0.8392516,0.3892733,1,2,13,29,7.000,850000
"2020-01-02 13:29:12.53",9885,101342,13.48,12.11,86,50.3552,116,23.3181,1,10,0.8,0.7,0.92,0.8392534,0.388635,1,2,13,29,11,850000
"2020-01-02 13:29:15.79",9886,101343,18.08,12.1,86,50.3557,116,23.2911,1,10,0.8,0.5,1.219,0.8392617,0.388185,1,2,13,29,15,110000
"2020-01-02 13:29:19.6",9887,101344,19.54,12.11,86,50.3563,116,23.2769,1,10,0.8,0.4,1.314,0.8392717,0.3879483,1,2,13,29,18,920000
"2020-01-02 13:29:23.42",9888,101345,17.13,12.11,86,50.3576,116,23.2586,1,10,0.8,-0.1,1.156,0.8392934,0.3876433,1,2,13,29,22,740000
"2020-01-02 13:29:27.23",9889,101346,14.38,12.11,86,50.3588,116,23.2343,1,10,0.8,-0.1,0.98,0.8393134,0.3872384,1,2,13,29,26,550000
"2020-01-02 13:29:31.09",9890,101347,17.86,12.11,86,50.3589,116,23.1993,1,10,0.8,0.5,1.204,0.839315,0.386655,1,2,13,29,30,410000
"2020-01-02 13:29:34.54",9891,101348,19.15,12.11,86,50.3593,116,23.1777,1,10,0.8,0.6,1.288,0.8393217,0.386295,1,2,13,29,33,860000
"2020-01-02 13:29:38.45",9892,101349,14.27,12.11,86,50.36,116,23.1644,1,10,0.8,0.9,0.97,0.8393334,0.3860733,1,2,13,29,37,770000
"2020-01-02 13:29:42.15",9893,101350,19.71,12.1,86,50.3606,116,23.1418,1,10,0.8,1.1,1.325,0.8393433,0.3856967,1,2,13,29,41,470000
"2020-01-02 13:29:45.88",9894,101351,45.02,12.11,86,50.3617,116,23.121,1,10,0.8,0.6,2.98,0.8393616,0.38535,1,2,13,29,45,200000
"2020-01-02 13:29:49.75",9895,101352,42.1,12.1,86,50.3618,116,23.1039,1,10,0.8,1.1,2.789,0.8393634,0.385065,1,2,13,29,49,70000
"2020-01-02 13:29:55.07",9896,101353,23.3,12.1,86,50.3628,116,23.0761,1,10,0.8,1.2,1.56,0.83938,0.3846016,1,2,13,29,54,390000
"2020-01-02 13:29:58.4",9897,101354,42.1,12.1,86,50.3632,116,23.0637,1,10,0.8,0.9,2.789,0.8393867,0.384395,1,2,13,29,57,720000
"2020-01-02 13:30:03.84",9898,101355,15.61,12.11,86,50.3641,116,23.0379,1,10,0.8,0.3,1.057,0.8394017,0.383965,1,2,13,30,3,160000
"2020-01-02 13:30:07.59",9899,101356,21.56,12.11,86,50.3647,116,23.0251,1,10,0.8,-0.7,1.446,0.8394117,0.3837517,1,2,13,30,6,910000
"2020-01-02 13:30:10.88",9900,101357,23.69,12.11,86,50.3648,116,22.9862,1,10,0.8,-1,1.586,0.8394134,0.3831034,1,2,13,30,10,200000
"2020-01-02 13:30:14.56",9901,101358,30.15,12.11,86,50.365,116,22.9713,1,10,0.8,-0.4,2.008,0.8394167,0.382855,1,2,13,30,13,880000
"2020-01-02 13:30:20.13",9902,101359,17.8,12.11,86,50.3642,116,22.9425,1,10,0.8,1.4,1.2,0.8394034,0.382375,1,2,13,30,19,450000
"2020-01-02 13:30:24.02",9903,101360,28.07,12.1,86,50.3647,116,22.9194,1,10,0.8,3.2,1.872,0.8394117,0.38199,1,2,13,30,23,340000
"2020-01-02 13:30:28.91",9904,101361,52.93,12.1,86,50.3641,116,22.8757,1,10,0.8,3.2,3.498,0.8394017,0.3812617,1,2,13,30,28,230000
"2020-01-02 13:30:33.32",9905,101362,44.57,12.09,86,50.3635,116,22.842,1,10,0.8,3.8,2.951,0.8393917,0.3807,1,2,13,30,32,640000
"2020-01-02 13:30:37.23",9906,101363,37.95,12.09,86,50.364,116,22.8334,1,10,0.8,4.2,2.518,0.8394,0.3805567,1,2,13,30,36,550000
"2020-01-02 13:30:42.59",9907,101364,18.53,12.11,86,50.3642,116,22.8165,1,10,0.8,4.3,1.248,0.8394034,0.380275,1,2,13,30,41,910000
"2020-01-02 13:30:46.85",9908,101365,43.78,12.08,86,50.3643,116,22.7904,1,10,0.8,5.6,2.9,0.839405,0.37984,1,2,13,30,46,170000
"2020-01-02 13:30:50.85",9909,101366,53.77,12.1,86,50.364,116,22.7789,1,10,0.8,5.2,3.553,0.8394,0.3796483,1,2,13,30,50,170000
"2020-01-02 13:30:55.16",9910,101367,39.91,12.1,86,50.364,116,22.7688,1,10,0.8,4.6,2.646,0.8394,0.37948,1,2,13,30,54,480000
"2020-01-02 13:30:58.66",9911,101368,38.12,12.1,86,50.3633,116,22.7466,1,10,0.8,5.9,2.529,0.8393883,0.37911,1,2,13,30,57,980000
"2020-01-02 13:31:02.61",9912,101369,55.96,12.09,86,50.3636,116,22.7361,1,10,0.8,5.6,3.696,0.8393934,0.378935,1,2,13,31,1,930000
"2020-01-02 13:31:06.8",9913,101370,41.26,12.1,86,50.3628,116,22.7221,1,10,0.8,5,2.734,0.83938,0.3787016,1,2,13,31,6,120000
"2020-01-02 13:31:10.66",9914,101371,34.92,12.09,86,50.3625,116,22.7159,1,10,0.8,4.3,2.32,0.839375,0.3785983,1,2,13,31,9,980000
"2020-01-02 13:31:14.57",9915,101372,31.44,12.09,86,50.3614,116,22.7062,1,10,0.8,4.1,2.092,0.8393566,0.3784366,1,2,13,31,13,890000
"2020-01-02 13:31:16.44",9916,101373,14.04,12.09,86,50.3613,116,22.7052,1,10,0.8,3.8,0.95,0.839355,0.37842,1,2,13,31,15,760000
"2020-01-02 13:31:20.33",9917,101374,22.01,12.1,86,50.3609,116,22.6768,1,10,0.8,3.6,1.475,0.8393484,0.3779467,1,2,13,31,19,650000
"2020-01-02 13:31:23.7",9918,101375,27.68,12.1,86,50.3608,116,22.66,1,10,0.8,3.5,1.846,0.8393467,0.3776666,1,2,13,31,23,20000
"2020-01-02 13:31:27.82",9919,101376,24.25,12.11,86,50.361,116,22.6471,1,10,0.8,3.2,1.622,0.83935,0.3774517,1,2,13,31,27,140000
"2020-01-02 13:31:31.52",9920,101377,27.68,12.1,86,50.3604,116,22.633,1,10,0.8,3.8,1.846,0.83934,0.3772167,1,2,13,31,30,840000
"2020-01-02 13:31:36.01",9921,101378,29.42,12.1,86,50.3606,116,22.6085,1,10,0.8,3.2,1.96,0.8393433,0.3768083,1,2,13,31,35,330000
"2020-01-02 13:31:41.22",9922,101379,23.19,12.09,86,50.3599,116,22.5851,1,10,0.8,2.2,1.553,0.8393317,0.3764183,1,2,13,31,40,540000
"2020-01-02 13:31:44.59",9923,101380,35.42,12.1,86,50.3598,116,22.5745,1,10,0.8,2.1,2.353,0.8393299,0.3762416,1,2,13,31,43,910000
"2020-01-02 13:31:49.44",9924,101381,26.22,12.1,86,50.3592,116,22.5518,1,10,0.8,2,1.751,0.83932,0.3758634,1,2,13,31,48,760000
"2020-01-02 13:31:54.45",9925,101382,13.76,12.09,86,50.3582,116,22.5523,1,10,0.8,2.1,0.94,0.8393033,0.3758716,1,2,13,31,53,770000
"2020-01-02 13:31:59",9926,101383,29.92,12.1,86,50.3588,116,22.5327,1,10,0.8,1.7,1.993,0.8393134,0.375545,1,2,13,31,58,320000
"2020-01-02 13:32:02.92",9927,101384,29.19,12.1,86,50.3584,116,22.5134,1,10,0.8,1.7,1.945,0.8393066,0.3752233,1,2,13,32,2,240000
"2020-01-02 13:32:06.8",9928,101385,37.16,12.1,86,50.3585,116,22.5033,1,10,0.8,1.3,2.466,0.8393084,0.375055,1,2,13,32,6,120000
"2020-01-02 13:32:10.46",9929,101386,34.52,12.1,86,50.3576,116,22.4697,1,10,0.8,1.1,2.294,0.8392934,0.374495,1,2,13,32,9,780000
"2020-01-02 13:32:14.87",9930,101387,24.09,12.09,86,50.3574,116,22.4467,1,10,0.8,1.2,1.611,0.83929,0.3741116,1,2,13,32,14,190000
"2020-01-02 13:32:18.2",9931,101388,24.14,12.09,86,50.3576,116,22.4404,1,10,0.8,1.1,1.615,0.8392934,0.3740066,1,2,13,32,17,520000
"2020-01-02 13:32:21.5",9932,101389,22.01,12.09,86,50.3578,116,22.4324,1,10,0.8,1.1,1.475,0.8392966,0.3738733,1,2,13,32,20,820000
"2020-01-02 13:32:25.61",9933,101390,24.87,12.09,86,50.3579,116,22.4168,1,10,0.8,1.1,1.663,0.8392983,0.3736133,1,2,13,32,24,930000
"2020-01-02 13:32:29.25",9934,101391,25.6,12.1,86,50.3575,116,22.3987,1,10,0.8,1.4,1.71,0.8392916,0.3733117,1,2,13,32,28,570000
"2020-01-02 13:32:34.07",9935,101392,16.12,12.11,86,50.3575,116,22.3812,1,10,0.8,0.7,1.09,0.8392916,0.37302,1,2,13,32,33,390000
"2020-01-02 13:32:37.51",9936,101393,14.27,12.09,86,50.3574,116,22.3724,1,10,0.8,0.4,0.97,0.83929,0.3728733,1,2,13,32,36,830000
"2020-01-02 13:32:40.64",9937,101394,14.49,12.09,86,50.3573,116,22.3592,1,10,0.8,0.2,0.98,0.8392883,0.3726533,1,2,13,32,39,960000
"2020-01-02 13:32:44.2",9938,101395,16.17,12.1,86,50.3567,116,22.3406,1,10,0.8,0.5,1.094,0.8392783,0.3723433,1,2,13,32,43,520000
"2020-01-02 13:32:47.7",9939,101396,19.82,12.11,86,50.3564,116,22.3255,1,10,0.8,0.3,1.332,0.8392734,0.3720917,1,2,13,32,47,20000
"2020-01-02 13:32:51.19",9940,101397,18.08,12.1,86,50.3557,116,22.3042,1,10,0.8,1,1.219,0.8392617,0.3717366,1,2,13,32,50,510000
"2020-01-02 13:32:54.87",9941,101398,22.35,12.1,86,50.3554,116,22.2889,1,10,0.8,0.8,1.497,0.8392566,0.3714817,1,2,13,32,54,190000
"2020-01-02 13:32:58.62",9942,101399,21.56,12.09,86,50.3554,116,22.2765,1,10,0.8,0.7,1.446,0.8392566,0.371275,1,2,13,32,57,940000
"2020-01-02 13:33:01.95",9943,101400,14.27,12.1,86,50.355,116,22.2588,1,10,0.8,0.6,0.97,0.83925,0.37098,1,2,13,33,1,270000
"2020-01-02 13:33:05.75",9944,101401,22.68,12.09,86,50.3537,116,22.2414,1,10,0.8,1,1.52,0.8392283,0.37069,1,2,13,33,5,70000
"2020-01-02 13:33:09.33",9945,101402,27.85,12.1,86,50.3538,116,22.2291,1,10,0.8,1.4,1.857,0.83923,0.370485,1,2,13,33,8,650000
"2020-01-02 13:33:13.24",9946,101403,28.97,12.09,86,50.3527,116,22.1897,1,10,0.8,0.3,1.931,0.8392117,0.3698283,1,2,13,33,12,560000
"2020-01-02 13:33:18.95",9947,101404,22.51,12.1,86,50.3524,116,22.1621,1,10,0.8,0.2,1.508,0.8392067,0.3693684,1,2,13,33,18,270000
"2020-01-02 13:33:22.58",9948,101405,25.38,12.09,86,50.3524,116,22.1532,1,10,0.8,-0.1,1.696,0.8392067,0.36922,1,2,13,33,21,900000
"2020-01-02 13:33:26.21",9949,101406,23.13,12.1,86,50.3514,116,22.1217,1,10,0.8,-0.6,1.549,0.8391899,0.368695,1,2,13,33,25,530000
"2020-01-02 13:33:29.95",9950,101407,21.62,12.09,86,50.3507,116,22.0947,1,10,0.8,-0.2,1.45,0.8391783,0.368245,1,2,13,33,29,270000
"2020-01-02 13:33:33.51",9951,101408,29.08,12.1,86,50.3508,116,22.0865,1,10,0.8,0.1,1.938,0.83918,0.3681083,1,2,13,33,32,830000
"2020-01-02 13:33:37.25",9952,101409,28.74,12.1,86,50.3506,116,22.0725,1,10,0.8,-0.1,1.916,0.8391767,0.367875,1,2,13,33,36,570000
"2020-01-02 13:33:41.76",9953,101410,16.4,12.1,86,50.3504,116,22.0561,1,10,0.8,-0.3,1.108,0.8391733,0.3676017,1,2,13,33,41,80000
"2020-01-02 13:33:45",9954,101411,18.19,12.1,86,50.3499,116,22.0358,1,10,0.8,-0.8,1.226,0.839165,0.3672634,1,2,13,33,44,320000
"2020-01-02 13:33:48.06",9955,101412,18.75,12.1,86,50.3494,116,22.019,1,10,0.8,-1,1.263,0.8391567,0.3669833,1,2,13,33,47,380000
"2020-01-02 13:33:51.12",9956,101413,17.3,12.09,86,50.3492,116,22.0101,1,10,0.8,-1.2,1.167,0.8391534,0.366835,1,2,13,33,50,440000
"2020-01-02 13:33:54.97",9957,101414,16.06,12.1,86,50.3487,116,21.9964,1,10,0.8,1,1.086,0.839145,0.3666067,1,2,13,33,54,290000
"2020-01-02 13:33:58.24",9958,101415,21,12.09,86,50.3485,116,21.9898,1,10,0.8,0.5,1.409,0.8391417,0.3664966,1,2,13,33,57,560000
"2020-01-02 13:34:02.56",9959,101416,18.42,12.1,86,50.3473,116,21.9621,1,10,0.8,0,1.241,0.8391217,0.366035,1,2,13,34,1,880000
"2020-01-02 13:34:06.04",9960,101417,22.35,12.1,86,50.3466,116,21.9483,1,10,0.8,-0.2,1.497,0.83911,0.365805,1,2,13,34,5,360000
"2020-01-02 13:34:09.49",9961,101418,13.93,12.1,86,50.3464,116,21.9512,1,10,0.8,-0.2,0.95,0.8391066,0.3658533,1,2,13,34,8,810000
"2020-01-02 13:34:12.92",9962,101419,19.99,12.09,86,50.3453,116,21.9415,1,10,0.8,-0.7,1.343,0.8390883,0.3656917,1,2,13,34,12,240000
"2020-01-02 13:34:16.29",9963,101420,21,12.09,86,50.3451,116,21.9486,1,10,0.8,-0.8,1.409,0.839085,0.36581,1,2,13,34,15,610000
"2020-01-02 13:34:19.48",9964,101421,22.4,12.1,86,50.3447,116,21.9528,1,10,0.8,-0.9,1.501,0.8390783,0.36588,1,2,13,34,18,800000
"2020-01-02 13:34:23.38",9965,101422,12.47,12.1,86,50.3437,116,21.9686,1,10,0.8,-0.5,0.85,0.8390617,0.3661433,1,2,13,34,22,700000
"2020-01-02 13:34:27.04",9966,101423,13.14,12.09,86,50.343,116,21.9762,1,10,0.8,-0.7,0.90,0.83905,0.36627,1,2,13,34,26,360000
"2020-01-02 13:34:30.59",9967,101424,13.59,12.1,86,50.3428,116,21.9819,1,10,0.8,-0.8,0.93,0.8390466,0.366365,1,2,13,34,29,910000
"2020-01-02 13:34:34.06",9968,101425,23.41,12.1,86,50.3424,116,21.9857,1,10,0.8,-1.1,1.567,0.83904,0.3664284,1,2,13,34,33,380000
"2020-01-02 13:34:37.34",9969,101426,21.95,12.1,86,50.342,116,21.99,1,10,0.8,-1.5,1.472,0.8390333,0.3665,1,2,13,34,36,660000
"2020-01-02 13:34:41.07",9970,101427,39.52,12.09,86,50.3414,116,21.9954,1,10,0.8,-1.7,2.621,0.8390234,0.36659,1,2,13,34,40,390000
"2020-01-02 13:34:44.3",9971,101428,49.51,12.08,86,50.3413,116,21.9954,1,10,0.8,-1.8,3.274,0.8390217,0.36659,1,2,13,34,43,620000
"2020-01-02 13:34:47.86",9972,101429,54.17,12.1,86,50.3406,116,21.9941,1,10,0.8,-2.1,3.579,0.83901,0.3665684,1,2,13,34,47,180000
"2020-01-02 13:34:51.13",9973,101430,45.07,12.09,86,50.3394,116,21.9793,1,10,0.8,-3.8,2.984,0.83899,0.3663216,1,2,13,34,50,450000
"2020-01-02 13:34:54.19",9974,101431,48.78,12.1,86,50.339,116,21.9858,1,10,0.8,-3.2,3.226,0.8389834,0.36643,1,2,13,34,53,510000
"2020-01-02 13:34:58.3",9975,101432,34.75,12.09,86,50.3385,116,21.9862,1,10,0.8,-2.9,2.309,0.838975,0.3664367,1,2,13,34,57,620000
"2020-01-02 13:35:03.01",9976,101433,19.09,12.08,86,50.3381,116,21.9845,1,10,0.8,-3.1,1.285,0.8389683,0.3664084,1,2,13,35,2,330000
"2020-01-02 13:35:06.06",9977,101434,20.55,12.1,86,50.3372,116,21.9642,1,10,0.8,-3.6,1.38,0.8389533,0.36607,1,2,13,35,5,380000
"2020-01-02 13:35:09.94",9978,101435,36.6,12.09,86,50.3368,116,21.9576,1,10,0.8,-3.3,2.43,0.8389466,0.36596,1,2,13,35,9,260000
"2020-01-02 13:35:13.34",9979,101436,37.33,12.1,86,50.3352,116,21.964,1,10,0.8,-1.7,2.477,0.83892,0.3660667,1,2,13,35,12,660000
"2020-01-02 13:35:16.72",9980,101437,40.25,12.09,86,50.3346,116,21.9543,1,10,0.8,0.1,2.668,0.83891,0.365905,1,2,13,35,16,40000
"2020-01-02 13:35:20.23",9981,101438,40.87,12.09,86,50.3347,116,21.948,1,10,0.8,-0.2,2.709,0.8389117,0.3658,1,2,13,35,19,550000
"2020-01-02 13:35:25.11",9982,101439,35.65,12.09,86,50.3347,116,21.9385,1,10,0.8,0,2.367,0.8389117,0.3656416,1,2,13,35,24,430000
"2020-01-02 13:35:34.15",9983,101440,34.52,12.11,86,50.3344,116,21.9102,1,10,0.8,-1.8,2.294,0.8389066,0.36517,1,2,13,35,33,470000
"2020-01-02 13:35:39.48",9984,101441,43.17,12.11,86,50.3341,116,21.9025,1,10,0.8,-2.2,2.859,0.8389016,0.3650417,1,2,13,35,38,800000
"2020-01-02 13:35:43.57",9985,101442,45.75,12.09,86,50.3337,116,21.8942,1,10,0.8,-3.4,3.028,0.838895,0.3649033,1,2,13,35,42,890000
"2020-01-02 13:35:48.12",9986,101443,47.04,12.1,86,50.3325,116,21.8702,1,10,0.8,-3.8,3.112,0.838875,0.3645033,1,2,13,35,47,440000
"2020-01-02 13:35:52.4",9987,101444,41.93,12.1,86,50.3324,116,21.8736,1,10,0.8,-3.8,2.778,0.8388734,0.36456,1,2,13,35,51,720000
"2020-01-02 13:36:04.7",9988,101445,60.28,12.11,86,50.3327,116,21.8583,1,10,0.8,-3.2,3.979,0.8388783,0.364305,1,2,13,36,4,10000
"2020-01-02 13:36:09.72",9989,101446,26.84,12.09,86,50.3316,116,21.8894,1,10,0.8,-2.2,1.791,0.83886,0.3648234,1,2,13,36,9,40000
"2020-01-02 13:36:14.39",9990,101447,37.39,12.09,86,50.3319,116,21.9065,1,10,0.8,-1.9,2.481,0.838865,0.3651084,1,2,13,36,13,710000
"2020-01-02 13:36:18.82",9991,101448,35.37,12.09,86,50.3318,116,21.9235,1,10,0.8,-0.8,2.349,0.8388633,0.3653917,1,2,13,36,18,140000
"2020-01-02 13:36:25.58",9992,101449,14.83,12.09,86,50.3303,116,21.9755,1,10,0.8,-1.3,1.006,0.8388383,0.3662583,1,2,13,36,24,900000
"2020-01-02 13:36:30.13",9993,101450,12.13,12.1,86,50.3306,116,21.9622,1,10,0.8,-0.7,0.83,0.8388434,0.3660367,1,2,13,36,29,450000
"2020-01-02 13:36:36.68",9994,101451,17.52,12.11,86,50.3309,116,21.9433,1,10,0.8,0.9,1.182,0.8388483,0.3657217,1,2,13,36,35,990000
"2020-01-02 13:36:40.88",9995,101452,12.64,12.09,86,50.3311,116,21.9672,1,10,0.8,1.9,0.86,0.8388517,0.36612,1,2,13,36,40,200000
"2020-01-02 13:36:46.02",9996,101453,43,12.09,86,50.3307,116,21.9797,1,10,0.8,2.6,2.848,0.838845,0.3663283,1,2,13,36,45,340000
"2020-01-02 13:36:51.63",9997,101454,17.91,12.09,86,50.3312,116,21.9937,1,10,0.8,3.3,1.208,0.8388533,0.3665617,1,2,13,36,50,950000
"2020-01-02 13:36:55.67",9998,101455,21.56,12.1,86,50.3314,116,21.9959,1,10,0.8,4.1,1.446,0.8388567,0.3665983,1,2,13,36,54,990000
"2020-01-02 13:36:59.39",9999,101456,22.8,12.09,86,50.3318,116,22.0078,1,10,0.8,4.3,1.527,0.8388633,0.3667966,1,2,13,36,58,710000
"2020-01-02 13:37:03.17",10000,101457,20.72,12.1,86,50.3317,116,22.0218,1,10,0.8,5.2,1.391,0.8388617,0.36703,1,2,13,37,2,490000
"2020-01-02 13:37:07.1",10001,101458,8.71,12.09,86,50.3314,116,22.0291,1,10,0.8,5.6,0.61,0.8388567,0.3671517,1,2,13,37,6,420000
"2020-01-02 13:37:10.55",10002,101459,22.18,12.1,86,50.3315,116,22.0394,1,10,0.8,5.7,1.486,0.8388584,0.3673233,1,2,13,37,9,870000
"2020-01-02 13:37:14.37",10003,101460,37.72,12.1,86,50.3312,116,22.0525,1,10,0.8,5.6,2.503,0.8388533,0.3675417,1,2,13,37,13,690000
"2020-01-02 13:37:17.79",10004,101461,49.62,12.09,86,50.3309,116,22.0682,1,10,0.8,4.6,3.281,0.8388483,0.3678033,1,2,13,37,17,110000
"2020-01-02 13:37:21.43",10005,101462,30.54,12.1,86,50.3304,116,22.0695,1,10,0.8,4.1,2.033,0.8388399,0.367825,1,2,13,37,20,750000
"2020-01-02 13:37:25.09",10006,101463,43.45,12.09,86,50.33,116,22.0785,1,10,0.8,3.7,2.878,0.8388334,0.367975,1,2,13,37,24,410000
"2020-01-02 13:37:29.03",10007,101464,40.92,12.1,86,50.3299,116,22.0927,1,10,0.8,3.5,2.712,0.8388317,0.3682116,1,2,13,37,28,350000
"2020-01-02 13:37:32.27",10008,101465,28.24,12.09,86,50.3295,116,22.093,1,10,0.8,3.1,1.883,0.838825,0.3682167,1,2,13,37,31,590000
"2020-01-02 13:37:35.52",10009,101466,32,12.08,86,50.3292,116,22.0966,1,10,0.8,2.9,2.129,0.8388201,0.3682766,1,2,13,37,34,840000
"2020-01-02 13:37:39",10010,101467,48.44,12.1,86,50.3289,116,22.1161,1,10,0.8,1.7,3.204,0.838815,0.3686017,1,2,13,37,38,320000
"2020-01-02 13:37:42.32",10011,101468,39.91,12.1,86,50.3287,116,22.1274,1,10,0.8,2.2,2.646,0.8388117,0.36879,1,2,13,37,41,640000
"2020-01-02 13:37:45.72",10012,101469,39.52,12.08,86,50.3282,116,22.1448,1,10,0.8,2.6,2.621,0.8388034,0.36908,1,2,13,37,45,40000
"2020-01-02 13:37:49.27",10013,101470,51.19,12.09,86,50.3281,116,22.1537,1,10,0.8,2,3.384,0.8388016,0.3692283,1,2,13,37,48,590000
"2020-01-02 13:37:53.08",10014,101471,54.61,12.09,86,50.3275,116,22.1682,1,10,0.8,0.7,3.608,0.8387917,0.36947,1,2,13,37,52,400000
"2020-01-02 13:37:58.2",10015,101472,33.46,12.08,86,50.3273,116,22.1778,1,10,0.8,0.4,2.224,0.8387883,0.36963,1,2,13,37,57,520000
"2020-01-02 13:38:02.35",10016,101473,21.56,12.09,86,50.3274,116,22.1826,1,10,0.8,0.1,1.446,0.83879,0.36971,1,2,13,38,1,670000
"2020-01-02 13:38:06.7",10017,101474,94.7,12.08,86,50.3261,116,22.1939,1,10,0.8,0.2,6.232,0.8387683,0.3698983,1,2,13,38,6,20000
"2020-01-02 13:38:11.94",10018,101475,30.48,12.08,86,50.3258,116,22.2121,1,10,0.8,1.5,2.03,0.8387634,0.3702016,1,2,13,38,11,260000
"2020-01-02 13:38:16.42",10019,101476,15.39,12.1,86,50.3255,116,22.2073,1,10,0.8,2.7,1.042,0.8387583,0.3701216,1,2,13,38,15,740000
"2020-01-02 13:38:21.51",10020,101477,21,12.09,86,50.3255,116,22.2082,1,10,0.8,3.2,1.409,0.8387583,0.3701367,1,2,13,38,20,830000
"2020-01-02 13:38:26.44",10021,101478,20.89,12.08,86,50.3251,116,22.2122,1,10,0.8,2.3,1.402,0.8387517,0.3702034,1,2,13,38,25,760000
"2020-01-02 13:38:30.14",10022,101479,27.96,12.08,86,50.3249,116,22.2171,1,10,0.8,2.1,1.865,0.8387483,0.370285,1,2,13,38,29,460000
"2020-01-02 13:38:34.03",10023,101480,45.24,12.08,86,50.325,116,22.2272,1,10,0.8,1.8,2.995,0.83875,0.3704533,1,2,13,38,33,350000
"2020-01-02 13:38:39.03",10024,101481,18.25,12.1,86,50.3247,116,22.227,1,10,0.8,2.3,1.23,0.838745,0.37045,1,2,13,38,38,350000
"2020-01-02 13:38:43.22",10025,101482,24.98,12.09,86,50.3245,116,22.242,1,10,0.8,1.8,1.67,0.8387417,0.3707,1,2,13,38,42,540000
"2020-01-02 13:38:46.78",10026,101483,18.31,12.09,86,50.3242,116,22.2464,1,10,0.8,1.5,1.233,0.8387366,0.3707734,1,2,13,38,46,100000
"2020-01-02 13:38:50.56",10027,101484,31.1,12.08,86,50.3242,116,22.2542,1,10,0.8,1.5,2.07,0.8387366,0.3709034,1,2,13,38,49,880000
"2020-01-02 13:39:05.86",10028,101485,26.39,12.07,86,50.3244,116,22.2955,1,10,0.8,1.9,1.762,0.8387401,0.3715916,1,2,13,39,5,180000
"2020-01-02 13:39:10.65",10029,101486,27.28,12.09,86,50.3246,116,22.2912,1,10,0.8,1.7,1.82,0.8387434,0.37152,1,2,13,39,9,970000
"2020-01-02 13:39:15.76",10030,101487,19.99,12.09,86,50.3244,116,22.2959,1,10,0.8,0.5,1.343,0.8387401,0.3715983,1,2,13,39,15,80000
"2020-01-02 13:39:19.08",10031,101488,22.8,12.09,86,50.3242,116,22.2958,1,10,0.8,0.5,1.527,0.8387366,0.3715967,1,2,13,39,18,390000
"2020-01-02 13:39:22.56",10032,101489,21.34,12.08,86,50.3241,116,22.2973,1,10,0.8,1.2,1.431,0.838735,0.3716217,1,2,13,39,21,880000
"2020-01-02 13:39:26.08",10033,101490,17.91,12.07,86,50.3234,116,22.2985,1,10,0.8,0.8,1.208,0.8387233,0.3716417,1,2,13,39,25,400000
"2020-01-02 13:39:29.1",10034,101491,15.56,12.09,86,50.3233,116,22.3057,1,10,0.8,0.7,1.053,0.8387216,0.3717617,1,2,13,39,28,420000
"2020-01-02 13:39:32.32",10035,101492,14.04,12.08,86,50.3231,116,22.3112,1,10,0.8,0.4,0.95,0.8387183,0.3718533,1,2,13,39,31,640000
"2020-01-02 13:39:35.8",10036,101493,10.73,12.08,86,50.3228,116,22.3204,1,10,0.8,0.2,0.74,0.8387134,0.3720067,1,2,13,39,35,120000
"2020-01-02 13:39:39.15",10037,101494,9.44,12.08,86,50.3219,116,22.3149,1,10,0.8,-0.4,0.65,0.8386983,0.371915,1,2,13,39,38,470000
"2020-01-02 13:39:42.51",10038,101495,10.9,12.09,86,50.3219,116,22.325,1,10,0.8,-0.5,0.75,0.8386983,0.3720833,1,2,13,39,41,830000
"2020-01-02 13:39:45.76",10039,101496,12.75,12.09,86,50.3209,116,22.3284,1,10,0.8,-0.8,0.87,0.8386816,0.37214,1,2,13,39,45,70000
"2020-01-02 13:39:49.27",10040,101497,18.53,12.09,86,50.3209,116,22.3427,1,10,0.8,-0.8,1.248,0.8386816,0.3723783,1,2,13,39,48,590000
"2020-01-02 13:39:52.71",10041,101498,21.17,12.07,86,50.3199,116,22.3479,1,10,0.8,-0.3,1.42,0.838665,0.372465,1,2,13,39,52,30000
"2020-01-02 13:39:55.88",10042,101499,19.2,12.09,86,50.3199,116,22.3627,1,10,0.8,0,1.292,0.838665,0.3727116,1,2,13,39,55,200000
"2020-01-02 13:40:00.08",10043,101500,23.24,12.07,86,50.3201,116,22.3894,1,10,0.8,1.1,1.556,0.8386683,0.3731567,1,2,13,39,59,400000
"2020-01-02 13:40:04.39",10044,101501,38.73,12.09,86,50.3197,116,22.3884,1,10,0.8,1.3,2.569,0.8386616,0.37314,1,2,13,40,3,710000
"2020-01-02 13:40:07.96",10045,101502,31.55,12.08,86,50.319,116,22.391,1,10,0.8,2.3,2.099,0.83865,0.3731833,1,2,13,40,7.000,280000
"2020-01-02 13:40:12.45",10046,101503,15.16,12.07,86,50.3176,116,22.4214,1,10,0.8,3.3,1.028,0.8386267,0.37369,1,2,13,40,11,770000
"2020-01-02 13:40:16.2",10047,101504,14.43,12.07,86,50.3174,116,22.4231,1,10,0.8,5.3,0.98,0.8386234,0.3737183,1,2,13,40,15,520000
"2020-01-02 13:40:19.27",10048,101505,10.39,12.09,86,50.3171,116,22.4318,1,10,0.8,6.1,0.72,0.8386183,0.3738633,1,2,13,40,18,590000
"2020-01-02 13:40:22.49",10049,101506,12.25,12.09,86,50.3163,116,22.4294,1,10,0.8,7.3,0.84,0.838605,0.3738233,1,2,13,40,21,810000
"2020-01-02 13:40:25.73",10050,101507,14.66,12.08,86,50.3163,116,22.4341,1,10,0.8,8.5,1.00,0.838605,0.3739017,1,2,13,40,25,30000
"2020-01-02 13:40:28.47",10051,101508,14.94,12.09,86,50.3165,116,22.439,1,10,0.8,9.3,1.013,0.8386084,0.3739833,1,2,13,40,27,790000
"2020-01-02 13:40:32.4",10052,101509,13.26,12.09,86,50.3161,116,22.4455,1,10,0.8,8.4,0.90,0.8386017,0.3740916,1,2,13,40,31,720000
"2020-01-02 13:40:35.95",10053,101510,13.98,12.08,86,50.3161,116,22.4536,1,10,0.8,8.2,0.95,0.8386017,0.3742266,1,2,13,40,35,270000
"2020-01-02 13:40:38.95",10054,101511,11.68,12.09,86,50.3164,116,22.4662,1,10,0.8,8.1,0.8,0.8386066,0.3744367,1,2,13,40,38,270000
"2020-01-02 13:40:41.72",10055,101512,10.45,12.09,86,50.3164,116,22.4783,1,10,0.8,7.7,0.72,0.8386066,0.3746384,1,2,13,40,41,40000
"2020-01-02 13:40:44.79",10056,101513,9.44,12.09,86,50.3162,116,22.482,1,10,0.8,7.5,0.65,0.8386033,0.3747,1,2,13,40,44,110000
"2020-01-02 13:40:48.18",10057,101514,11.01,12.07,86,50.3164,116,22.4915,1,10,0.8,7.1,0.76,0.8386066,0.3748584,1,2,13,40,47,500000
"2020-01-02 13:40:51.17",10058,101515,14.94,12.09,86,50.3163,116,22.5028,1,10,0.8,6.7,1.013,0.838605,0.3750467,1,2,13,40,50,490000
"2020-01-02 13:40:54.26",10059,101516,17.02,12.09,86,50.3164,116,22.5157,1,10,0.8,6.4,1.149,0.8386066,0.3752617,1,2,13,40,53,580000
"2020-01-02 13:40:56.81",10060,101517,14.66,12.09,86,50.3158,116,22.5203,1,10,0.8,6.3,1.00,0.8385966,0.3753384,1,2,13,40,56,130000
"2020-01-02 13:40:59.88",10061,101518,12.3,12.09,86,50.3152,116,22.5253,1,10,0.8,8.1,0.84,0.8385867,0.3754216,1,2,13,40,59,200000
"2020-01-02 13:41:03",10062,101519,10.67,12.07,86,50.3149,116,22.5271,1,10,0.8,8,0.73,0.8385817,0.3754516,1,2,13,41,2,320000
"2020-01-02 13:41:06.4",10063,101520,15.72,12.07,86,50.315,116,22.5368,1,10,0.8,6.1,1.064,0.8385833,0.3756133,1,2,13,41,5,720000
"2020-01-02 13:41:09.8",10064,101521,15.56,12.09,86,50.3137,116,22.5564,1,10,0.8,7.3,1.053,0.8385617,0.37594,1,2,13,41,9,120000
"2020-01-02 13:41:13.27",10065,101522,17.69,12.07,86,50.3135,116,22.5605,1,10,0.8,7.5,1.193,0.8385583,0.3760083,1,2,13,41,12,580000
"2020-01-02 13:41:16.31",10066,101523,19.88,12.08,86,50.3133,116,22.5628,1,10,0.8,8.4,1.336,0.838555,0.3760466,1,2,13,41,15,630000
"2020-01-02 13:41:19.27",10067,101524,20.89,12.09,86,50.3133,116,22.575,1,10,0.8,8.3,1.402,0.838555,0.37625,1,2,13,41,18,590000
"2020-01-02 13:41:24.03",10068,101525,17.58,12.08,86,50.3131,116,22.5752,1,10,0.8,9.3,1.186,0.8385517,0.3762533,1,2,13,41,23,350000
"2020-01-02 13:41:27.1",10069,101526,13.37,12.08,86,50.3133,116,22.5863,1,10,0.8,10,0.91,0.838555,0.3764383,1,2,13,41,26,420000
"2020-01-02 13:41:31.62",10070,101527,22.57,12.09,86,50.3118,116,22.6078,1,10,0.8,12,1.512,0.8385299,0.3767967,1,2,13,41,30,940000
"2020-01-02 13:41:35.03",10071,101528,29.53,12.08,86,50.3123,116,22.6186,1,10,0.8,11.5,1.967,0.8385383,0.3769767,1,2,13,41,34,350000
"2020-01-02 13:41:38.63",10072,101529,29.31,12.08,86,50.3122,116,22.6167,1,10,0.8,11.1,1.953,0.8385366,0.376945,1,2,13,41,37,950000
"2020-01-02 13:41:43.77",10073,101530,23.81,12.09,86,50.3124,116,22.6391,1,10,0.8,10.7,1.593,0.83854,0.3773183,1,2,13,41,43,90000
"2020-01-02 13:41:48.19",10074,101531,17.41,12.09,86,50.3122,116,22.6393,1,10,0.8,10.2,1.174,0.8385366,0.3773217,1,2,13,41,47,510000
"2020-01-02 13:41:51.34",10075,101532,21.06,12.09,86,50.3124,116,22.6452,1,10,0.8,10,1.413,0.83854,0.37742,1,2,13,41,50,660000
"2020-01-02 13:41:56.01",10076,101533,18.75,12.09,86,50.3124,116,22.6625,1,10,0.8,9.1,1.263,0.83854,0.3777084,1,2,13,41,55,330000
"2020-01-02 13:41:59.49",10077,101534,22.12,12.07,86,50.3118,116,22.6693,1,10,0.8,10.1,1.483,0.8385299,0.3778216,1,2,13,41,58,810000
"2020-01-02 13:42:02.91",10078,101535,22.8,12.06,86,50.3115,116,22.681,1,10,0.8,9.7,1.527,0.838525,0.3780166,1,2,13,42,2,230000
"2020-01-02 13:42:06.19",10079,101536,25.04,12.07,86,50.3112,116,22.6832,1,10,0.8,9.6,1.674,0.83852,0.3780533,1,2,13,42,5,510000
"2020-01-02 13:42:09.43",10080,101537,30.93,12.07,86,50.3113,116,22.6911,1,10,0.8,9.4,2.059,0.8385217,0.378185,1,2,13,42,8,750000
"2020-01-02 13:42:14",10081,101538,27.73,12.06,86,50.3112,116,22.7085,1,10,0.8,8.6,1.85,0.83852,0.378475,1,2,13,42,13,320000
"2020-01-02 13:42:17.96",10082,101539,21.9,12.08,86,50.3109,116,22.7112,1,10,0.8,7.8,1.468,0.838515,0.37852,1,2,13,42,17,280000
"2020-01-02 13:42:21.73",10083,101540,21.73,12.08,86,50.3111,116,22.7214,1,10,0.8,7,1.457,0.8385183,0.37869,1,2,13,42,21,40000
"2020-01-02 13:42:24.77",10084,101541,16.73,12.06,86,50.3113,116,22.7392,1,10,0.8,8,1.13,0.8385217,0.3789867,1,2,13,42,24,90000
"2020-01-02 13:42:28.2",10085,101542,14.6,12.08,86,50.3112,116,22.7463,1,10,0.8,6.8,0.99,0.83852,0.379105,1,2,13,42,27,520000
"2020-01-02 13:42:31.66",10086,101543,11.74,12.07,86,50.3117,116,22.7502,1,10,0.8,4,0.80,0.8385283,0.37917,1,2,13,42,30,980000
"2020-01-02 13:42:35.06",10087,101544,13.54,12.09,86,50.3117,116,22.7586,1,10,0.8,4.4,0.92,0.8385283,0.37931,1,2,13,42,34,380000
"2020-01-02 13:42:38.5",10088,101545,11.8,12.08,86,50.3113,116,22.7663,1,10,0.8,3.6,0.81,0.8385217,0.3794384,1,2,13,42,37,820000
"2020-01-02 13:42:42.22",10089,101546,9.5,12.08,86,50.3105,116,22.7743,1,10,0.8,3.2,0.66,0.8385084,0.3795716,1,2,13,42,41,540000
"2020-01-02 13:42:45.58",10090,101547,10.79,12.06,86,50.3101,116,22.7769,1,10,0.8,2.8,0.74,0.8385017,0.379615,1,2,13,42,44,900000
"2020-01-02 13:42:48.72",10091,101548,13.82,12.06,86,50.3094,116,22.7908,1,10,0.8,2.8,0.94,0.8384899,0.3798467,1,2,13,42,48,40000
"2020-01-02 13:42:51.92",10092,101549,10.79,12.06,86,50.309,116,22.7946,1,10,0.8,2.7,0.74,0.8384833,0.37991,1,2,13,42,51,230000
"2020-01-02 13:42:55.12",10093,101550,10.56,12.09,86,50.3083,116,22.7973,1,10,0.8,3,0.73,0.8384717,0.379955,1,2,13,42,54,440000
"2020-01-02 13:42:58.49",10094,101551,9.27,12.06,86,50.3086,116,22.8156,1,10,0.8,3.2,0.64,0.8384767,0.38026,1,2,13,42,57,810000
"2020-01-02 13:43:01.26",10095,101552,10.22,12.09,86,50.3085,116,22.83,1,10,0.8,3.1,0.71,0.838475,0.3805,1,2,13,43,0,580000
"2020-01-02 13:43:05",10096,101553,13.7,12.06,86,50.3076,116,22.8336,1,10,0.8,2.9,0.93,0.83846,0.38056,1,2,13,43,4,320000
"2020-01-02 13:43:08.38",10097,101554,16.45,12.06,86,50.3077,116,22.8456,1,10,0.8,2.5,1.112,0.8384617,0.38076,1,2,13,43,7.000,700000
"2020-01-02 13:43:11.66",10098,101555,19.32,12.08,86,50.3077,116,22.8519,1,10,0.8,1.5,1.299,0.8384617,0.380865,1,2,13,43,10,980000
"2020-01-02 13:43:16.31",10099,101556,17.41,12.07,86,50.3075,116,22.8697,1,10,0.8,1.3,1.174,0.8384583,0.3811616,1,2,13,43,15,630000
"2020-01-02 13:43:21.28",10100,101557,15.67,12.06,86,50.3078,116,22.8828,1,10,0.8,0,1.061,0.8384634,0.38138,1,2,13,43,20,600000
"2020-01-02 13:43:24.86",10101,101558,13.93,12.06,86,50.3075,116,22.8868,1,10,0.8,0.9,0.95,0.8384583,0.3814467,1,2,13,43,24,180000
"2020-01-02 13:43:28.1",10102,101559,11.35,12.09,86,50.3071,116,22.8914,1,10,0.8,1.1,0.78,0.8384516,0.3815233,1,2,13,43,27,420000
"2020-01-02 13:43:32.06",10103,101560,10.45,12.06,86,50.3062,116,22.8959,1,10,0.8,0.8,0.72,0.8384366,0.3815984,1,2,13,43,31,380000
"2020-01-02 13:43:35.61",10104,101561,9.16,12.09,86,50.3064,116,22.9106,1,10,0.8,0.6,0.64,0.83844,0.3818434,1,2,13,43,34,930000
"2020-01-02 13:43:38.62",10105,101562,9.27,12.06,86,50.3059,116,22.9171,1,10,0.8,0.9,0.64,0.8384317,0.3819517,1,2,13,43,37,940000
"2020-01-02 13:43:41.76",10106,101563,7.868,12.08,86,50.3062,116,22.9261,1,10,0.8,0,0.55,0.8384366,0.3821016,1,2,13,43,41,80000
"2020-01-02 13:43:45.22",10107,101564,12.81,12.08,86,50.3058,116,22.9342,1,10,0.8,-0.3,0.87,0.8384301,0.3822366,1,2,13,43,44,540000
"2020-01-02 13:43:48.33",10108,101565,9.89,12.07,86,50.3057,116,22.9472,1,10,0.8,-0.4,0.68,0.8384283,0.3824534,1,2,13,43,47,650000
"2020-01-02 13:43:51.54",10109,101566,16.01,12.09,86,50.3056,116,22.9582,1,10,0.8,-0.6,1.083,0.8384266,0.3826367,1,2,13,43,50,860000
"2020-01-02 13:43:54.46",10110,101567,14.38,12.06,86,50.3055,116,22.9662,1,10,0.8,-0.9,0.98,0.838425,0.38277,1,2,13,43,53,780000
"2020-01-02 13:43:57.32",10111,101568,15.61,12.08,86,50.3041,116,22.9879,1,10,0.8,-1.7,1.057,0.8384017,0.3831316,1,2,13,43,56,640000
"2020-01-02 13:44:00.12",10112,101569,17.91,12.08,86,50.3042,116,22.9916,1,10,0.8,-2.7,1.208,0.8384034,0.3831934,1,2,13,43,59,430000
"2020-01-02 13:44:03.45",10113,101570,11.23,12.06,86,50.3045,116,23.0025,1,10,0.8,-3.2,0.77,0.8384083,0.383375,1,2,13,44,2,760000
"2020-01-02 13:44:07.57",10114,101571,20.33,12.07,86,50.3041,116,23.0173,1,10,0.8,-1.4,1.365,0.8384017,0.3836217,1,2,13,44,6,890000
"2020-01-02 13:44:11.31",10115,101572,29.7,12.06,86,50.3042,116,23.0268,1,10,0.8,-3.2,1.978,0.8384034,0.38378,1,2,13,44,10,630000
"2020-01-02 13:44:14.45",10116,101573,29.14,12.08,86,50.3042,116,23.0313,1,10,0.8,-3.9,1.942,0.8384034,0.383855,1,2,13,44,13,770000
"2020-01-02 13:44:18.74",10117,101574,19.37,12.08,86,50.3041,116,23.0406,1,10,0.8,-4.3,1.303,0.8384017,0.38401,1,2,13,44,18,60000
"2020-01-02 13:44:21.82",10118,101575,15.16,12.08,86,50.3042,116,23.0468,1,10,0.8,-4.8,1.028,0.8384034,0.3841134,1,2,13,44,21,140000
"2020-01-02 13:44:24.93",10119,101576,10.67,12.06,86,50.3039,116,23.0568,1,10,0.8,-4.9,0.73,0.8383983,0.38428,1,2,13,44,24,240000
"2020-01-02 13:44:28.21",10120,101577,17.97,12.08,86,50.3037,116,23.0667,1,10,0.8,-5,1.211,0.838395,0.384445,1,2,13,44,27,530000
"2020-01-02 13:44:31.62",10121,101578,14.71,12.06,86,50.3024,116,23.0722,1,10,0.8,-4.6,1.00,0.8383733,0.3845367,1,2,13,44,30,940000
"2020-01-02 13:44:34.8",10122,101579,8.32,12.08,86,50.3026,116,23.0861,1,10,0.8,-4.7,0.58,0.8383767,0.3847683,1,2,13,44,34,120000
"2020-01-02 13:44:38.05",10123,101580,10.17,12.08,86,50.3022,116,23.0885,1,10,0.8,-5.1,0.70,0.83837,0.3848083,1,2,13,44,37,370000
"2020-01-02 13:44:40.83",10124,101581,13.59,12.06,86,50.3022,116,23.0959,1,10,0.8,-5.3,0.93,0.83837,0.3849316,1,2,13,44,40,150000
"2020-01-02 13:44:43.68",10125,101582,13.37,12.08,86,50.3022,116,23.1013,1,10,0.8,-5.3,0.91,0.83837,0.3850216,1,2,13,44,42,990000
"2020-01-02 13:44:46.92",10126,101583,16.17,12.08,86,50.3016,116,23.1103,1,10,0.8,-6.5,1.094,0.83836,0.3851717,1,2,13,44,46,240000
"2020-01-02 13:44:50.15",10127,101584,18.64,12.06,86,50.3016,116,23.1217,1,10,0.8,-7.6,1.255,0.83836,0.3853617,1,2,13,44,49,470000
"2020-01-02 13:44:53.42",10128,101585,11.01,12.06,86,50.3015,116,23.1293,1,10,0.8,-7.4,0.76,0.8383583,0.3854883,1,2,13,44,52,740000
"2020-01-02 13:44:56.65",10129,101586,8.99,12.08,86,50.3015,116,23.1415,1,10,0.8,-8.2,0.62,0.8383583,0.3856917,1,2,13,44,55,960000
"2020-01-02 13:44:59.87",10130,101587,8.2,12.06,86,50.3007,116,23.1481,1,10,0.8,-7.2,0.57,0.838345,0.3858017,1,2,13,44,59,190000
"2020-01-02 13:45:02.73",10131,101588,8.77,12.06,86,50.3006,116,23.1586,1,10,0.8,-7.5,0.61,0.8383434,0.3859767,1,2,13,45,2,50000
"2020-01-02 13:45:06.11",10132,101589,18.31,12.07,86,50.2993,116,23.1498,1,10,0.8,-7.3,1.233,0.8383217,0.38583,1,2,13,45,5,430000
"2020-01-02 13:45:10.67",10133,101590,13.03,12.07,86,50.2995,116,23.1593,1,10,0.8,-6.8,0.89,0.838325,0.3859883,1,2,13,45,9,990000
"2020-01-02 13:45:13.63",10134,101591,16.73,12.08,86,50.299,116,23.1642,1,10,0.8,-6.8,1.13,0.8383166,0.38607,1,2,13,45,12,950000
"2020-01-02 13:45:20.49",10135,101592,22.91,12.08,86,50.2993,116,23.1774,1,10,0.8,-6.1,1.534,0.8383217,0.38629,1,2,13,45,19,810000
"2020-01-02 13:45:27.41",10136,101593,34.75,12.08,86,50.2997,116,23.1877,1,10,0.8,-6,2.309,0.8383284,0.3864617,1,2,13,45,26,730000
