"TOA5","43467","CR800","43467","CR800.Std.32.02","CPU:AWI_V2.1_Katrin.CR8","5929","OperatorView"
"TIMESTAMP","RECORD","Counter","DepthCm","BattVolts","latitude_a","latitude_b","Longitude_a","Longitude_b","fix_quality","nmbr_satellites","HDOP","altitudeB","DepthVolts","LatitudeDDDDD","LongitudeDDDDD","month","dayofmonth","hourofday","minutes","seconds","microseconds"
"TS","RN","","","","degrees","minutes","degrees","minutes","unitless","","","","","","","","","","","",""
"","","Smp","Smp","Smp","Smp","Smp","Smp","Smp","Smp","Smp","Smp","Smp","Smp","Smp","Smp","Smp","Smp","Smp","Smp","Smp","Smp"
"2019-12-22 04:58:04.45",9786,100001,19.49,13.4,86,39.9845,112,36.8187,1,8,0.9,-8,1.253,0.6664084,0.613645,12,22,4,58,3,770000
"2019-12-22 04:58:33.83",9787,100002,0.054,13.39,86,39.984,112,36.825,1,9,0.8,-6.3,0.007,0.6664,0.61375,12,22,4,58,33,150000
"2019-12-22 04:58:39.71",9788,100003,120.3,13.39,86,39.984,112,36.827,1,9,0.8,-6.3,7.716,0.6664,0.6137833,12,22,4,58,39,30000
"2019-12-22 04:58:50.97",9789,100004,13.69,13.38,86,39.9833,112,36.8312,1,9,0.8,-6.6,0.882,0.6663883,0.6138533,12,22,4,58,50,290000
"2019-12-22 05:07:16.77",9790,100005,8.24,13.25,86,39.9786,112,36.8671,1,10,0.7,-8.1,0.532,0.66631,0.6144516,12,22,5,7,16,90000
"2019-12-22 05:07:21.5",9791,100006,9.49,13.25,86,39.9792,112,36.8638,1,10,0.7,-8,0.612,0.66632,0.6143967,12,22,5,7,20,820000
"2019-12-22 05:07:34.61",9792,100007,11.42,13.25,86,39.9792,112,36.8615,1,10,0.7,-7.7,0.736,0.66632,0.6143583,12,22,5,7,33,930000
"2019-12-22 05:47:45.11",9793,100008,10.06,12.98,86,39.9402,112,37.3343,1,10,0.7,1.4,0.649,0.66567,0.6222383,12,22,5,47,44,430000
"2019-12-22 05:49:34.75",9794,100009,10.01,12.95,86,39.9394,112,37.3505,1,10,0.7,0.6,0.645,0.6656567,0.6225083,12,22,5,49,34,70000
"2019-12-22 05:49:38.78",9795,100010,10.52,12.95,86,39.9399,112,37.3476,1,10,0.7,0.6,0.678,0.665665,0.62246,12,22,5,49,38,100000
"2019-12-22 05:49:42.18",9796,100011,8.24,12.95,86,39.9403,112,37.3447,1,10,0.8,0.5,0.532,0.6656716,0.6224117,12,22,5,49,41,500000
"2019-12-22 05:49:45.92",9797,100012,9.84,12.94,86,39.9411,112,37.3356,1,10,0.7,0.5,0.634,0.665685,0.62226,12,22,5,49,45,240000
"2019-12-22 05:49:49.55",9798,100013,9.61,12.95,86,39.9419,112,37.329,1,10,0.7,0.5,0.62,0.6656983,0.62215,12,22,5,49,48,870000
"2019-12-22 05:49:52.37",9799,100014,10.86,12.95,86,39.9425,112,37.3226,1,10,0.7,0.5,0.7,0.6657084,0.6220434,12,22,5,49,51,690000
"2019-12-22 05:49:55.15",9800,100015,10.69,12.94,86,39.943,112,37.3201,1,10,0.8,0.5,0.689,0.6657167,0.6220016,12,22,5,49,54,470000
"2019-12-22 05:49:57.74",9801,100016,11.09,12.94,86,39.9439,112,37.3121,1,10,0.7,0.4,0.715,0.6657317,0.6218683,12,22,5,49,57,60000
"2019-12-22 05:50:00.49",9802,100017,11.66,12.94,86,39.9447,112,37.3029,1,10,0.7,0.5,0.751,0.665745,0.621715,12,22,5,49,59,810000
"2019-12-22 05:50:03.26",9803,100018,10.86,12.94,86,39.9452,112,37.2999,1,10,0.7,0.4,0.7,0.6657534,0.621665,12,22,5,50,2,580000
"2019-12-22 05:50:06.13",9804,100019,14.04,12.93,86,39.946,112,37.2924,1,10,0.8,0.4,0.904,0.6657666,0.62154,12,22,5,50,5,450000
"2019-12-22 05:50:09.13",9805,100020,11.6,12.94,86,39.9467,112,37.2856,1,10,0.8,0.3,0.747,0.6657783,0.6214266,12,22,5,50,8,450000
"2019-12-22 05:50:12.09",9806,100021,2.101,12.93,86,39.9473,112,37.2805,1,10,0.8,0.2,0.139,0.6657884,0.6213416,12,22,5,50,11,410000
"2019-12-22 05:50:15.61",9807,100022,12.79,12.93,86,39.948,112,37.2736,1,10,0.7,0.3,0.824,0.6658,0.6212267,12,22,5,50,14,930000
"2019-12-22 05:50:18.44",9808,100023,13.02,12.93,86,39.9487,112,37.2676,1,10,0.7,0.3,0.839,0.6658116,0.6211267,12,22,5,50,17,760000
"2019-12-22 05:50:21.1",9809,100024,13.25,12.94,86,39.949,112,37.2645,1,10,0.8,0.2,0.853,0.6658167,0.621075,12,22,5,50,20,420000
"2019-12-22 05:50:23.96",9810,100025,8.36,12.93,86,39.9498,112,37.2571,1,10,0.8,0.3,0.54,0.66583,0.6209516,12,22,5,50,23,280000
"2019-12-22 05:50:26.5",9811,100026,9.84,12.93,86,39.9507,112,37.2477,1,10,0.7,0.3,0.634,0.665845,0.620795,12,22,5,50,25,820000
"2019-12-22 05:50:28.98",9812,100027,10.06,12.93,86,39.9511,112,37.2434,1,10,0.7,0.2,0.649,0.6658516,0.6207234,12,22,5,50,28,300000
"2019-12-22 05:50:31.45",9813,100028,16.09,12.93,86,39.9521,112,37.2341,1,10,0.7,0.4,1.035,0.6658684,0.6205683,12,22,5,50,30,770000
"2019-12-22 05:50:33.98",9814,100029,8.7,12.93,86,39.9526,112,37.2301,1,10,0.8,0.5,0.561,0.6658766,0.6205016,12,22,5,50,33,300000
"2019-12-22 05:50:36.61",9815,100030,9.27,12.93,86,39.9535,112,37.2233,1,10,0.8,0.4,0.598,0.6658916,0.6203883,12,22,5,50,35,930000
"2019-12-22 05:50:39.51",9816,100031,12.91,12.93,86,39.9544,112,37.216,1,10,0.7,0.5,0.831,0.6659067,0.6202667,12,22,5,50,38,830000
"2019-12-22 05:50:42.18",9817,100032,12.11,12.93,86,39.9548,112,37.2125,1,10,0.7,0.4,0.78,0.6659134,0.6202084,12,22,5,50,41,500000
"2019-12-22 05:50:45.64",9818,100033,21.1,12.93,86,39.9558,112,37.203,1,10,0.7,0.5,1.356,0.66593,0.62005,12,22,5,50,44,960000
"2019-12-22 05:50:48.48",9819,100034,13.02,12.93,86,39.9564,112,37.1975,1,10,0.7,0.4,0.839,0.66594,0.6199583,12,22,5,50,47,800000
"2019-12-22 05:50:51.06",9820,100035,9.84,12.93,86,39.957,112,37.1931,1,10,0.8,0.3,0.634,0.66595,0.619885,12,22,5,50,50,380000
"2019-12-22 05:50:53.6",9821,100036,17.46,12.93,86,39.958,112,37.184,1,10,0.7,0.4,1.123,0.6659667,0.6197333,12,22,5,50,52,920000
"2019-12-22 05:50:56.22",9822,100037,20.59,12.93,86,39.9584,112,37.1802,1,10,0.7,0.4,1.323,0.6659734,0.61967,12,22,5,50,55,540000
"2019-12-22 05:50:58.88",9823,100038,9.72,12.93,86,39.9593,112,37.174,1,10,0.8,0.3,0.627,0.6659883,0.6195667,12,22,5,50,58,200000
"2019-12-22 05:51:01.96",9824,100039,15.01,12.93,86,39.96,112,37.1698,1,10,0.8,0.2,0.966,0.666,0.6194966,12,22,5,51,1,280000
"2019-12-22 05:51:05.35",9825,100040,9.67,12.93,86,39.961,112,37.1625,1,10,0.7,0.2,0.623,0.6660166,0.619375,12,22,5,51,4,670000
"2019-12-22 05:51:33.41",9826,100041,9.95,12.92,86,39.9613,112,37.1621,1,10,0.7,0.1,0.642,0.6660216,0.6193684,12,22,5,51,32,730000
"2019-12-22 05:51:36.24",9827,100042,8.47,12.92,86,39.9616,112,37.1587,1,10,0.7,0.1,0.547,0.6660267,0.6193116,12,22,5,51,35,560000
"2019-12-22 05:51:39.25",9828,100043,10.29,12.92,86,39.9624,112,37.1505,1,10,0.7,0.1,0.664,0.66604,0.619175,12,22,5,51,38,570000
"2019-12-22 05:51:42.19",9829,100044,18.37,12.92,86,39.9634,112,37.1422,1,10,0.7,0.1,1.181,0.6660567,0.6190367,12,22,5,51,41,510000
"2019-12-22 05:51:46",9830,100045,17.23,12.92,86,39.9643,112,37.1348,1,10,0.7,0.2,1.108,0.6660716,0.6189134,12,22,5,51,45,320000
"2019-12-22 05:51:50.06",9831,100046,14.05,12.91,86,39.965,112,37.1287,1,10,0.7,0.2,0.904,0.6660833,0.6188117,12,22,5,51,49,380000
"2019-12-22 05:51:54.71",9832,100047,14.73,12.91,86,39.9657,112,37.1225,1,10,0.7,0.2,0.948,0.666095,0.6187084,12,22,5,51,54,30000
"2019-12-22 05:51:58.25",9833,100048,12.23,12.91,86,39.9664,112,37.1173,1,10,0.7,0.1,0.788,0.6661066,0.6186216,12,22,5,51,57,570000
"2019-12-22 05:52:01.65",9834,100049,17.57,12.91,86,39.9677,112,37.107,1,10,0.7,0,1.13,0.6661283,0.61845,12,22,5,52,0,970000
"2019-12-22 05:52:05.73",9835,100050,15.98,12.92,86,39.9686,112,37.0992,1,10,0.7,0.1,1.028,0.6661434,0.61832,12,22,5,52,5,50000
"2019-12-22 05:52:09.01",9836,100051,15.81,12.91,86,39.969,112,37.0962,1,10,0.7,0,1.017,0.66615,0.61827,12,22,5,52,8,330000
"2019-12-22 05:52:12.51",9837,100052,13.93,12.91,86,39.9699,112,37.0898,1,10,0.7,0.1,0.897,0.666165,0.6181634,12,22,5,52,11,830000
"2019-12-22 05:52:15.86",9838,100053,12.57,12.91,86,39.9706,112,37.0859,1,10,0.7,0.1,0.809,0.6661767,0.6180983,12,22,5,52,15,180000
"2019-12-22 05:52:18.84",9839,100054,10.75,12.91,86,39.9712,112,37.0819,1,10,0.7,-0.1,0.693,0.6661866,0.6180317,12,22,5,52,18,160000
"2019-12-22 05:52:22.35",9840,100055,11.43,12.91,86,39.9721,112,37.0747,1,10,0.7,0,0.736,0.6662016,0.6179116,12,22,5,52,21,670000
"2019-12-22 05:52:25.89",9841,100056,13.7,12.91,86,39.9729,112,37.0676,1,10,0.7,0,0.882,0.666215,0.6177933,12,22,5,52,25,210000
"2019-12-22 05:52:29.52",9842,100057,12.79,12.9,86,39.9739,112,37.0597,1,10,0.7,-0.1,0.824,0.6662317,0.6176616,12,22,5,52,28,840000
"2019-12-22 05:52:33.07",9843,100058,13.59,12.91,86,39.9746,112,37.0549,1,10,0.7,-0.1,0.875,0.6662434,0.6175817,12,22,5,52,32,390000
"2019-12-22 05:52:36.61",9844,100059,10.29,12.91,86,39.9755,112,37.0467,1,10,0.7,-0.1,0.664,0.6662583,0.617445,12,22,5,52,35,930000
"2019-12-22 05:52:39.52",9845,100060,9.61,12.9,86,39.9762,112,37.0404,1,10,0.7,0,0.62,0.66627,0.61734,12,22,5,52,38,840000
"2019-12-22 05:52:42.68",9846,100061,18.54,12.9,86,39.9768,112,37.0343,1,10,0.7,0.1,1.192,0.66628,0.6172384,12,22,5,52,42,0
"2019-12-22 05:52:45.53",9847,100062,12.23,12.91,86,39.9774,112,37.0284,1,10,0.7,0.1,0.788,0.66629,0.61714,12,22,5,52,44,850000
"2019-12-22 05:52:49.27",9848,100063,11.83,12.9,86,39.9781,112,37.0235,1,10,0.7,0.1,0.762,0.6663017,0.6170583,12,22,5,52,48,590000
"2019-12-22 05:52:52.39",9849,100064,12.11,12.9,86,39.9789,112,37.0171,1,10,0.7,0.1,0.78,0.666315,0.6169517,12,22,5,52,51,710000
"2019-12-22 05:52:55.89",9850,100065,17.34,12.9,86,39.9796,112,37.0104,1,10,0.7,0.3,1.116,0.6663266,0.61684,12,22,5,52,55,210000
"2019-12-22 05:52:59.02",9851,100066,16.61,12.9,86,39.9801,112,37.0057,1,10,0.7,0.3,1.068,0.666335,0.6167616,12,22,5,52,58,340000
"2019-12-22 05:53:02.26",9852,100067,15.18,12.9,86,39.9807,112,37.0009,1,10,0.7,0.2,0.977,0.666345,0.6166817,12,22,5,53,1,580000
"2019-12-22 05:53:05.79",9853,100068,34.81,12.9,86,39.9815,112,36.993,1,10,0.7,0.3,2.235,0.6663583,0.61655,12,22,5,53,5,110000
"2019-12-22 05:53:09.37",9854,100069,27.01,12.9,86,39.9821,112,36.9876,1,10,0.7,0.4,1.735,0.6663684,0.61646,12,22,5,53,8,690000
"2019-12-22 05:53:13",9855,100070,12.11,12.9,86,39.9824,112,36.9838,1,10,0.8,0.4,0.78,0.6663733,0.6163967,12,22,5,53,12,320000
"2019-12-22 05:53:16.3",9856,100071,14.05,12.9,86,39.983,112,36.9802,1,10,0.7,0.2,0.904,0.6663834,0.6163367,12,22,5,53,15,620000
"2019-12-22 05:53:20.24",9857,100072,21.44,12.9,86,39.9837,112,36.9747,1,10,0.7,0.4,1.378,0.666395,0.616245,12,22,5,53,19,560000
"2019-12-22 05:53:31.59",9858,100073,18.03,12.89,86,39.9827,112,36.9491,1,10,0.7,0.3,1.159,0.6663783,0.6158183,12,22,5,53,30,910000
"2019-12-22 05:53:55.44",9859,100074,15.13,12.89,86,39.982,112,36.9432,1,10,0.7,0.3,0.973,0.6663666,0.61572,12,22,5,53,54,760000
"2019-12-22 05:53:58.27",9860,100075,14.39,12.89,86,39.9818,112,36.9378,1,10,0.7,0.3,0.926,0.6663634,0.61563,12,22,5,53,57,590000
"2019-12-22 05:54:00.95",9861,100076,27.13,12.89,86,39.9812,112,36.9247,1,10,0.7,0.4,1.743,0.6663534,0.6154117,12,22,5,54,0,270000
"2019-12-22 05:54:03.47",9862,100077,24.4,12.89,86,39.9806,112,36.9136,1,10,0.7,0.3,1.568,0.6663433,0.6152267,12,22,5,54,2,790000
"2019-12-22 05:54:06",9863,100078,22.69,12.89,86,39.9803,112,36.9071,1,10,0.7,0.2,1.458,0.6663383,0.6151183,12,22,5,54,5,320000
"2019-12-22 05:54:08.19",9864,100079,15.87,12.89,86,39.9799,112,36.9004,1,10,0.7,0.2,1.021,0.6663316,0.6150066,12,22,5,54,7,510000
"2019-12-22 05:54:10.37",9865,100080,12.62,12.89,86,39.9793,112,36.8859,1,10,0.7,0.2,0.813,0.6663217,0.614765,12,22,5,54,9,690000
"2019-12-22 05:54:12.52",9866,100081,12.11,12.89,86,39.979,112,36.877,1,10,0.7,0.2,0.78,0.6663167,0.6146166,12,22,5,54,11,840000
"2019-12-22 05:54:15.85",9867,100082,12.74,12.89,86,39.9785,112,36.8677,1,10,0.7,0.3,0.82,0.6663084,0.6144617,12,22,5,54,15,170000
"2019-12-22 05:54:18.29",9868,100083,18.88,12.89,86,39.978,112,36.8617,1,10,0.7,0.4,1.214,0.6663,0.6143616,12,22,5,54,17,610000
"2019-12-22 05:54:20.58",9869,100084,16.49,12.89,86,39.9774,112,36.846,1,10,0.7,0.4,1.061,0.66629,0.6141,12,22,5,54,19,900000
"2019-12-22 05:54:23.1",9870,100085,15.07,12.89,86,39.977,112,36.8378,1,10,0.7,0.4,0.97,0.6662834,0.6139633,12,22,5,54,22,420000
"2019-12-22 05:54:25.49",9871,100086,11.88,12.88,86,39.9764,112,36.8233,1,10,0.7,0.4,0.766,0.6662733,0.6137217,12,22,5,54,24,810000
"2019-12-22 05:54:28.08",9872,100087,12.79,12.89,86,39.976,112,36.8151,1,10,0.7,0.4,0.824,0.6662667,0.613585,12,22,5,54,27,400000
"2019-12-22 05:54:30.3",9873,100088,12.79,12.89,86,39.9756,112,36.8077,1,10,0.7,0.5,0.824,0.66626,0.6134617,12,22,5,54,29,620000
"2019-12-22 05:54:32.61",9874,100089,14.39,12.89,86,39.9751,112,36.7936,1,10,0.7,0.5,0.926,0.6662517,0.6132266,12,22,5,54,31,930000
"2019-12-22 05:54:35.02",9875,100090,15.52,12.89,86,39.9747,112,36.7859,1,10,0.7,0.5,0.999,0.666245,0.6130983,12,22,5,54,34,340000
"2019-12-22 05:54:37.68",9876,100091,19.39,12.88,86,39.9741,112,36.7713,1,10,0.7,0.5,1.247,0.666235,0.612855,12,22,5,54,37,0
"2019-12-22 05:54:41.14",9877,100092,17.8,12.88,86,39.9736,112,36.7619,1,10,0.7,0.5,1.145,0.6662266,0.6126984,12,22,5,54,40,460000
"2019-12-22 05:54:43.82",9878,100093,17.46,12.88,86,39.9732,112,36.7531,1,10,0.7,0.5,1.123,0.66622,0.6125517,12,22,5,54,43,140000
"2019-12-22 05:54:46.32",9879,100094,18.82,12.88,86,39.9726,112,36.7432,1,10,0.7,0.6,1.21,0.66621,0.6123866,12,22,5,54,45,640000
"2019-12-22 05:54:48.81",9880,100095,20.3,12.88,86,39.9723,112,36.7344,1,10,0.7,0.6,1.305,0.666205,0.61224,12,22,5,54,48,130000
"2019-12-22 05:54:51.48",9881,100096,19.28,12.88,86,39.9717,112,36.7222,1,10,0.7,0.6,1.24,0.666195,0.6120366,12,22,5,54,50,800000
"2019-12-22 05:54:54.22",9882,100097,18.54,12.88,86,39.9715,112,36.7156,1,10,0.7,0.6,1.192,0.6661917,0.6119267,12,22,5,54,53,540000
"2019-12-22 05:54:56.96",9883,100098,18.31,12.88,86,39.971,112,36.7035,1,10,0.7,0.6,1.178,0.6661834,0.611725,12,22,5,54,56,280000
"2019-12-22 05:54:59.8",9884,100099,19.28,12.88,86,39.9704,112,36.6916,1,10,0.7,0.6,1.24,0.6661733,0.6115267,12,22,5,54,59,120000
"2019-12-22 05:55:02.4",9885,100100,19.28,12.88,86,39.9699,112,36.6803,1,10,0.7,0.6,1.24,0.666165,0.6113384,12,22,5,55,1,720000
"2019-12-22 05:55:04.93",9886,100101,15.35,12.88,86,39.9696,112,36.6733,1,10,0.7,0.6,0.988,0.66616,0.6112217,12,22,5,55,4,250000
"2019-12-22 05:55:07.52",9887,100102,12.05,12.88,86,39.9691,112,36.6594,1,10,0.7,0.6,0.777,0.6661517,0.61099,12,22,5,55,6,840000
"2019-12-22 05:55:10",9888,100103,10.29,12.88,86,39.9687,112,36.652,1,10,0.7,0.7,0.664,0.666145,0.6108667,12,22,5,55,9,320000
"2019-12-22 05:55:12.59",9889,100104,10.46,12.88,86,39.9681,112,36.6395,1,10,0.7,0.6,0.675,0.666135,0.6106584,12,22,5,55,11,910000
"2019-12-22 05:55:15.23",9890,100105,9.95,12.88,86,39.9678,112,36.6333,1,10,0.7,0.7,0.642,0.66613,0.610555,12,22,5,55,14,550000
"2019-12-22 05:55:18.06",9891,100106,10.97,12.88,86,39.9674,112,36.6201,1,10,0.7,0.8,0.707,0.6661233,0.610335,12,22,5,55,17,380000
"2019-12-22 05:55:50.22",9892,100107,12.23,12.87,86,39.9647,112,36.6323,1,10,0.7,0.9,0.788,0.6660783,0.6105384,12,22,5,55,49,540000
"2019-12-22 05:55:52.57",9893,100108,11.03,12.87,86,39.9644,112,36.638,1,10,0.7,0.9,0.711,0.6660734,0.6106333,12,22,5,55,51,890000
"2019-12-22 05:55:54.85",9894,100109,11.6,12.87,86,39.9638,112,36.6429,1,10,0.7,0.9,0.747,0.6660633,0.610715,12,22,5,55,54,170000
"2019-12-22 05:55:57.23",9895,100110,10.52,12.86,86,39.9632,112,36.6488,1,10,0.7,0.9,0.678,0.6660534,0.6108133,12,22,5,55,56,550000
"2019-12-22 05:55:59.55",9896,100111,11.88,12.86,86,39.9623,112,36.6591,1,10,0.7,1,0.766,0.6660383,0.610985,12,22,5,55,58,870000
"2019-12-22 05:56:08.68",9897,100112,11.88,12.86,86,39.9611,112,36.6695,1,10,0.7,1.2,0.766,0.6660184,0.6111583,12,22,5,56,8,0
"2019-12-22 05:56:19.59",9898,100113,10.29,12.86,86,39.9603,112,36.6758,1,10,0.7,1.3,0.664,0.666005,0.6112633,12,22,5,56,18,910000
"2019-12-22 05:56:22.64",9899,100114,9.84,12.86,86,39.9599,112,36.6791,1,10,0.7,1.3,0.634,0.6659983,0.6113184,12,22,5,56,21,960000
"2019-12-22 05:56:25.38",9900,100115,9.27,12.86,86,39.9591,112,36.6866,1,10,0.7,1.3,0.598,0.665985,0.6114434,12,22,5,56,24,700000
"2019-12-22 05:56:28.2",9901,100116,12.11,12.86,86,39.9587,112,36.6902,1,10,0.7,1.2,0.78,0.6659783,0.6115034,12,22,5,56,27,520000
"2019-12-22 05:56:30.95",9902,100117,14.5,12.86,86,39.9579,112,36.6985,1,10,0.7,1.2,0.933,0.665965,0.6116417,12,22,5,56,30,270000
"2019-12-22 05:56:33.94",9903,100118,18.54,12.86,86,39.957,112,36.7043,1,10,0.7,1.2,1.192,0.66595,0.6117383,12,22,5,56,33,260000
"2019-12-22 05:56:37.15",9904,100119,20.98,12.86,86,39.9564,112,36.7104,1,10,0.7,1.3,1.349,0.66594,0.61184,12,22,5,56,36,470000
"2019-12-22 05:56:40.05",9905,100120,18.82,12.85,86,39.9559,112,36.7161,1,10,0.7,1.3,1.21,0.6659316,0.611935,12,22,5,56,39,370000
"2019-12-22 05:56:43.22",9906,100121,16.55,12.86,86,39.9552,112,36.7215,1,10,0.7,1.2,1.065,0.66592,0.612025,12,22,5,56,42,540000
"2019-12-22 05:56:46.72",9907,100122,17,12.85,86,39.9541,112,36.7305,1,10,0.7,1.1,1.094,0.6659017,0.612175,12,22,5,56,46,40000
"2019-12-22 05:56:49.7",9908,100123,16.55,12.85,86,39.9534,112,36.7376,1,10,0.7,1.1,1.065,0.66589,0.6122933,12,22,5,56,49,20000
"2019-12-22 05:56:52.66",9909,100124,16.78,12.85,86,39.9526,112,36.7446,1,10,0.7,1,1.079,0.6658766,0.61241,12,22,5,56,51,980000
"2019-12-22 05:56:55.54",9910,100125,14.16,12.86,86,39.9519,112,36.7512,1,10,0.7,1.1,0.912,0.665865,0.61252,12,22,5,56,54,860000
"2019-12-22 05:56:58.69",9911,100126,15.81,12.85,86,39.9511,112,36.7589,1,10,0.7,1,1.017,0.6658516,0.6126483,12,22,5,56,58,10000
"2019-12-22 05:57:01.79",9912,100127,16.21,12.85,86,39.9505,112,36.7657,1,10,0.7,0.9,1.043,0.6658417,0.6127617,12,22,5,57,1,110000
"2019-12-22 05:57:04.55",9913,100128,12.11,12.85,86,39.95,112,36.7716,1,10,0.7,0.9,0.78,0.6658334,0.61286,12,22,5,57,3,870000
"2019-12-22 05:57:07.49",9914,100129,8.47,12.85,86,39.9493,112,36.7769,1,10,0.7,0.7,0.547,0.6658217,0.6129484,12,22,5,57,6,810000
"2019-12-22 05:57:10.36",9915,100130,9.38,12.85,86,39.9487,112,36.7822,1,10,0.7,0.6,0.605,0.6658116,0.6130367,12,22,5,57,9,680000
"2019-12-22 05:57:13.48",9916,100131,12.11,12.85,86,39.948,112,36.7886,1,10,0.7,0.6,0.78,0.6658,0.6131433,12,22,5,57,12,800000
"2019-12-22 05:57:16.37",9917,100132,10.75,12.85,86,39.9474,112,36.796,1,10,0.7,0.7,0.693,0.66579,0.6132667,12,22,5,57,15,690000
"2019-12-22 05:57:19.54",9918,100133,11.77,12.85,86,39.9468,112,36.8014,1,10,0.7,0.7,0.758,0.66578,0.6133566,12,22,5,57,18,860000
"2019-12-22 05:57:22.54",9919,100134,12.11,12.85,86,39.9462,112,36.8066,1,10,0.7,0.6,0.78,0.66577,0.6134433,12,22,5,57,21,860000
"2019-12-22 05:57:25.61",9920,100135,12.68,12.85,86,39.9454,112,36.8127,1,10,0.7,0.6,0.817,0.6657566,0.613545,12,22,5,57,24,930000
"2019-12-22 05:57:28.64",9921,100136,12,12.85,86,39.9448,112,36.8179,1,10,0.7,0.6,0.773,0.6657467,0.6136317,12,22,5,57,27,960000
"2019-12-22 05:57:31.61",9922,100137,15.47,12.85,86,39.944,112,36.8223,1,10,0.7,0.7,0.995,0.6657333,0.613705,12,22,5,57,30,930000
"2019-12-22 05:57:34.69",9923,100138,15.01,12.85,86,39.9434,112,36.827,1,10,0.7,0.8,0.966,0.6657234,0.6137833,12,22,5,57,34,10000
"2019-12-22 05:57:37.74",9924,100139,16.09,12.85,86,39.9428,112,36.8329,1,10,0.7,0.8,1.035,0.6657133,0.6138817,12,22,5,57,37,60000
"2019-12-22 05:57:40.82",9925,100140,14.9,12.84,86,39.9422,112,36.8382,1,10,0.7,0.8,0.959,0.6657034,0.61397,12,22,5,57,40,140000
"2019-12-22 05:57:44.17",9926,100141,17.69,12.85,86,39.9415,112,36.845,1,10,0.7,0.8,1.138,0.6656917,0.6140834,12,22,5,57,43,490000
"2019-12-22 05:58:26.03",9927,100142,14.67,12.84,86,39.9392,112,36.8672,1,10,0.7,0.8,0.944,0.6656534,0.6144533,12,22,5,58,25,350000
"2019-12-22 05:58:29.34",9928,100143,13.53,12.84,86,39.9387,112,36.8716,1,10,0.7,0.8,0.871,0.665645,0.6145267,12,22,5,58,28,660000
"2019-12-22 05:58:33.43",9929,100144,12.91,12.84,86,39.9381,112,36.8777,1,10,0.7,0.8,0.831,0.665635,0.6146284,12,22,5,58,32,750000
"2019-12-22 05:58:36.03",9930,100145,15.92,12.84,86,39.9377,112,36.8813,1,10,0.7,0.8,1.025,0.6656283,0.6146883,12,22,5,58,35,350000
"2019-12-22 05:58:38.51",9931,100146,16.09,12.84,86,39.9368,112,36.8888,1,10,0.7,0.7,1.036,0.6656133,0.6148134,12,22,5,58,37,830000
"2019-12-22 05:58:40.96",9932,100147,13.59,12.84,86,39.9363,112,36.8936,1,10,0.7,0.7,0.875,0.665605,0.6148933,12,22,5,58,40,280000
"2019-12-22 05:58:43.46",9933,100148,15.53,12.84,86,39.9354,112,36.9008,1,10,0.7,0.7,0.999,0.66559,0.6150133,12,22,5,58,42,780000
"2019-12-22 05:58:45.92",9934,100149,17.06,12.84,86,39.9349,112,36.9054,1,10,0.7,0.7,1.097,0.6655816,0.61509,12,22,5,58,45,240000
"2019-12-22 05:58:48.44",9935,100150,18.26,12.83,86,39.9339,112,36.9148,1,10,0.7,0.7,1.174,0.665565,0.6152466,12,22,5,58,47,760000
"2019-12-22 05:58:51.32",9936,100151,18.88,12.83,86,39.9329,112,36.9232,1,10,0.7,0.7,1.214,0.6655483,0.6153867,12,22,5,58,50,630000
"2019-12-22 05:58:53.74",9937,100152,18.71,12.84,86,39.9324,112,36.9269,1,10,0.7,0.6,1.203,0.66554,0.6154483,12,22,5,58,53,60000
"2019-12-22 05:58:56.28",9938,100153,18.77,12.84,86,39.9317,112,36.933,1,10,0.7,0.7,1.207,0.6655284,0.61555,12,22,5,58,55,600000
"2019-12-22 05:58:58.87",9939,100154,18.14,12.83,86,39.9309,112,36.9397,1,10,0.7,0.6,1.167,0.665515,0.6156617,12,22,5,58,58,190000
"2019-12-22 05:59:01.66",9940,100155,18.31,12.83,86,39.9302,112,36.9474,1,10,0.7,0.6,1.178,0.6655033,0.61579,12,22,5,59,0,980000
"2019-12-22 05:59:04.66",9941,100156,19.9,12.83,86,39.9294,112,36.9529,1,10,0.7,0.6,1.28,0.66549,0.6158817,12,22,5,59,3,980000
"2019-12-22 05:59:07.21",9942,100157,21.1,12.83,86,39.9291,112,36.9568,1,10,0.7,0.6,1.356,0.665485,0.6159466,12,22,5,59,6,530000
"2019-12-22 05:59:10.26",9943,100158,25.42,12.83,86,39.9284,112,36.9628,1,10,0.7,0.5,1.633,0.6654733,0.6160467,12,22,5,59,9,580000
"2019-12-22 05:59:14.45",9944,100159,21.1,12.83,86,39.9273,112,36.9723,1,10,0.7,0.5,1.356,0.665455,0.616205,12,22,5,59,13,770000
"2019-12-22 05:59:18.62",9945,100160,2.955,12.83,86,39.9266,112,36.978,1,10,0.7,0.1,0.193,0.6654434,0.6163,12,22,5,59,17,940000
"2019-12-22 05:59:22.14",9946,100161,19.05,12.83,86,39.9261,112,36.9836,1,10,0.7,0.2,1.225,0.665435,0.6163933,12,22,5,59,21,460000
"2019-12-22 05:59:25.68",9947,100162,20.76,12.83,86,39.9251,112,36.9922,1,10,0.7,0.3,1.334,0.6654183,0.6165367,12,22,5,59,25,0
"2019-12-22 05:59:31.91",9948,100163,21.9,12.83,86,39.9245,112,36.9962,1,10,0.7,0.4,1.407,0.6654083,0.6166033,12,22,5,59,31,230000
"2019-12-22 05:59:34.98",9949,100164,18.71,12.83,86,39.9237,112,37.0034,1,10,0.7,0.4,1.203,0.665395,0.6167233,12,22,5,59,34,300000
"2019-12-22 05:59:38.2",9950,100165,13.48,12.83,86,39.9229,112,37.0106,1,10,0.7,0.5,0.868,0.6653817,0.6168434,12,22,5,59,37,520000
"2019-12-22 05:59:41.03",9951,100166,22.58,12.83,86,39.9221,112,37.0185,1,10,0.7,0.5,1.451,0.6653683,0.616975,12,22,5,59,40,350000
"2019-12-22 05:59:44.03",9952,100167,18.31,12.83,86,39.9214,112,37.025,1,10,0.7,0.5,1.178,0.6653566,0.6170834,12,22,5,59,43,350000
"2019-12-22 05:59:47.03",9953,100168,13.71,12.82,86,39.9207,112,37.0308,1,10,0.7,0.4,0.882,0.665345,0.61718,12,22,5,59,46,350000
"2019-12-22 05:59:49.84",9954,100169,13.59,12.82,86,39.92,112,37.0379,1,10,0.7,0.3,0.875,0.6653333,0.6172983,12,22,5,59,49,160000
"2019-12-22 05:59:52.93",9955,100170,10.01,12.83,86,39.9192,112,37.0453,1,10,0.7,0.3,0.645,0.66532,0.6174217,12,22,5,59,52,250000
"2019-12-22 05:59:56.4",9956,100171,12.23,12.82,86,39.9183,112,37.0526,1,10,0.7,0.3,0.788,0.665305,0.6175433,12,22,5,59,55,720000
"2019-12-22 06:00:00.34",9957,100172,12,12.82,86,39.9177,112,37.0576,1,10,0.7,0.3,0.773,0.665295,0.6176266,12,22,5,59,59,660000
"2019-12-22 06:00:05.55",9958,100173,10.75,12.82,86,39.917,112,37.0645,1,10,0.7,0.3,0.693,0.6652833,0.6177416,12,22,6,0,4,870000
"2019-12-22 06:00:09.13",9959,100174,9.84,12.82,86,39.9163,112,37.0704,1,10,0.7,0.3,0.634,0.6652717,0.61784,12,22,6,0,8,450000
"2019-12-22 06:00:13.5",9960,100175,9.72,12.82,86,39.9156,112,37.0784,1,10,0.7,0.3,0.627,0.66526,0.6179733,12,22,6,0,12,820000
"2019-12-22 06:00:17",9961,100176,10.07,12.82,86,39.9149,112,37.0851,1,10,0.7,0.2,0.649,0.6652483,0.618085,12,22,6,0,16,320000
"2019-12-22 06:00:20.51",9962,100177,14.79,12.82,86,39.9141,112,37.0932,1,10,0.7,0.2,0.952,0.665235,0.61822,12,22,6,0,19,830000
"2019-12-22 06:00:24.7",9963,100178,13.48,12.82,86,39.9133,112,37.1013,1,10,0.7,0.2,0.868,0.6652216,0.618355,12,22,6,0,24,20000
"2019-12-22 06:00:27.71",9964,100179,12.8,12.82,86,39.9128,112,37.1039,1,10,0.7,0.3,0.824,0.6652134,0.6183984,12,22,6,0,27,30000
"2019-12-22 06:00:52.68",9965,100180,14.62,12.82,86,39.9114,112,37.0892,1,10,0.8,0.2,0.941,0.66519,0.6181533,12,22,6,0,52,0
"2019-12-22 06:00:56.11",9966,100181,16.44,12.82,86,39.911,112,37.0815,1,10,0.7,0.2,1.057,0.6651833,0.618025,12,22,6,0,55,430000
"2019-12-22 06:00:58.86",9967,100182,14.39,12.82,86,39.9105,112,37.0694,1,10,0.7,0.3,0.926,0.665175,0.6178234,12,22,6,0,58,180000
"2019-12-22 06:01:02.03",9968,100183,23.95,12.81,86,39.91,112,37.0551,1,10,0.7,0.4,1.539,0.6651667,0.617585,12,22,6,1,1,350000
"2019-12-22 06:01:06.62",9969,100184,19.39,12.81,86,39.9093,112,37.038,1,10,0.7,0.5,1.247,0.665155,0.6173,12,22,6,1,5,940000
"2019-12-22 06:01:10.37",9970,100185,18.83,12.81,86,39.9088,112,37.0268,1,10,0.7,0.4,1.211,0.6651466,0.6171133,12,22,6,1,9,690000
"2019-12-22 06:01:13.37",9971,100186,17.46,12.81,86,39.9084,112,37.017,1,10,0.7,0.4,1.123,0.66514,0.61695,12,22,6,1,12,690000
"2019-12-22 06:01:16.88",9972,100187,18.71,12.81,86,39.908,112,37.0057,1,10,0.7,0.5,1.203,0.6651334,0.6167616,12,22,6,1,16,200000
"2019-12-22 06:01:20.39",9973,100188,19.05,12.81,86,39.9076,112,36.9956,1,10,0.7,0.5,1.225,0.6651267,0.6165934,12,22,6,1,19,710000
"2019-12-22 06:01:23.17",9974,100189,17.57,12.81,86,39.9074,112,36.9877,1,10,0.7,0.5,1.13,0.6651233,0.6164617,12,22,6,1,22,490000
"2019-12-22 06:01:25.8",9975,100190,17.23,12.81,86,39.9067,112,36.9767,1,10,0.7,0.5,1.109,0.6651117,0.6162784,12,22,6,1,25,120000
"2019-12-22 06:01:28.35",9976,100191,16.83,12.81,86,39.9062,112,36.9628,1,10,0.7,0.4,1.083,0.6651033,0.6160467,12,22,6,1,27,670000
"2019-12-22 06:01:30.94",9977,100192,14.84,12.81,86,39.9059,112,36.9548,1,10,0.7,0.4,0.955,0.6650983,0.6159133,12,22,6,1,30,260000
"2019-12-22 06:01:33.62",9978,100193,11.89,12.8,86,39.9054,112,36.9422,1,10,0.7,0.3,0.766,0.66509,0.6157034,12,22,6,1,32,940000
"2019-12-22 06:01:36.33",9979,100194,10.92,12.81,86,39.9048,112,36.9308,1,10,0.7,0.4,0.704,0.66508,0.6155134,12,22,6,1,35,650000
"2019-12-22 06:01:39.03",9980,100195,10.29,12.81,86,39.9046,112,36.9233,1,10,0.7,0.3,0.664,0.6650766,0.6153883,12,22,6,1,38,350000
"2019-12-22 06:01:41.73",9981,100196,11.09,12.8,86,39.904,112,36.9081,1,10,0.7,0.3,0.715,0.6650666,0.615135,12,22,6,1,41,50000
"2019-12-22 06:01:44.49",9982,100197,11.32,12.81,86,39.9034,112,36.895,1,10,0.7,0.2,0.729,0.6650566,0.6149167,12,22,6,1,43,810000
"2019-12-22 06:01:47.33",9983,100198,10.63,12.8,86,39.9028,112,36.8834,1,10,0.7,0.3,0.686,0.6650467,0.6147233,12,22,6,1,46,650000
"2019-12-22 06:01:50.33",9984,100199,17.23,12.8,86,39.9023,112,36.8703,1,10,0.7,0.3,1.109,0.6650384,0.614505,12,22,6,1,49,650000
"2019-12-22 06:01:53.52",9985,100200,12.34,12.8,86,39.9018,112,36.8609,1,10,0.7,0.3,0.795,0.66503,0.6143484,12,22,6,1,52,840000
"2019-12-22 06:01:56.58",9986,100201,16.78,12.8,86,39.9015,112,36.8511,1,10,0.7,0.3,1.079,0.665025,0.614185,12,22,6,1,55,900000
"2019-12-22 06:01:59.73",9987,100202,11.66,12.8,86,39.9009,112,36.8406,1,10,0.7,0.1,0.751,0.665015,0.61401,12,22,6,1,59,50000
"2019-12-22 06:02:03.06",9988,100203,10.58,12.8,86,39.9005,112,36.8305,1,10,0.7,0.1,0.682,0.6650084,0.6138417,12,22,6,2,2,380000
"2019-12-22 06:02:06.35",9989,100204,10.18,12.8,86,39.8999,112,36.8149,1,10,0.7,0.1,0.656,0.6649983,0.6135816,12,22,6,2,5,670000
"2019-12-22 06:02:09.64",9990,100205,13.93,12.8,86,39.8994,112,36.8026,1,10,0.7,0.1,0.897,0.66499,0.6133767,12,22,6,2,8,960000
"2019-12-22 06:02:12.93",9991,100206,14.33,12.8,86,39.8989,112,36.7939,1,10,0.7,0.1,0.923,0.6649817,0.6132316,12,22,6,2,12,250000
"2019-12-22 06:02:16.28",9992,100207,15.64,12.8,86,39.8984,112,36.7799,1,10,0.7,0.1,1.006,0.6649733,0.6129983,12,22,6,2,15,600000
"2019-12-22 06:02:19.56",9993,100208,19.22,12.8,86,39.898,112,36.7702,1,10,0.7,0,1.236,0.6649666,0.6128366,12,22,6,2,18,880000
"2019-12-22 06:02:23.22",9994,100209,20.36,12.8,86,39.8976,112,36.7599,1,10,0.7,0,1.309,0.66496,0.612665,12,22,6,2,22,540000
"2019-12-22 06:02:26.67",9995,100210,17.92,12.8,86,39.897,112,36.7454,1,10,0.7,0,1.152,0.66495,0.6124233,12,22,6,2,25,990000
"2019-12-22 06:02:31.14",9996,100211,16.21,12.8,86,39.8965,112,36.7334,1,10,0.7,0.2,1.043,0.6649417,0.6122233,12,22,6,2,30,460000
"2019-12-22 06:02:40.13",9997,100212,25.82,12.8,86,39.8968,112,36.7246,1,10,0.7,0.1,1.659,0.6649467,0.6120767,12,22,6,2,39,450000
"2019-12-22 06:02:44.81",9998,100213,18.94,12.79,86,39.8976,112,36.7225,1,10,0.7,0.1,1.218,0.66496,0.6120416,12,22,6,2,44,130000
"2019-12-22 06:03:03.76",9999,100214,20.08,12.79,86,39.8978,112,36.7233,1,10,0.7,0.1,1.291,0.6649634,0.612055,12,22,6,3,3,80000
"2019-12-22 06:03:06.49",10000,100215,18.03,12.79,86,39.8985,112,36.7169,1,10,0.7,0,1.16,0.664975,0.6119483,12,22,6,3,5,810000
"2019-12-22 06:03:09.34",10001,100216,18.26,12.79,86,39.8992,112,36.7092,1,10,0.7,0.2,1.174,0.6649867,0.61182,12,22,6,3,8,660000
"2019-12-22 06:03:12.29",10002,100217,10.86,12.79,86,39.8995,112,36.7061,1,10,0.8,0.1,0.7,0.6649917,0.6117684,12,22,6,3,11,610000
"2019-12-22 06:03:16.15",10003,100218,14.9,12.79,86,39.9004,112,36.6974,1,10,0.7,0.1,0.959,0.6650066,0.6116234,12,22,6,3,15,470000
"2019-12-22 06:03:18.79",10004,100219,16.21,12.79,86,39.9009,112,36.6942,1,10,0.7,0.1,1.043,0.665015,0.61157,12,22,6,3,18,110000
"2019-12-22 06:03:22.19",10005,100220,18.03,12.79,86,39.9014,112,36.6879,1,10,0.7,0.1,1.16,0.6650234,0.611465,12,22,6,3,21,510000
"2019-12-22 06:03:24.81",10006,100221,16.55,12.79,86,39.902,112,36.6842,1,10,0.8,0.1,1.065,0.6650334,0.6114034,12,22,6,3,24,130000
"2019-12-22 06:03:27.74",10007,100222,13.71,12.79,86,39.9027,112,36.6753,1,10,0.7,0.1,0.882,0.665045,0.611255,12,22,6,3,27,60000
"2019-12-22 06:03:30.9",10008,100223,14.39,12.79,86,39.9032,112,36.6693,1,10,0.7,0,0.926,0.6650533,0.611155,12,22,6,3,30,220000
"2019-12-22 06:03:33.8",10009,100224,10.86,12.79,86,39.9039,112,36.6629,1,10,0.7,0,0.7,0.665065,0.6110484,12,22,6,3,33,120000
"2019-12-22 06:03:36.72",10010,100225,9.72,12.79,86,39.9046,112,36.6549,1,10,0.7,0,0.627,0.6650766,0.610915,12,22,6,3,36,40000
"2019-12-22 06:03:39.7",10011,100226,11.43,12.79,86,39.9053,112,36.6471,1,10,0.7,-0.1,0.737,0.6650884,0.610785,12,22,6,3,39,20000
"2019-12-22 06:03:42.48",10012,100227,10.29,12.78,86,39.906,112,36.639,1,10,0.7,0,0.664,0.6651,0.61065,12,22,6,3,41,800000
"2019-12-22 06:03:45.12",10013,100228,10.07,12.79,86,39.9063,112,36.6345,1,10,0.7,0,0.649,0.665105,0.610575,12,22,6,3,44,440000
"2019-12-22 06:03:47.7",10014,100229,11.54,12.79,86,39.907,112,36.6275,1,10,0.8,0.1,0.744,0.6651167,0.6104583,12,22,6,3,47,20000
"2019-12-22 06:03:50.24",10015,100230,16.1,12.78,86,39.9074,112,36.6221,1,10,0.7,0.1,1.036,0.6651233,0.6103684,12,22,6,3,49,560000
"2019-12-22 06:03:52.99",10016,100231,20.19,12.78,86,39.908,112,36.6162,1,10,0.7,0.1,1.298,0.6651334,0.61027,12,22,6,3,52,310000
"2019-12-22 06:03:56.01",10017,100232,13.82,12.78,86,39.9086,112,36.6114,1,10,0.8,0,0.89,0.6651433,0.61019,12,22,6,3,55,330000
"2019-12-22 06:03:59.24",10018,100233,25.31,12.78,86,39.9091,112,36.6062,1,10,0.8,-0.1,1.626,0.6651516,0.6101034,12,22,6,3,58,560000
"2019-12-22 06:04:02.56",10019,100234,2.443,12.78,86,39.9097,112,36.6004,1,10,0.7,-0.2,0.16,0.6651617,0.6100066,12,22,6,4,1,880000
"2019-12-22 06:04:07.45",10020,100235,16.04,12.79,86,39.9107,112,36.5878,1,10,0.7,0,1.032,0.6651784,0.6097966,12,22,6,4,6,770000
"2019-12-22 06:04:13.87",10021,100236,17.69,12.78,86,39.9116,112,36.5732,1,10,0.7,0.1,1.138,0.6651933,0.6095533,12,22,6,4,13,190000
"2019-12-22 06:04:16.91",10022,100237,16.55,12.78,86,39.912,112,36.5699,1,10,0.8,0,1.065,0.6652,0.6094983,12,22,6,4,16,230000
"2019-12-22 06:04:19.45",10023,100238,15.53,12.78,86,39.9127,112,36.5597,1,10,0.7,0,0.999,0.6652117,0.6093283,12,22,6,4,18,770000
"2019-12-22 06:04:21.93",10024,100239,13.02,12.78,86,39.9132,112,36.5545,1,10,0.7,0,0.839,0.66522,0.6092417,12,22,6,4,21,250000
"2019-12-22 06:04:24.39",10025,100240,11.2,12.78,86,39.914,112,36.5456,1,10,0.7,0.1,0.722,0.6652334,0.6090934,12,22,6,4,23,710000
"2019-12-22 06:04:26.93",10026,100241,9.72,12.78,86,39.9145,112,36.5414,1,10,0.7,0,0.627,0.6652416,0.6090233,12,22,6,4,26,250000
"2019-12-22 06:04:29.52",10027,100242,12.17,12.78,86,39.9152,112,36.5335,1,10,0.8,0,0.784,0.6652534,0.6088917,12,22,6,4,28,840000
"2019-12-22 06:04:32.09",10028,100243,18.43,12.78,86,39.9156,112,36.5285,1,10,0.7,0,1.185,0.66526,0.6088083,12,22,6,4,31,410000
"2019-12-22 06:04:35.42",10029,100244,17.57,12.78,86,39.9167,112,36.5179,1,10,0.7,0,1.13,0.6652783,0.6086317,12,22,6,4,34,740000
"2019-12-22 06:04:59.17",10030,100245,16.66,12.78,86,39.9183,112,36.4881,1,10,0.7,0,1.072,0.665305,0.608135,12,22,6,4,58,490000
"2019-12-22 06:05:03.65",10031,100246,19.51,12.77,86,39.9192,112,36.4727,1,10,0.7,0,1.254,0.66532,0.6078783,12,22,6,5,2,970000
"2019-12-22 06:05:06.95",10032,100247,17.23,12.77,86,39.9196,112,36.4688,1,10,0.7,0,1.109,0.6653267,0.6078133,12,22,6,5,6,270000
"2019-12-22 06:05:09.68",10033,100248,14.16,12.77,86,39.9203,112,36.4581,1,10,0.7,0,0.912,0.6653383,0.607635,12,22,6,5,9,0
"2019-12-22 06:05:12.22",10034,100249,14.28,12.77,86,39.9206,112,36.451,1,10,0.7,-0.1,0.919,0.6653434,0.6075166,12,22,6,5,11,540000
"2019-12-22 06:05:14.74",10035,100250,17.12,12.77,86,39.9214,112,36.4388,1,10,0.7,-0.1,1.101,0.6653566,0.6073133,12,22,6,5,14,60000
"2019-12-22 06:05:17.18",10036,100251,17.23,12.77,86,39.9217,112,36.4316,1,10,0.7,-0.1,1.109,0.6653616,0.6071933,12,22,6,5,16,500000
"2019-12-22 06:05:19.72",10037,100252,14.5,12.77,86,39.9223,112,36.4204,1,10,0.7,-0.1,0.934,0.6653716,0.6070067,12,22,6,5,19,40000
"2019-12-22 06:05:22.59",10038,100253,16.1,12.77,86,39.9228,112,36.4112,1,10,0.7,-0.2,1.036,0.66538,0.6068534,12,22,6,5,21,910000
"2019-12-22 06:05:25.13",10039,100254,17.52,12.77,86,39.9231,112,36.4057,1,10,0.8,-0.2,1.127,0.665385,0.6067617,12,22,6,5,24,450000
"2019-12-22 06:05:27.7",10040,100255,17.46,12.77,86,39.9238,112,36.3945,1,10,0.7,-0.2,1.123,0.6653967,0.606575,12,22,6,5,27,20000
"2019-12-22 06:05:30.91",10041,100256,20.65,12.77,86,39.9243,112,36.3842,1,10,0.7,-0.1,1.327,0.665405,0.6064034,12,22,6,5,30,230000
"2019-12-22 06:05:33.74",10042,100257,25.2,12.77,86,39.9247,112,36.3749,1,10,0.7,-0.1,1.619,0.6654117,0.6062483,12,22,6,5,33,60000
"2019-12-22 06:05:37.24",10043,100258,15.98,12.77,86,39.9252,112,36.3655,1,10,0.7,-0.1,1.028,0.66542,0.6060917,12,22,6,5,36,560000
"2019-12-22 06:05:40.1",10044,100259,13.37,12.77,86,39.9255,112,36.3596,1,10,0.7,-0.2,0.861,0.665425,0.6059933,12,22,6,5,39,420000
"2019-12-22 06:05:43.19",10045,100260,16.49,12.77,86,39.9261,112,36.351,1,10,0.7,-0.2,1.061,0.665435,0.60585,12,22,6,5,42,510000
"2019-12-22 06:05:46.38",10046,100261,15.64,12.77,86,39.9267,112,36.3378,1,10,0.7,-0.1,1.006,0.665445,0.60563,12,22,6,5,45,700000
"2019-12-22 06:05:49.48",10047,100262,18.83,12.77,86,39.9272,112,36.3296,1,10,0.7,-0.2,1.211,0.6654533,0.6054934,12,22,6,5,48,800000
"2019-12-22 06:05:52.62",10048,100263,20.19,12.77,86,39.9277,112,36.3218,1,10,0.7,-0.2,1.298,0.6654616,0.6053633,12,22,6,5,51,940000
"2019-12-22 06:05:55.43",10049,100264,20.08,12.77,86,39.9281,112,36.3141,1,10,0.7,-0.2,1.291,0.6654683,0.605235,12,22,6,5,54,750000
"2019-12-22 06:05:58.58",10050,100265,18.14,12.77,86,39.9286,112,36.3046,1,10,0.7,-0.2,1.167,0.6654767,0.6050767,12,22,6,5,57,900000
"2019-12-22 06:06:01.54",10051,100266,17.01,12.77,86,39.9291,112,36.297,1,10,0.7,-0.2,1.094,0.665485,0.60495,12,22,6,6,0,860000
"2019-12-22 06:06:04.39",10052,100267,16.95,12.77,86,39.9294,112,36.288,1,10,0.7,-0.2,1.09,0.66549,0.6048,12,22,6,6,3,710000
"2019-12-22 06:06:07.15",10053,100268,17.86,12.76,86,39.9297,112,36.2833,1,10,0.8,-0.3,1.149,0.665495,0.6047217,12,22,6,6,6,470000
"2019-12-22 06:06:10.56",10054,100269,15.98,12.77,86,39.9304,112,36.2696,1,10,0.7,-0.3,1.028,0.6655067,0.6044933,12,22,6,6,9,880000
"2019-12-22 06:06:13.64",10055,100270,15.19,12.76,86,39.9307,112,36.2624,1,10,0.7,-0.3,0.977,0.6655117,0.6043733,12,22,6,6,12,960000
"2019-12-22 06:06:16.76",10056,100271,15.53,12.76,86,39.9312,112,36.2555,1,10,0.7,-0.4,0.999,0.66552,0.6042584,12,22,6,6,16,80000
"2019-12-22 06:06:19.68",10057,100272,15.98,12.76,86,39.9316,112,36.2483,1,10,0.7,-0.4,1.028,0.6655266,0.6041383,12,22,6,6,19,0
"2019-12-22 06:06:22.63",10058,100273,16.78,12.76,86,39.932,112,36.2394,1,10,0.7,-0.4,1.079,0.6655333,0.60399,12,22,6,6,21,950000
"2019-12-22 06:06:25.69",10059,100274,14.05,12.76,86,39.9324,112,36.2315,1,10,0.7,-0.5,0.904,0.66554,0.6038583,12,22,6,6,25,10000
"2019-12-22 06:06:29.04",10060,100275,23.61,12.76,86,39.9328,112,36.2224,1,10,0.7,-0.5,1.517,0.6655466,0.6037066,12,22,6,6,28,360000
"2019-12-22 06:06:32.16",10061,100276,27.36,12.76,86,39.9333,112,36.2136,1,10,0.7,-0.5,1.758,0.665555,0.60356,12,22,6,6,31,480000
"2019-12-22 06:06:36.06",10062,100277,25.54,12.76,86,39.9338,112,36.2014,1,10,0.7,-0.4,1.641,0.6655634,0.6033566,12,22,6,6,35,380000
"2019-12-22 06:06:39.39",10063,100278,16.21,12.76,86,39.9341,112,36.1944,1,10,0.7,-0.4,1.043,0.6655684,0.60324,12,22,6,6,38,710000
"2019-12-22 06:11:05.46",10064,100279,8.47,12.72,86,39.9193,112,37.5857,1,10,0.7,-1,0.547,0.6653216,0.6264284,12,22,6,11,4,780000
