"TOA5","35279","CR800","35279","CR800.Std.27.04","CPU:AWI_V2.1_Anja.CR8","15615","OperatorView"
"TIMESTAMP","RECORD","Counter","DepthCm","BattVolts","latitude_a","latitude_b","Longitude_a","Longitude_b","fix_quality","nmbr_satellites","HDOP","altitudeB","DepthVolts","LatitudeDDDDD","LongitudeDDDDD","month","dayofmonth","hourofday","minutes","seconds","microseconds"
"TS","RN","","","","degrees","minutes","degrees","minutes","unitless","","","","","","","","","","","",""
"","","Smp","Smp","Smp","Smp","Smp","Smp","Smp","Smp","Smp","Smp","Smp","Smp","Smp","Smp","Smp","Smp","Smp","Smp","Smp","Smp"
"2020-01-15 12:12:21.52",13506,100001,119.9,13.62,87,29.032,102,52.1672,1,7.000,1,-4.4,7.880,0.4838667,0.8694533,1,15,12,12,56,160000
"2020-01-15 12:12:59.49",13507,100002,119.9,13.62,87,29.0322,102,52.1612,1,7.000,1,-3.8,7.880,0.48387,0.8693534,1,15,12,12,58,810000
"2020-01-15 12:13:00.78",13508,100003,119.9,13.62,87,29.0323,102,52.1607,1,7.000,1,-3,7.876,0.4838717,0.869345,1,15,12,13,0,100000
"2020-01-15 12:23:49.9",13509,100004,15.84,13.22,87,29.0658,102,51.4156,1,11,0.8,-3.7,1.072,0.48443,0.8569266,1,15,12,23,49,220000
"2020-01-15 12:23:53.45",13510,100005,13.82,13.22,87,29.0663,102,51.4304,1,11,0.7,-4,0.94,0.4844383,0.8571734,1,15,12,23,52,770000
"2020-01-15 12:23:55.86",13511,100006,13.26,13.23,87,29.0666,102,51.4437,1,11,0.7,-4.3,0.90,0.4844433,0.857395,1,15,12,23,55,180000
"2020-01-15 12:23:57.91",13512,100007,11.57,13.22,87,29.0667,102,51.4535,1,11,0.7,-4.5,0.79,0.484445,0.8575583,1,15,12,23,57,220000
"2020-01-15 12:23:59.67",13513,100008,13.7,13.22,87,29.0668,102,51.4599,1,11,0.7,-4.5,0.93,0.4844466,0.857665,1,15,12,23,58,980000
"2020-01-15 12:24:01.52",13514,100009,13.82,13.22,87,29.067,102,51.4745,1,11,0.7,-4.6,0.94,0.48445,0.8579083,1,15,12,24,0,830000
"2020-01-15 12:24:03.28",13515,100010,15.95,13.22,87,29.0672,102,51.4882,1,11,0.7,-4.6,1.079,0.4844533,0.8581367,1,15,12,24,2,600000
"2020-01-15 12:24:05.09",13516,100011,16.29,13.22,87,29.0674,102,51.4984,1,11,0.7,-4.7,1.101,0.4844566,0.8583067,1,15,12,24,4,410000
"2020-01-15 12:24:06.91",13517,100012,17.52,13.22,87,29.0676,102,51.5104,1,11,0.7,-4.8,1.182,0.48446,0.8585066,1,15,12,24,6,230000
"2020-01-15 12:24:08.65",13518,100013,14.6,13.22,87,29.0676,102,51.5246,1,11,0.7,-5.1,0.99,0.48446,0.8587434,1,15,12,24,7.000,970000
"2020-01-15 12:24:10.29",13519,100014,15.72,13.22,87,29.0676,102,51.5336,1,11,0.7,-5.1,1.064,0.48446,0.8588934,1,15,12,24,9,610000
"2020-01-15 12:24:11.94",13520,100015,13.03,13.22,87,29.0677,102,51.5496,1,11,0.7,-5.1,0.89,0.4844617,0.85916,1,15,12,24,11,260000
"2020-01-15 12:24:13.63",13521,100016,15.56,13.21,87,29.0676,102,51.5634,1,11,0.7,-5.2,1.053,0.48446,0.85939,1,15,12,24,12,950000
"2020-01-15 12:24:15.35",13522,100017,16.85,13.21,87,29.0676,102,51.5693,1,11,0.7,-5.3,1.138,0.48446,0.8594884,1,15,12,24,14,670000
"2020-01-15 12:24:17.14",13523,100018,17.07,13.22,87,29.0678,102,51.5843,1,11,0.7,-4.9,1.153,0.4844633,0.8597383,1,15,12,24,16,460000
"2020-01-15 12:24:19.04",13524,100019,16.62,13.22,87,29.068,102,51.5979,1,11,0.7,-4.8,1.123,0.4844667,0.859965,1,15,12,24,18,360000
"2020-01-15 12:24:20.8",13525,100020,17.41,13.21,87,29.0681,102,51.6129,1,11,0.7,-4.9,1.175,0.4844684,0.860215,1,15,12,24,20,120000
"2020-01-15 12:24:22.59",13526,100021,17.18,13.21,87,29.0681,102,51.62,1,11,0.7,-5,1.16,0.4844684,0.8603334,1,15,12,24,21,910000
"2020-01-15 12:24:24.48",13527,100022,17.52,13.21,87,29.068,102,51.632,1,11,0.7,-4.9,1.182,0.4844667,0.8605334,1,15,12,24,23,800000
"2020-01-15 12:24:26.34",13528,100023,16.51,13.21,87,29.068,102,51.6504,1,11,0.7,-4.6,1.116,0.4844667,0.86084,1,15,12,24,25,660000
"2020-01-15 12:24:28.05",13529,100024,14.71,13.21,87,29.0679,102,51.6647,1,11,0.7,-4.4,1.00,0.484465,0.8610783,1,15,12,24,27,370000
"2020-01-15 12:24:29.51",13530,100025,14.27,13.21,87,29.0679,102,51.6716,1,11,0.7,-4.5,0.97,0.484465,0.8611934,1,15,12,24,28,830000
"2020-01-15 12:24:30.89",13531,100026,14.15,13.21,87,29.0679,102,51.6903,1,11,0.7,-4.2,0.96,0.484465,0.861505,1,15,12,24,30,210000
"2020-01-15 12:24:32.32",13532,100027,13.03,13.21,87,29.068,102,51.701,1,11,0.7,-4.1,0.89,0.4844667,0.8616833,1,15,12,24,31,640000
"2020-01-15 12:24:33.7",13533,100028,16.79,13.21,87,29.068,102,51.7151,1,11,0.7,-4,1.134,0.4844667,0.8619183,1,15,12,24,33,20000
"2020-01-15 12:24:35.13",13534,100029,15.73,13.21,87,29.068,102,51.7245,1,11,0.7,-4.1,1.064,0.4844667,0.862075,1,15,12,24,34,450000
"2020-01-15 12:24:36.55",13535,100030,16.96,13.21,87,29.0681,102,51.7322,1,11,0.7,-4.1,1.145,0.4844684,0.8622034,1,15,12,24,35,870000
"2020-01-15 12:24:38.19",13536,100031,21.22,13.2,87,29.0681,102,51.7488,1,11,0.7,-3.7,1.424,0.4844684,0.86248,1,15,12,24,37,510000
"2020-01-15 12:24:41.29",13537,100032,23.69,13.2,87,29.0684,102,51.7609,1,11,0.7,-3.7,1.586,0.4844733,0.8626816,1,15,12,24,40,610000
"2020-01-15 12:24:43.74",13538,100033,9.89,13.2,87,29.0684,102,51.7772,1,11,0.7,-3.7,0.68,0.4844733,0.8629533,1,15,12,24,43,60000
"2020-01-15 12:24:45.43",13539,100034,13.37,13.21,87,29.0684,102,51.7817,1,11,0.7,-3.7,0.91,0.4844733,0.8630283,1,15,12,24,44,750000
"2020-01-15 12:24:47.82",13540,100035,23.92,13.21,87,29.0685,102,51.8021,1,11,0.7,-3.7,1.6,0.484475,0.8633683,1,15,12,24,47,140000
"2020-01-15 12:24:49.51",13541,100036,21.67,13.21,87,29.0685,102,51.8053,1,11,0.7,-3.8,1.454,0.484475,0.8634217,1,15,12,24,48,830000
"2020-01-15 12:24:52.54",13542,100037,22.91,13.2,87,29.0687,102,51.8218,1,11,0.7,-4,1.534,0.4844784,0.8636967,1,15,12,24,51,860000
"2020-01-15 12:24:55.3",13543,100038,23.02,13.2,87,29.0688,102,51.8427,1,11,0.7,-3.9,1.542,0.48448,0.864045,1,15,12,24,54,620000
"2020-01-15 12:24:58.18",13544,100039,24.48,13.2,87,29.0691,102,51.8525,1,11,0.7,-3.9,1.637,0.484485,0.8642083,1,15,12,24,57,500000
"2020-01-15 12:25:00.37",13545,100040,25.27,13.2,87,29.0693,102,51.8611,1,11,0.8,-3.9,1.688,0.4844883,0.8643516,1,15,12,24,59,690000
"2020-01-15 12:25:02.08",13546,100041,22.01,13.19,87,29.0694,102,51.8757,1,11,0.7,-4,1.476,0.48449,0.864595,1,15,12,25,1,400000
"2020-01-15 12:25:03.66",13547,100042,21,13.2,87,29.0694,102,51.8826,1,11,0.7,-3.9,1.409,0.48449,0.86471,1,15,12,25,2,970000
"2020-01-15 12:25:05.56",13548,100043,21.56,13.19,87,29.0694,102,51.8973,1,11,0.7,-4,1.446,0.48449,0.864955,1,15,12,25,4,880000
"2020-01-15 12:25:07.35",13549,100044,23.25,13.19,87,29.0696,102,51.9082,1,11,0.7,-4.1,1.556,0.4844933,0.8651367,1,15,12,25,6,670000
"2020-01-15 12:25:09.41",13550,100045,23.92,13.2,87,29.0699,102,51.9209,1,11,0.7,-4,1.6,0.4844984,0.8653482,1,15,12,25,8,720000
"2020-01-15 12:25:11.25",13551,100046,28.52,13.2,87,29.0703,102,51.931,1,11,0.7,-4.3,1.901,0.484505,0.8655166,1,15,12,25,10,570000
"2020-01-15 12:25:15.17",13552,100047,34.92,13.19,87,29.0708,102,51.9495,1,11,0.8,-4.3,2.32,0.4845134,0.865825,1,15,12,25,14,480000
"2020-01-15 12:25:17.32",13553,100048,37.56,13.18,87,29.071,102,51.9589,1,11,0.7,-4.3,2.492,0.4845166,0.8659817,1,15,12,25,16,640000
"2020-01-15 12:25:19.7",13554,100049,37,13.18,87,29.0711,102,51.9755,1,11,0.7,-4.5,2.456,0.4845184,0.8662583,1,15,12,25,19,20000
"2020-01-15 12:25:22.23",13555,100050,30.77,13.18,87,29.0713,102,51.985,1,11,0.8,-4.4,2.048,0.4845217,0.8664167,1,15,12,25,21,540000
"2020-01-15 12:25:26.76",13556,100051,20.22,13.18,87,29.0719,102,52.0023,1,11,0.7,-4.5,1.358,0.4845317,0.866705,1,15,12,25,26,80000
"2020-01-15 12:25:30.35",13557,100052,16.01,13.18,87,29.0724,102,52.0102,1,11,0.7,-4.6,1.083,0.48454,0.8668366,1,15,12,25,29,670000
"2020-01-15 12:25:33.5",13558,100053,29.53,13.18,87,29.073,102,52.0182,1,11,0.7,-4.7,1.967,0.48455,0.86697,1,15,12,25,32,820000
"2020-01-15 12:25:36.37",13559,100054,31.5,13.18,87,29.0735,102,52.0259,1,11,0.7,-4.6,2.096,0.4845583,0.8670984,1,15,12,25,35,690000
"2020-01-15 12:25:39.01",13560,100055,41.77,13.18,87,29.0732,102,52.0488,1,11,0.7,-4.7,2.768,0.4845533,0.86748,1,15,12,25,38,320000
"2020-01-15 12:25:42.78",13561,100056,49.96,13.17,87,29.0732,102,52.0715,1,11,0.7,-5,3.304,0.4845533,0.8678583,1,15,12,25,42,100000
"2020-01-15 12:25:50.66",13562,100057,26.28,13.18,87,29.0733,102,52.0882,1,11,0.7,-5.5,1.755,0.484555,0.8681366,1,15,12,25,49,980000
"2020-01-15 12:25:53.39",13563,100058,20.22,13.17,87,29.0736,102,52.0835,1,11,0.7,-5.9,1.358,0.48456,0.8680583,1,15,12,25,52,710000
"2020-01-15 12:25:55.7",13564,100059,15.84,13.17,87,29.0736,102,52.0976,1,11,0.7,-6,1.072,0.48456,0.8682934,1,15,12,25,55,20000
"2020-01-15 12:25:57.81",13565,100060,11.52,13.17,87,29.0735,102,52.1063,1,11,0.7,-6,0.79,0.4845583,0.8684384,1,15,12,25,57,130000
"2020-01-15 12:25:59.86",13566,100061,24.26,13.17,87,29.0734,102,52.1159,1,11,0.7,-6.2,1.622,0.4845567,0.8685983,1,15,12,25,59,180000
"2020-01-15 12:26:02.14",13567,100062,19.21,13.17,87,29.0732,102,52.1285,1,11,0.7,-6.2,1.292,0.4845533,0.8688084,1,15,12,26,1,460000
"2020-01-15 12:26:04.53",13568,100063,19.65,13.17,87,29.0731,102,52.1371,1,11,0.7,-6.3,1.321,0.4845516,0.8689517,1,15,12,26,3,850000
"2020-01-15 12:26:06.7",13569,100064,25.72,13.17,87,29.0732,102,52.1528,1,11,0.7,-6.4,1.718,0.4845533,0.8692134,1,15,12,26,6,20000
"2020-01-15 12:26:08.86",13570,100065,38.68,13.17,87,29.073,102,52.1603,1,11,0.7,-6.5,2.566,0.48455,0.8693383,1,15,12,26,8,180000
"2020-01-15 12:26:11",13571,100066,29.08,13.16,87,29.0729,102,52.1668,1,11,0.7,-6.6,1.938,0.4845484,0.8694467,1,15,12,26,10,320000
"2020-01-15 12:26:13.75",13572,100067,34.64,13.16,87,29.0728,102,52.1772,1,11,0.7,-6.8,2.302,0.4845467,0.86962,1,15,12,26,13,70000
"2020-01-15 12:26:15.96",13573,100068,41.54,13.16,87,29.0727,102,52.1832,1,11,0.8,-6.9,2.753,0.484545,0.8697201,1,15,12,26,15,280000
"2020-01-15 12:26:18.25",13574,100069,39.19,13.16,87,29.0726,102,52.1924,1,11,0.8,-6.9,2.599,0.4845433,0.8698734,1,15,12,26,17,570000
"2020-01-15 12:26:20.36",13575,100070,30.54,13.16,87,29.0725,102,52.2024,1,11,0.7,-7.1,2.034,0.4845417,0.87004,1,15,12,26,19,680000
"2020-01-15 12:26:22.45",13576,100071,28.97,13.16,87,29.0724,102,52.215,1,11,0.7,-7.1,1.931,0.48454,0.87025,1,15,12,26,21,770000
"2020-01-15 12:26:24.68",13577,100072,13.82,13.16,87,29.0726,102,52.2337,1,11,0.7,-6.6,0.94,0.4845433,0.8705617,1,15,12,26,24,0
"2020-01-15 12:26:27.21",13578,100073,21.56,13.16,87,29.0726,102,52.2427,1,11,0.8,-6.8,1.446,0.4845433,0.8707116,1,15,12,26,26,530000
"2020-01-15 12:26:38.71",13579,100074,19.15,13.16,87,29.0734,102,52.2319,1,11,0.7,-6.9,1.288,0.4845567,0.8705317,1,15,12,26,38,30000
"2020-01-15 12:26:43.59",13580,100075,19.21,13.16,87,29.0727,102,52.2241,1,11,0.7,-7,1.292,0.484545,0.8704016,1,15,12,26,42,900000
"2020-01-15 12:26:46.76",13581,100076,16.9,13.16,87,29.0722,102,52.2121,1,11,0.7,-7,1.142,0.4845367,0.8702017,1,15,12,26,46,80000
"2020-01-15 12:26:48.81",13582,100077,17.63,13.15,87,29.0717,102,52.2073,1,11,0.7,-7,1.189,0.4845283,0.8701217,1,15,12,26,48,130000
"2020-01-15 12:26:50.57",13583,100078,15,13.15,87,29.0714,102,52.2036,1,11,0.7,-7,1.017,0.4845233,0.87006,1,15,12,26,49,890000
"2020-01-15 12:26:52.34",13584,100079,24.82,13.15,87,29.0707,102,52.1952,1,11,0.7,-7.4,1.659,0.4845117,0.86992,1,15,12,26,51,660000
"2020-01-15 12:26:54.82",13585,100080,27.4,13.15,87,29.0696,102,52.1983,1,11,0.7,-6.7,1.828,0.4844933,0.8699716,1,15,12,26,54,140000
"2020-01-15 12:26:57.05",13586,100081,21.23,13.15,87,29.0691,102,52.1886,1,11,0.7,-6.8,1.424,0.484485,0.86981,1,15,12,26,56,370000
"2020-01-15 12:26:59.84",13587,100082,27.85,13.15,87,29.0683,102,52.1759,1,11,0.7,-6.9,1.857,0.4844717,0.8695983,1,15,12,26,59,160000
"2020-01-15 12:27:02.8",13588,100083,28.58,13.15,87,29.0677,102,52.1677,1,11,0.7,-7.1,1.905,0.4844617,0.8694617,1,15,12,27,2,120000
"2020-01-15 12:27:05.5",13589,100084,44.46,13.15,87,29.0674,102,52.1615,1,11,0.7,-7.2,2.944,0.4844566,0.8693583,1,15,12,27,4,820000
"2020-01-15 12:27:07.99",13590,100085,37.39,13.15,87,29.0667,102,52.1576,1,11,0.7,-6.7,2.481,0.484445,0.8692934,1,15,12,27,7.000,310000
"2020-01-15 12:27:10.66",13591,100086,47.77,13.15,87,29.0662,102,52.1485,1,11,0.7,-6.9,3.16,0.4844367,0.8691416,1,15,12,27,9,970000
"2020-01-15 12:27:14.04",13592,100087,25.6,13.15,87,29.0656,102,52.1365,1,11,0.7,-6.6,1.711,0.4844266,0.8689417,1,15,12,27,13,360000
"2020-01-15 12:27:16.43",13593,100088,17.07,13.14,87,29.0654,102,52.1298,1,11,0.7,-6.6,1.153,0.4844233,0.86883,1,15,12,27,15,750000
"2020-01-15 12:27:19.15",13594,100089,21.11,13.14,87,29.0649,102,52.1214,1,11,0.7,-7.3,1.417,0.484415,0.8686899,1,15,12,27,18,470000
"2020-01-15 12:27:23.1",13595,100090,27.29,13.14,87,29.064,102,52.1089,1,11,0.7,-7.1,1.821,0.4844,0.8684816,1,15,12,27,22,420000
"2020-01-15 12:27:26.11",13596,100091,31.61,13.14,87,29.0635,102,52.0987,1,11,0.7,-7.2,2.103,0.4843916,0.8683117,1,15,12,27,25,430000
"2020-01-15 12:27:28.55",13597,100092,19.43,13.14,87,29.0633,102,52.0864,1,11,0.7,-7.3,1.307,0.4843883,0.8681066,1,15,12,27,27,870000
"2020-01-15 12:27:31.22",13598,100093,23.47,13.13,87,29.0621,102,52.0819,1,11,0.7,-7.2,1.571,0.4843683,0.8680317,1,15,12,27,30,540000
"2020-01-15 12:27:35.24",13599,100094,35.82,13.13,87,29.0616,102,52.0753,1,11,0.7,-7.1,2.379,0.48436,0.8679217,1,15,12,27,34,560000
"2020-01-15 12:27:37.35",13600,100095,35.93,13.13,87,29.0616,102,52.0683,1,11,0.7,-7.4,2.386,0.48436,0.867805,1,15,12,27,36,660000
"2020-01-15 12:27:39.39",13601,100096,39.47,13.13,87,29.0613,102,52.0614,1,11,0.7,-8.1,2.617,0.484355,0.86769,1,15,12,27,38,710000
"2020-01-15 12:27:41.42",13602,100097,34.02,13.13,87,29.0608,102,52.0572,1,11,0.7,-8.3,2.261,0.4843467,0.8676201,1,15,12,27,40,730000
"2020-01-15 12:27:43.28",13603,100098,29.87,13.12,87,29.0602,102,52.0556,1,11,0.7,-8.2,1.989,0.4843367,0.8675934,1,15,12,27,42,600000
"2020-01-15 12:27:45.3",13604,100099,22.52,13.13,87,29.0596,102,52.053,1,11,0.7,-7.9,1.509,0.4843267,0.86755,1,15,12,27,44,620000
"2020-01-15 12:27:47.02",13605,100100,28.41,13.13,87,29.0591,102,52.047,1,11,0.7,-8.2,1.894,0.4843183,0.86745,1,15,12,27,46,340000
"2020-01-15 12:27:49.14",13606,100101,27.4,13.13,87,29.0586,102,52.0403,1,11,0.7,-8.8,1.828,0.48431,0.8673383,1,15,12,27,48,460000
"2020-01-15 12:27:51.33",13607,100102,23.92,13.13,87,29.0582,102,52.0327,1,11,0.7,-9.3,1.6,0.4843034,0.8672116,1,15,12,27,50,650000
"2020-01-15 12:27:53.36",13608,100103,24.87,13.13,87,29.0578,102,52.028,1,11,0.7,-9.5,1.663,0.4842967,0.8671333,1,15,12,27,52,680000
"2020-01-15 12:27:55.35",13609,100104,24.03,13.12,87,29.0572,102,52.0216,1,11,0.7,-9.4,1.608,0.4842867,0.8670266,1,15,12,27,54,670000
"2020-01-15 12:27:57.47",13610,100105,13.26,13.13,87,29.0569,102,52.0212,1,11,0.8,-8.6,0.90,0.4842816,0.8670199,1,15,12,27,56,790000
"2020-01-15 12:27:59.48",13611,100106,10.23,13.13,87,29.0563,102,52.0191,1,11,0.7,-8.2,0.71,0.4842716,0.866985,1,15,12,27,58,800000
"2020-01-15 12:28:01.52",13612,100107,10.23,13.13,87,29.0557,102,52.0175,1,11,0.7,-7.8,0.71,0.4842617,0.8669584,1,15,12,28,0,840000
"2020-01-15 12:28:13.6",13613,100108,9.89,13.12,87,29.0564,102,51.9865,1,11,0.7,-9.4,0.68,0.4842734,0.8664417,1,15,12,28,12,920000
"2020-01-15 12:28:15.95",13614,100109,11.57,13.12,87,29.0561,102,51.9721,1,11,0.7,-10,0.79,0.4842683,0.8662016,1,15,12,28,15,270000
"2020-01-15 12:28:19.11",13615,100110,15.61,13.12,87,29.0555,102,51.9618,1,11,0.7,-10.5,1.057,0.4842583,0.86603,1,15,12,28,18,430000
"2020-01-15 12:28:21.53",13616,100111,15.73,13.12,87,29.0553,102,51.9565,1,11,0.7,-10.7,1.064,0.484255,0.8659417,1,15,12,28,20,850000
"2020-01-15 12:28:23.86",13617,100112,14.27,13.12,87,29.0545,102,51.9469,1,11,0.7,-10.9,0.97,0.4842417,0.8657817,1,15,12,28,23,180000
"2020-01-15 12:28:27.68",13618,100113,15.28,13.12,87,29.0538,102,51.9391,1,11,0.7,-10.9,1.035,0.48423,0.8656517,1,15,12,28,27,0
"2020-01-15 12:28:31.13",13619,100114,12.08,13.11,87,29.0536,102,51.9352,1,11,0.8,-11.3,0.83,0.4842267,0.8655866,1,15,12,28,30,450000
"2020-01-15 12:28:34.27",13620,100115,21.9,13.11,87,29.0529,102,51.9214,1,11,0.7,-11.3,1.468,0.484215,0.8653566,1,15,12,28,33,580000
"2020-01-15 12:28:36.83",13621,100116,14.66,13.11,87,29.0526,102,51.9114,1,11,0.7,-11.6,1.00,0.48421,0.86519,1,15,12,28,36,150000
"2020-01-15 12:28:38.91",13622,100117,16.12,13.11,87,29.0523,102,51.9056,1,11,0.7,-11.9,1.09,0.484205,0.8650934,1,15,12,28,38,220000
"2020-01-15 12:28:41.19",13623,100118,21.68,13.12,87,29.052,102,51.8979,1,11,0.7,-12.1,1.454,0.4842,0.864965,1,15,12,28,40,510000
"2020-01-15 12:28:43.38",13624,100119,18.31,13.12,87,29.0515,102,51.8878,1,11,0.7,-12.4,1.233,0.4841917,0.8647966,1,15,12,28,42,700000
"2020-01-15 12:28:45.54",13625,100120,18.64,13.11,87,29.0511,102,51.8794,1,11,0.7,-12.8,1.255,0.484185,0.8646566,1,15,12,28,44,860000
"2020-01-15 12:28:47.6",13626,100121,14.72,13.11,87,29.0507,102,51.8713,1,11,0.7,-13,1.00,0.4841783,0.8645217,1,15,12,28,46,920000
"2020-01-15 12:28:49.7",13627,100122,19.82,13.12,87,29.0496,102,51.8637,1,11,0.7,-12.9,1.332,0.48416,0.864395,1,15,12,28,49,10000
"2020-01-15 12:28:51.58",13628,100123,19.54,13.11,87,29.0495,102,51.8628,1,11,0.7,-12.6,1.314,0.4841583,0.86438,1,15,12,28,50,900000
"2020-01-15 12:28:53.62",13629,100124,18.64,13.1,87,29.0488,102,51.8593,1,11,0.7,-12.1,1.255,0.4841466,0.8643217,1,15,12,28,52,940000
"2020-01-15 12:28:55.72",13630,100125,12.02,13.11,87,29.0478,102,51.8571,1,11,0.7,-11.2,0.82,0.48413,0.864285,1,15,12,28,55,40000
"2020-01-15 12:28:57.92",13631,100126,12.02,13.11,87,29.0472,102,51.8545,1,11,0.7,-10.7,0.82,0.48412,0.8642417,1,15,12,28,57,240000
"2020-01-15 12:29:00.06",13632,100127,9.61,13.1,87,29.0468,102,51.8505,1,11,0.7,-10.4,0.66,0.4841133,0.864175,1,15,12,28,59,380000
"2020-01-15 12:29:02.08",13633,100128,8.99,13.11,87,29.0464,102,51.8441,1,11,0.7,-10.4,0.62,0.4841066,0.8640683,1,15,12,29,1,400000
"2020-01-15 12:29:04.23",13634,100129,12.86,13.1,87,29.046,102,51.8376,1,11,0.7,-10.6,0.88,0.4841,0.86396,1,15,12,29,3,550000
"2020-01-15 12:29:06.14",13635,100130,17.52,13.11,87,29.0455,102,51.8294,1,11,0.7,-10.8,1.182,0.4840917,0.8638233,1,15,12,29,5,460000
"2020-01-15 12:29:08.24",13636,100131,28.8,13.11,87,29.0449,102,51.8249,1,11,0.7,-10.6,1.92,0.4840817,0.8637484,1,15,12,29,7.000,560000
"2020-01-15 12:29:10.97",13637,100132,22.24,13.11,87,29.044,102,51.8245,1,11,0.7,-10,1.49,0.4840667,0.8637417,1,15,12,29,10,290000
"2020-01-15 12:29:13.26",13638,100133,23.25,13.1,87,29.0438,102,51.8235,1,11,0.7,-9.7,1.556,0.4840633,0.863725,1,15,12,29,12,580000
"2020-01-15 12:29:15.34",13639,100134,23.25,13.1,87,29.0435,102,51.8168,1,11,0.7,-9.6,1.556,0.4840584,0.8636133,1,15,12,29,14,660000
"2020-01-15 12:29:17.46",13640,100135,30.65,13.1,87,29.0432,102,51.8062,1,11,0.7,-9.8,2.041,0.4840533,0.8634366,1,15,12,29,16,780000
"2020-01-15 12:29:19.53",13641,100136,32.45,13.1,87,29.0427,102,51.8003,1,11,0.7,-9.8,2.158,0.484045,0.8633383,1,15,12,29,18,850000
"2020-01-15 12:29:21.54",13642,100137,25.6,13.1,87,29.0421,102,51.7969,1,11,0.7,-9.5,1.711,0.484035,0.8632817,1,15,12,29,20,850000
"2020-01-15 12:29:23.42",13643,100138,20.95,13.1,87,29.0414,102,51.7936,1,11,0.7,-9.1,1.406,0.4840234,0.8632266,1,15,12,29,22,740000
"2020-01-15 12:29:25.48",13644,100139,23.13,13.1,87,29.0408,102,51.7872,1,11,0.7,-9,1.549,0.4840134,0.86312,1,15,12,29,24,800000
"2020-01-15 12:29:27.5",13645,100140,24.14,13.1,87,29.0403,102,51.7785,1,11,0.7,-9.2,1.615,0.484005,0.862975,1,15,12,29,26,820000
"2020-01-15 12:29:30.57",13646,100141,28.24,13.1,87,29.0396,102,51.7675,1,11,0.7,-8.9,1.883,0.4839934,0.8627917,1,15,12,29,29,890000
"2020-01-15 12:29:32.94",13647,100142,18.53,13.1,87,29.0387,102,51.767,1,11,0.7,-8.2,1.248,0.4839783,0.8627833,1,15,12,29,32,260000
"2020-01-15 12:29:35.36",13648,100143,17.97,13.1,87,29.0384,102,51.7618,1,11,0.7,-8.2,1.211,0.4839734,0.8626966,1,15,12,29,34,680000
"2020-01-15 12:29:37.6",13649,100144,16.74,13.1,87,29.038,102,51.7535,1,11,0.7,-8,1.131,0.4839667,0.8625584,1,15,12,29,36,920000
"2020-01-15 12:29:40.19",13650,100145,14.6,13.1,87,29.0372,102,51.7434,1,11,0.7,-7.5,0.99,0.4839534,0.86239,1,15,12,29,39,510000
"2020-01-15 12:29:51.6",13651,100146,25.38,13.09,87,29.0378,102,51.7168,1,11,0.7,-7.1,1.696,0.4839634,0.8619467,1,15,12,29,50,920000
"2020-01-15 12:29:56.46",13652,100147,14.15,13.08,87,29.0384,102,51.6971,1,11,0.7,-6.8,0.96,0.4839734,0.8616183,1,15,12,29,55,780000
"2020-01-15 12:29:59.95",13653,100148,11.01,13.08,87,29.0389,102,51.6806,1,11,0.7,-6.6,0.76,0.4839817,0.8613434,1,15,12,29,59,270000
"2020-01-15 12:30:02.79",13654,100149,12.02,13.08,87,29.0394,102,51.6617,1,11,0.7,-6.6,0.82,0.48399,0.8610284,1,15,12,30,2,110000
"2020-01-15 12:30:05.82",13655,100150,11.01,13.08,87,29.0397,102,51.6408,1,11,0.7,-6.5,0.76,0.483995,0.86068,1,15,12,30,5,140000
"2020-01-15 12:30:08.23",13656,100151,11.29,13.08,87,29.0401,102,51.6293,1,11,0.7,-6.6,0.78,0.4840017,0.8604883,1,15,12,30,7.000,550000
"2020-01-15 12:30:10.66",13657,100152,12.58,13.08,87,29.0407,102,51.607,1,11,0.7,-6.4,0.86,0.4840117,0.8601166,1,15,12,30,9,980000
"2020-01-15 12:30:12.97",13658,100153,15.05,13.08,87,29.041,102,51.5906,1,11,0.7,-6.6,1.02,0.4840167,0.8598433,1,15,12,30,12,280000
"2020-01-15 12:30:15.17",13659,100154,17.8,13.08,87,29.0413,102,51.5754,1,11,0.7,-6.5,1.2,0.4840217,0.85959,1,15,12,30,14,490000
"2020-01-15 12:30:17.37",13660,100155,15.17,13.08,87,29.0417,102,51.56,1,11,0.7,-6.5,1.028,0.4840283,0.8593334,1,15,12,30,16,690000
"2020-01-15 12:30:19.66",13661,100156,9.22,13.08,87,29.0424,102,51.5452,1,11,0.7,-6.8,0.64,0.48404,0.8590867,1,15,12,30,18,980000
"2020-01-15 12:30:21.69",13662,100157,17.86,13.08,87,29.0429,102,51.5264,1,11,0.7,-6.8,1.204,0.4840483,0.8587734,1,15,12,30,21,0
"2020-01-15 12:30:24.04",13663,100158,16.18,13.07,87,29.0432,102,51.5074,1,11,0.7,-6.8,1.094,0.4840533,0.8584566,1,15,12,30,23,360000
"2020-01-15 12:30:26.23",13664,100159,12.92,13.07,87,29.0434,102,51.4919,1,11,0.7,-6.7,0.88,0.4840566,0.8581983,1,15,12,30,25,550000
"2020-01-15 12:30:28.29",13665,100160,11.8,13.08,87,29.0439,102,51.4798,1,11,0.7,-7.1,0.81,0.484065,0.8579967,1,15,12,30,27,610000
"2020-01-15 12:30:30.15",13666,100161,10.06,13.07,87,29.0443,102,51.4668,1,11,0.7,-6.6,0.69,0.4840717,0.85778,1,15,12,30,29,470000
"2020-01-15 12:30:32.11",13667,100162,10.51,13.08,87,29.0447,102,51.4532,1,11,0.7,-6.5,0.72,0.4840784,0.8575534,1,15,12,30,31,430000
"2020-01-15 12:30:34.04",13668,100163,8.88,13.08,87,29.045,102,51.4355,1,11,0.7,-6.6,0.62,0.4840833,0.8572584,1,15,12,30,33,360000
"2020-01-15 12:30:35.95",13669,100164,10.39,13.07,87,29.0454,102,51.4163,1,11,0.7,-6.8,0.72,0.48409,0.8569384,1,15,12,30,35,270000
"2020-01-15 12:30:37.85",13670,100165,9.22,13.07,87,29.0458,102,51.3976,1,11,0.7,-6.8,0.64,0.4840966,0.8566266,1,15,12,30,37,170000
"2020-01-15 12:30:39.92",13671,100166,11.91,13.07,87,29.0461,102,51.3778,1,11,0.7,-7,0.82,0.4841017,0.8562966,1,15,12,30,39,240000
"2020-01-15 12:30:41.91",13672,100167,9.44,13.07,87,29.0463,102,51.3593,1,11,0.7,-7.2,0.65,0.484105,0.8559883,1,15,12,30,41,230000
"2020-01-15 12:30:44",13673,100168,11.69,13.07,87,29.0467,102,51.3392,1,11,0.7,-7.5,0.8,0.4841117,0.8556534,1,15,12,30,43,320000
"2020-01-15 12:30:46.19",13674,100169,8.21,13.07,87,29.0471,102,51.3256,1,11,0.7,-7.5,0.57,0.4841184,0.8554266,1,15,12,30,45,510000
"2020-01-15 12:30:48.38",13675,100170,9.67,13.07,87,29.0474,102,51.3112,1,11,0.7,-7.6,0.67,0.4841233,0.8551866,1,15,12,30,47,690000
"2020-01-15 12:30:50.54",13676,100171,8.88,13.06,87,29.0478,102,51.3007,1,11,0.7,-7.5,0.62,0.48413,0.8550117,1,15,12,30,49,860000
"2020-01-15 12:30:52.55",13677,100172,10.11,13.07,87,29.0481,102,51.2878,1,11,0.7,-7.6,0.70,0.484135,0.8547966,1,15,12,30,51,870000
"2020-01-15 12:30:54.65",13678,100173,10.06,13.06,87,29.0484,102,51.2727,1,11,0.7,-7.6,0.69,0.48414,0.854545,1,15,12,30,53,970000
"2020-01-15 12:30:56.47",13679,100174,10.23,13.07,87,29.0488,102,51.2535,1,11,0.7,-7.6,0.71,0.4841466,0.854225,1,15,12,30,55,790000
"2020-01-15 12:30:58.11",13680,100175,9.10,13.06,87,29.0493,102,51.2329,1,11,0.7,-7.6,0.63,0.484155,0.8538817,1,15,12,30,57,430000
"2020-01-15 12:30:59.71",13681,100176,10.11,13.06,87,29.0497,102,51.2142,1,11,0.7,-7.2,0.70,0.4841617,0.85357,1,15,12,30,59,20000
"2020-01-15 12:31:01.35",13682,100177,9.55,13.07,87,29.0498,102,51.2064,1,11,0.7,-7.2,0.66,0.4841634,0.8534401,1,15,12,31,0,670000
"2020-01-15 12:31:04.24",13683,100178,10.56,13.07,87,29.0504,102,51.18,1,11,0.7,-7.2,0.73,0.4841733,0.853,1,15,12,31,3,550000
"2020-01-15 12:31:06.25",13684,100179,10.45,13.07,87,29.0507,102,51.1659,1,11,0.7,-7.3,0.72,0.4841783,0.852765,1,15,12,31,5,570000
"2020-01-15 12:31:08.21",13685,100180,10.34,13.07,87,29.0509,102,51.1509,1,11,0.7,-7.1,0.71,0.4841817,0.852515,1,15,12,31,7.000,530000
"2020-01-15 12:31:10.31",13686,100181,9.33,13.06,87,29.0512,102,51.1341,1,11,0.7,-7.2,0.65,0.4841867,0.852235,1,15,12,31,9,630000
"2020-01-15 12:31:12.43",13687,100182,10.11,13.06,87,29.0516,102,51.1181,1,11,0.7,-7.3,0.70,0.4841933,0.8519683,1,15,12,31,11,750000
"2020-01-15 12:31:14.49",13688,100183,7.645,13.06,87,29.052,102,51.1026,1,11,0.7,-7.3,0.54,0.4842,0.85171,1,15,12,31,13,810000
"2020-01-15 12:31:16.43",13689,100184,11.18,13.06,87,29.0524,102,51.0856,1,11,0.7,-7.3,0.77,0.4842067,0.8514267,1,15,12,31,15,750000
"2020-01-15 12:31:18.81",13690,100185,12.92,13.06,87,29.0529,102,51.0615,1,11,0.7,-7.4,0.88,0.484215,0.851025,1,15,12,31,18,130000
"2020-01-15 12:31:20.88",13691,100186,14.38,13.06,87,29.0532,102,51.0499,1,11,0.7,-7.4,0.98,0.48422,0.8508317,1,15,12,31,20,200000
"2020-01-15 12:31:22.99",13692,100187,15.95,13.06,87,29.0534,102,51.0362,1,11,0.7,-7.4,1.079,0.4842233,0.8506034,1,15,12,31,22,300000
"2020-01-15 12:31:25.2",13693,100188,14.72,13.06,87,29.0538,102,51.02,1,11,0.7,-7.4,1.00,0.48423,0.8503334,1,15,12,31,24,510000
"2020-01-15 12:31:27.4",13694,100189,16.4,13.06,87,29.0542,102,51.0045,1,11,0.7,-7.3,1.109,0.4842366,0.850075,1,15,12,31,26,720000
"2020-01-15 12:31:29.42",13695,100190,14.55,13.06,87,29.0545,102,50.9883,1,11,0.7,-7.4,0.99,0.4842417,0.849805,1,15,12,31,28,740000
"2020-01-15 12:31:31.55",13696,100191,16.18,13.05,87,29.0549,102,50.9745,1,11,0.7,-7.5,1.094,0.4842483,0.849575,1,15,12,31,30,860000
"2020-01-15 12:31:33.72",13697,100192,13.37,13.06,87,29.0557,102,50.9442,1,11,0.7,-7.4,0.91,0.4842617,0.8490699,1,15,12,31,33,30000
"2020-01-15 12:31:35.8",13698,100193,18.76,13.05,87,29.056,102,50.9281,1,11,0.7,-7.3,1.263,0.4842667,0.8488017,1,15,12,31,35,120000
"2020-01-15 12:31:37.91",13699,100194,16.29,13.06,87,29.0561,102,50.9104,1,11,0.7,-7,1.101,0.4842683,0.8485067,1,15,12,31,37,230000
"2020-01-15 12:31:40.1",13700,100195,9.55,13.06,87,29.0562,102,50.8938,1,11,0.7,-7,0.66,0.48427,0.84823,1,15,12,31,39,420000
"2020-01-15 12:31:42.28",13701,100196,9.27,13.05,87,29.0563,102,50.8735,1,11,0.7,-7,0.64,0.4842716,0.8478917,1,15,12,31,41,600000
"2020-01-15 12:31:44.24",13702,100197,15,13.05,87,29.0567,102,50.8586,1,11,0.7,-6.9,1.017,0.4842783,0.8476433,1,15,12,31,43,560000
"2020-01-15 12:31:47.28",13703,100198,23.47,13.05,87,29.0573,102,50.8336,1,11,0.7,-6.8,1.571,0.4842883,0.8472266,1,15,12,31,46,590000
"2020-01-15 12:31:50.59",13704,100199,17.52,13.05,87,29.0578,102,50.8179,1,11,0.7,-6.8,1.182,0.4842967,0.846965,1,15,12,31,49,910000
"2020-01-15 12:31:53.34",13705,100200,9.55,13.05,87,29.0582,102,50.8058,1,11,0.7,-6.8,0.66,0.4843034,0.8467634,1,15,12,31,52,660000
"2020-01-15 12:31:55.44",13706,100201,13.26,13.05,87,29.0586,102,50.791,1,11,0.7,-6.8,0.90,0.48431,0.8465166,1,15,12,31,54,760000
"2020-01-15 12:31:57.67",13707,100202,16.29,13.05,87,29.0591,102,50.7653,1,11,0.7,-6.7,1.101,0.4843183,0.8460883,1,15,12,31,56,990000
"2020-01-15 12:32:01.97",13708,100203,17.75,13.04,87,29.0596,102,50.7488,1,11,0.7,-6.9,1.197,0.4843267,0.8458134,1,15,12,32,1,290000
"2020-01-15 12:32:04.67",13709,100204,27.51,13.05,87,29.0598,102,50.7356,1,11,0.7,-6.8,1.835,0.48433,0.8455934,1,15,12,32,3,990000
"2020-01-15 12:32:08.63",13710,100205,25.49,13.04,87,29.0605,102,50.7143,1,11,0.8,-6.6,1.703,0.4843416,0.8452383,1,15,12,32,7.000,950000
"2020-01-15 12:32:11.41",13711,100206,23.3,13.04,87,29.0609,102,50.6928,1,11,0.7,-6.6,1.56,0.4843483,0.84488,1,15,12,32,10,730000
"2020-01-15 12:32:14.23",13712,100207,46.26,13.03,87,29.0611,102,50.6691,1,11,0.7,-6.7,3.061,0.4843517,0.844485,1,15,12,32,13,550000
"2020-01-15 12:32:16.98",13713,100208,41.21,13.03,87,29.0611,102,50.6457,1,11,0.7,-6.6,2.731,0.4843517,0.844095,1,15,12,32,16,300000
"2020-01-15 12:32:21.37",13714,100209,21.56,13.04,87,29.0614,102,50.6212,1,11,0.7,-6.8,1.446,0.4843567,0.8436867,1,15,12,32,20,690000
"2020-01-15 12:32:45.12",13715,100210,19.99,13.05,87,29.0634,102,50.587,1,11,0.7,-6.5,1.344,0.48439,0.8431167,1,15,12,32,44,440000
"2020-01-15 12:32:47.34",13716,100211,12.75,13.03,87,29.0637,102,50.583,1,11,0.7,-6.6,0.87,0.484395,0.84305,1,15,12,32,46,660000
"2020-01-15 12:32:49.48",13717,100212,17.41,13.04,87,29.0644,102,50.5781,1,11,0.7,-6.6,1.175,0.4844066,0.8429683,1,15,12,32,48,800000
"2020-01-15 12:32:51.53",13718,100213,25.77,13.03,87,29.065,102,50.5733,1,11,0.7,-6.7,1.722,0.4844167,0.8428883,1,15,12,32,50,850000
"2020-01-15 12:32:53.41",13719,100214,19.43,13.04,87,29.0658,102,50.5733,1,11,0.8,-6.8,1.307,0.48443,0.8428883,1,15,12,32,52,730000
"2020-01-15 12:32:55.39",13720,100215,17.92,13.04,87,29.0666,102,50.5725,1,11,0.8,-6.8,1.208,0.4844433,0.842875,1,15,12,32,54,710000
"2020-01-15 12:32:57.39",13721,100216,16.12,13.04,87,29.0675,102,50.5717,1,11,0.8,-6.9,1.09,0.4844583,0.8428617,1,15,12,32,56,710000
"2020-01-15 12:32:59.45",13722,100217,11.24,13.03,87,29.0681,102,50.5696,1,11,0.7,-6.9,0.77,0.4844684,0.8428266,1,15,12,32,58,770000
"2020-01-15 12:33:01.27",13723,100218,15,13.03,87,29.0687,102,50.5662,1,11,0.7,-6.9,1.017,0.4844784,0.84277,1,15,12,33,0,590000
"2020-01-15 12:33:03.18",13724,100219,19.71,13.03,87,29.0693,102,50.5619,1,11,0.7,-6.8,1.325,0.4844883,0.8426983,1,15,12,33,2,500000
"2020-01-15 12:33:06.13",13725,100220,26.5,13.03,87,29.0704,102,50.5581,1,11,0.8,-6.4,1.769,0.4845067,0.842635,1,15,12,33,5,450000
"2020-01-15 12:33:08.16",13726,100221,19.09,13.03,87,29.071,102,50.5619,1,11,0.7,-6.3,1.285,0.4845166,0.8426983,1,15,12,33,7.000,480000
"2020-01-15 12:33:10.08",13727,100222,16.06,13.03,87,29.0717,102,50.5631,1,11,0.7,-6.3,1.087,0.4845283,0.8427183,1,15,12,33,9,400000
"2020-01-15 12:33:11.98",13728,100223,15.9,13.03,87,29.0725,102,50.5619,1,11,0.8,-6.4,1.076,0.4845417,0.8426983,1,15,12,33,11,300000
"2020-01-15 12:33:13.91",13729,100224,17.63,13.03,87,29.0733,102,50.5644,1,11,0.8,-6.5,1.189,0.484555,0.84274,1,15,12,33,13,230000
"2020-01-15 12:33:15.81",13730,100225,11.24,13.03,87,29.0742,102,50.5691,1,11,0.8,-6.7,0.77,0.48457,0.8428183,1,15,12,33,15,130000
"2020-01-15 12:33:17.81",13731,100226,16.4,13.03,87,29.0755,102,50.5735,1,11,0.8,-6.8,1.109,0.4845917,0.8428917,1,15,12,33,17,130000
"2020-01-15 12:33:19.86",13732,100227,19.66,13.03,87,29.0762,102,50.5686,1,11,0.7,-6.8,1.321,0.4846034,0.84281,1,15,12,33,19,180000
"2020-01-15 12:33:21.89",13733,100228,17.97,13.03,87,29.0769,102,50.5654,1,11,0.7,-6.8,1.211,0.484615,0.8427566,1,15,12,33,21,210000
"2020-01-15 12:33:23.92",13734,100229,16.18,13.03,87,29.0775,102,50.5604,1,11,0.8,-6.7,1.094,0.484625,0.8426733,1,15,12,33,23,240000
"2020-01-15 12:33:26.04",13735,100230,15.73,13.03,87,29.0782,102,50.5542,1,11,0.7,-6.7,1.065,0.4846367,0.84257,1,15,12,33,25,360000
"2020-01-15 12:33:27.91",13736,100231,14.21,13.03,87,29.0789,102,50.5484,1,11,0.7,-6.7,0.97,0.4846483,0.8424734,1,15,12,33,27,230000
"2020-01-15 12:33:29.77",13737,100232,23.14,13.02,87,29.0795,102,50.5471,1,11,0.8,-6.6,1.549,0.4846583,0.8424517,1,15,12,33,29,90000
"2020-01-15 12:33:31.52",13738,100233,18.87,13.03,87,29.08,102,50.5464,1,11,0.8,-6.6,1.27,0.4846667,0.8424399,1,15,12,33,30,840000
"2020-01-15 12:33:36.25",13739,100234,21.28,13.02,87,29.0815,102,50.5389,1,11,0.7,-6.6,1.428,0.4846916,0.842315,1,15,12,33,35,570000
"2020-01-15 12:33:38.3",13740,100235,22.46,13.02,87,29.0817,102,50.5349,1,11,0.7,-6.6,1.505,0.484695,0.8422483,1,15,12,33,37,620000
"2020-01-15 12:33:40.24",13741,100236,18.31,13.02,87,29.0824,102,50.5335,1,11,0.8,-6.7,1.233,0.4847067,0.842225,1,15,12,33,39,560000
"2020-01-15 12:33:42.13",13742,100237,20.78,13.02,87,29.083,102,50.531,1,11,0.8,-6.7,1.395,0.4847167,0.8421833,1,15,12,33,41,450000
"2020-01-15 12:33:44.05",13743,100238,21.79,13.02,87,29.0838,102,50.5283,1,11,0.8,-6.7,1.461,0.48473,0.8421383,1,15,12,33,43,370000
"2020-01-15 12:33:46.06",13744,100239,17.92,13.02,87,29.0845,102,50.5263,1,11,0.8,-6.7,1.208,0.4847416,0.842105,1,15,12,33,45,380000
"2020-01-15 12:33:48.08",13745,100240,17.97,13.02,87,29.0852,102,50.5244,1,11,0.8,-6.8,1.211,0.4847533,0.8420734,1,15,12,33,47,400000
"2020-01-15 12:33:50.07",13746,100241,17.97,13.02,87,29.0859,102,50.5248,1,11,0.8,-6.6,1.211,0.484765,0.84208,1,15,12,33,49,390000
"2020-01-15 12:33:52.4",13747,100242,19.88,13.02,87,29.0866,102,50.526,1,11,0.8,-6.9,1.336,0.4847766,0.8421,1,15,12,33,51,720000
"2020-01-15 12:33:55.61",13748,100243,20.78,13.02,87,29.0876,102,50.5247,1,11,0.8,-6.9,1.395,0.4847933,0.8420783,1,15,12,33,54,930000
"2020-01-15 12:33:58.76",13749,100244,21.45,13.02,87,29.0885,102,50.5195,1,11,0.8,-7.1,1.439,0.4848083,0.8419917,1,15,12,33,58,80000
"2020-01-15 12:34:00.88",13750,100245,13.93,13.02,87,29.0891,102,50.5197,1,11,0.8,-7.1,0.95,0.4848183,0.841995,1,15,12,34,0,200000
"2020-01-15 12:34:02.85",13751,100246,10.34,13.02,87,29.0898,102,50.5238,1,11,0.8,-7.4,0.71,0.48483,0.8420633,1,15,12,34,2,170000
"2020-01-15 12:34:04.69",13752,100247,10.9,13.02,87,29.0906,102,50.5233,1,11,0.8,-7.5,0.75,0.4848433,0.842055,1,15,12,34,4,10000
"2020-01-15 12:34:06.73",13753,100248,15.61,13.01,87,29.0914,102,50.5248,1,11,0.8,-7,1.057,0.4848567,0.84208,1,15,12,34,6,50000
"2020-01-15 12:34:08.59",13754,100249,11.4,13.02,87,29.0918,102,50.5253,1,11,0.7,-7.1,0.78,0.4848634,0.8420883,1,15,12,34,7.000,910000
"2020-01-15 12:34:11.22",13755,100250,11.74,13.02,87,29.093,102,50.5228,1,11,0.8,-6.7,0.80,0.4848833,0.8420466,1,15,12,34,10,540000
"2020-01-15 12:34:13.35",13756,100251,11.35,13.02,87,29.0934,102,50.5212,1,11,0.7,-6.9,0.78,0.48489,0.84202,1,15,12,34,12,670000
"2020-01-15 12:34:15.36",13757,100252,15.05,13.01,87,29.0942,102,50.5209,1,11,0.8,-7,1.02,0.4849033,0.842015,1,15,12,34,14,680000
"2020-01-15 12:34:17.48",13758,100253,15.28,13.02,87,29.0949,102,50.5189,1,11,0.8,-6.9,1.035,0.484915,0.8419817,1,15,12,34,16,800000
"2020-01-15 12:34:19.38",13759,100254,13.37,13.01,87,29.0956,102,50.519,1,11,0.8,-6.9,0.91,0.4849267,0.8419834,1,15,12,34,18,700000
"2020-01-15 12:34:21.56",13760,100255,11.24,13.01,87,29.0963,102,50.5174,1,11,0.8,-7,0.77,0.4849383,0.8419566,1,15,12,34,20,880000
"2020-01-15 12:34:23.62",13761,100256,17.63,13.01,87,29.0971,102,50.5181,1,11,0.8,-7,1.189,0.4849516,0.8419683,1,15,12,34,22,940000
"2020-01-15 12:34:25.67",13762,100257,17.52,13.01,87,29.0983,102,50.5143,1,11,0.8,-6.8,1.182,0.4849717,0.841905,1,15,12,34,24,990000
"2020-01-15 12:34:27.72",13763,100258,19.77,13.01,87,29.0989,102,50.5144,1,11,0.8,-6.7,1.329,0.4849816,0.8419066,1,15,12,34,27,40000
"2020-01-15 12:34:30.38",13764,100259,16.62,13.02,87,29.0996,102,50.5143,1,11,0.7,-6.7,1.123,0.4849933,0.841905,1,15,12,34,29,700000
"2020-01-15 12:34:32.73",13765,100260,17.41,13.01,87,29.1003,102,50.5133,1,11,0.8,-6.8,1.175,0.485005,0.8418884,1,15,12,34,32,50000
"2020-01-15 12:34:34.91",13766,100261,15.73,13.01,87,29.101,102,50.5123,1,11,0.7,-6.9,1.065,0.4850167,0.8418716,1,15,12,34,34,230000
"2020-01-15 12:34:37.24",13767,100262,18.65,13.01,87,29.1015,102,50.5112,1,11,0.7,-7,1.255,0.485025,0.8418534,1,15,12,34,36,560000
"2020-01-15 12:34:39.4",13768,100263,16.74,13.01,87,29.1022,102,50.5053,1,11,0.7,-6.7,1.131,0.4850367,0.841755,1,15,12,34,38,720000
"2020-01-15 12:34:41.53",13769,100264,16.46,13.01,87,29.1028,102,50.5022,1,11,0.7,-6.6,1.112,0.4850467,0.8417034,1,15,12,34,40,850000
"2020-01-15 12:34:43.64",13770,100265,14.49,13.01,87,29.1038,102,50.5026,1,11,0.8,-7,0.98,0.4850634,0.84171,1,15,12,34,42,960000
"2020-01-15 12:34:46.47",13771,100266,14.83,13.01,87,29.1045,102,50.503,1,11,0.7,-7,1.006,0.485075,0.8417166,1,15,12,34,45,790000
"2020-01-15 12:34:50.93",13772,100267,15.95,13.01,87,29.1053,102,50.5087,1,11,0.7,-7,1.079,0.4850884,0.8418117,1,15,12,34,50,250000
"2020-01-15 12:34:53.16",13773,100268,17.63,13.01,87,29.1054,102,50.5118,1,11,0.7,-7.1,1.189,0.48509,0.8418634,1,15,12,34,52,480000
"2020-01-15 12:34:55.56",13774,100269,17.41,13.01,87,29.1056,102,50.5228,1,11,0.7,-7.2,1.175,0.4850933,0.8420466,1,15,12,34,54,880000
"2020-01-15 12:34:58.94",13775,100270,14.6,13.01,87,29.106,102,50.5466,1,11,0.7,-7.2,0.99,0.4851,0.8424434,1,15,12,34,58,260000
"2020-01-15 12:35:02.24",13776,100271,14.27,13.01,87,29.1064,102,50.555,1,11,0.7,-7.2,0.97,0.4851066,0.8425834,1,15,12,35,1,560000
"2020-01-15 12:35:06.05",13777,100272,13.43,13,87,29.1064,102,50.5754,1,11,0.7,-7.4,0.91,0.4851066,0.8429234,1,15,12,35,5,370000
"2020-01-15 12:35:09.59",13778,100273,11.46,13.01,87,29.1067,102,50.5768,1,11,0.7,-7.4,0.79,0.4851117,0.8429467,1,15,12,35,8,910000
