"TOA5","35279","CR800","35279","CR800.Std.27.04","CPU:AWI_V2.1_Anja.CR8","15615","OperatorView"
"TIMESTAMP","RECORD","Counter","DepthCm","BattVolts","latitude_a","latitude_b","Longitude_a","Longitude_b","fix_quality","nmbr_satellites","HDOP","altitudeB","DepthVolts","LatitudeDDDDD","LongitudeDDDDD","month","dayofmonth","hourofday","minutes","seconds","microseconds"
"TS","RN","","","","degrees","minutes","degrees","minutes","unitless","","","","","","","","","","","",""
"","","Smp","Smp","Smp","Smp","Smp","Smp","Smp","Smp","Smp","Smp","Smp","Smp","Smp","Smp","Smp","Smp","Smp","Smp","Smp","Smp"
"2020-01-26 13:06:38.34",18648,100556,17.41,12.81,87,24.691,93,51.7973,1,11,0.7,10.8,1.175,0.4115167,0.8632883,1,26,13,6,37,660000
"2020-01-26 13:10:14.83",18649,100557,15.95,12.72,87,24.6949,93,52.1318,1,12,0.7,10.4,1.079,0.4115817,0.8688634,1,26,13,10,14,150000
"2020-01-26 13:10:17.04",18650,100558,16.63,12.72,87,24.695,93,52.1358,1,12,0.7,10.4,1.123,0.4115833,0.86893,1,26,13,10,16,360000
"2020-01-26 13:10:18.85",18651,100559,12.53,12.72,87,24.6955,93,52.1314,1,12,0.7,10.4,0.86,0.4115916,0.8688566,1,26,13,10,18,170000
"2020-01-26 13:10:34.04",18652,100560,14.38,12.72,87,24.6962,93,52.1539,1,12,0.7,9.9,0.98,0.4116033,0.8692317,1,26,13,10,33,360000
"2020-01-26 13:10:36.14",18653,100561,12.7,12.72,87,24.6963,93,52.1555,1,12,0.7,9.8,0.87,0.411605,0.8692583,1,26,13,10,35,460000
"2020-01-26 13:10:37.93",18654,100562,12.86,12.72,87,24.6968,93,52.1499,1,12,0.7,9.7,0.88,0.4116134,0.869165,1,26,13,10,37,250000
"2020-01-26 13:10:39.57",18655,100563,11.12,12.72,87,24.6975,93,52.1462,1,12,0.7,9.6,0.76,0.411625,0.8691033,1,26,13,10,38,890000
"2020-01-26 13:10:40.87",18656,100564,10.9,12.71,87,24.6978,93,52.1429,1,12,0.7,9.5,0.75,0.41163,0.8690483,1,26,13,10,40,190000
"2020-01-26 13:10:42.06",18657,100565,8.88,12.72,87,24.6981,93,52.1385,1,12,0.7,9.5,0.62,0.411635,0.868975,1,26,13,10,41,380000
"2020-01-26 13:10:43.23",18658,100566,9.33,12.72,87,24.6989,93,52.1284,1,12,0.7,9.4,0.65,0.4116483,0.8688066,1,26,13,10,42,550000
"2020-01-26 13:10:44.44",18659,100567,9.22,12.71,87,24.6993,93,52.1239,1,12,0.7,9.4,0.64,0.411655,0.8687317,1,26,13,10,43,760000
"2020-01-26 13:10:45.62",18660,100568,10.17,12.71,87,24.6997,93,52.1194,1,12,0.7,9.3,0.70,0.4116616,0.8686567,1,26,13,10,44,940000
"2020-01-26 13:10:46.8",18661,100569,11.35,12.71,87,24.7002,93,52.1149,1,12,0.7,9.3,0.78,0.41167,0.8685817,1,26,13,10,46,120000
"2020-01-26 13:10:48.05",18662,100570,8.88,12.71,87,24.7007,93,52.1109,1,12,0.7,9.2,0.62,0.4116784,0.868515,1,26,13,10,47,370000
"2020-01-26 13:10:49.22",18663,100571,10.34,12.71,87,24.7017,93,52.103,1,12,0.7,9.1,0.71,0.411695,0.8683834,1,26,13,10,48,540000
"2020-01-26 13:10:50.38",18664,100572,13.43,12.72,87,24.7022,93,52.0993,1,12,0.7,8.9,0.91,0.4117033,0.8683217,1,26,13,10,49,700000
"2020-01-26 13:10:51.53",18665,100573,11.74,12.71,87,24.7026,93,52.0946,1,12,0.7,8.9,0.80,0.41171,0.8682434,1,26,13,10,50,850000
"2020-01-26 13:10:52.64",18666,100574,20.33,12.71,87,24.7032,93,52.0899,1,12,0.7,8.8,1.366,0.41172,0.868165,1,26,13,10,51,960000
"2020-01-26 13:10:53.77",18667,100575,14.6,12.71,87,24.7037,93,52.0845,1,12,0.7,8.8,0.99,0.4117283,0.868075,1,26,13,10,53,90000
"2020-01-26 13:10:54.97",18668,100576,15.39,12.71,87,24.7042,93,52.078,1,12,0.7,8.8,1.043,0.4117367,0.8679666,1,26,13,10,54,290000
"2020-01-26 13:10:56.1",18669,100577,14.44,12.71,87,24.7047,93,52.0745,1,12,0.7,8.7,0.98,0.411745,0.8679083,1,26,13,10,55,420000
"2020-01-26 13:10:57.27",18670,100578,10,12.71,87,24.7055,93,52.0643,1,12,0.7,8.7,0.69,0.4117583,0.8677384,1,26,13,10,56,590000
"2020-01-26 13:10:58.41",18671,100579,9.89,12.71,87,24.7058,93,52.0584,1,12,0.7,8.7,0.68,0.4117633,0.8676399,1,26,13,10,57,730000
"2020-01-26 13:10:59.52",18672,100580,13.15,12.71,87,24.7062,93,52.0537,1,12,0.7,8.6,0.90,0.41177,0.8675616,1,26,13,10,58,840000
"2020-01-26 13:11:00.61",18673,100581,14.27,12.71,87,24.7066,93,52.0482,1,12,0.7,8.5,0.97,0.4117767,0.86747,1,26,13,10,59,930000
"2020-01-26 13:11:01.7",18674,100582,13.76,12.71,87,24.7071,93,52.0435,1,12,0.7,8.5,0.94,0.411785,0.8673917,1,26,13,11,1,20000
"2020-01-26 13:11:02.83",18675,100583,11.41,12.71,87,24.7076,93,52.0392,1,12,0.7,8.5,0.78,0.4117933,0.86732,1,26,13,11,2,150000
"2020-01-26 13:11:03.94",18676,100584,9.55,12.71,87,24.708,93,52.0342,1,12,0.7,8.4,0.66,0.4118,0.8672366,1,26,13,11,3,260000
"2020-01-26 13:11:05.02",18677,100585,10.62,12.71,87,24.7086,93,52.0309,1,12,0.7,8.2,0.73,0.41181,0.8671817,1,26,13,11,4,340000
"2020-01-26 13:11:06.1",18678,100586,15.9,12.71,87,24.7092,93,52.0275,1,12,0.7,8,1.076,0.41182,0.867125,1,26,13,11,5,420000
"2020-01-26 13:11:07.15",18679,100587,17.47,12.7,87,24.7098,93,52.0218,1,12,0.7,7.9,1.178,0.41183,0.86703,1,26,13,11,6,470000
"2020-01-26 13:11:08.21",18680,100588,17.24,12.7,87,24.7105,93,52.0069,1,12,0.7,8,1.164,0.4118417,0.8667817,1,26,13,11,7.000,530000
"2020-01-26 13:11:09.31",18681,100589,15.61,12.71,87,24.7109,93,51.9997,1,12,0.7,7.9,1.057,0.4118483,0.8666617,1,26,13,11,8,630000
"2020-01-26 13:11:10.38",18682,100590,12.58,12.71,87,24.7113,93,51.9932,1,12,0.7,7.9,0.86,0.411855,0.8665533,1,26,13,11,9,700000
"2020-01-26 13:11:11.43",18683,100591,19.66,12.7,87,24.7117,93,51.987,1,12,0.7,7.9,1.322,0.4118617,0.86645,1,26,13,11,10,750000
"2020-01-26 13:11:12.7",18684,100592,13.76,12.71,87,24.7121,93,51.9812,1,12,0.7,8,0.94,0.4118683,0.8663534,1,26,13,11,12,20000
"2020-01-26 13:11:13.81",18685,100593,10.84,12.71,87,24.7125,93,51.9763,1,12,0.7,8,0.75,0.411875,0.8662717,1,26,13,11,13,130000
"2020-01-26 13:11:14.96",18686,100594,14.66,12.7,87,24.7129,93,51.9719,1,12,0.7,8,1.00,0.4118816,0.8661984,1,26,13,11,14,280000
"2020-01-26 13:11:16.08",18687,100595,15.28,12.7,87,24.7134,93,51.9669,1,12,0.7,8,1.035,0.41189,0.866115,1,26,13,11,15,400000
"2020-01-26 13:11:17.24",18688,100596,20.33,12.7,87,24.7142,93,51.9564,1,12,0.7,8,1.366,0.4119033,0.86594,1,26,13,11,16,560000
"2020-01-26 13:11:18.47",18689,100597,10.96,12.7,87,24.7145,93,51.9505,1,12,0.7,8,0.75,0.4119083,0.8658417,1,26,13,11,17,790000
"2020-01-26 13:11:19.59",18690,100598,9.89,12.7,87,24.7149,93,51.9458,1,12,0.7,7.9,0.68,0.411915,0.8657634,1,26,13,11,18,910000
"2020-01-26 13:11:20.77",18691,100599,7.196,12.7,87,24.7153,93,51.9418,1,12,0.7,7.9,0.51,0.4119216,0.8656966,1,26,13,11,20,90000
"2020-01-26 13:11:21.95",18692,100600,11.41,12.7,87,24.7156,93,51.9361,1,12,0.7,7.9,0.78,0.4119266,0.8656017,1,26,13,11,21,270000
"2020-01-26 13:11:23.11",18693,100601,12.81,12.7,87,24.716,93,51.9314,1,12,0.7,7.8,0.87,0.4119333,0.8655234,1,26,13,11,22,430000
"2020-01-26 13:11:24.34",18694,100602,9.22,12.7,87,24.7167,93,51.9237,1,12,0.7,7.8,0.64,0.411945,0.865395,1,26,13,11,23,660000
"2020-01-26 13:11:25.51",18695,100603,8.65,12.7,87,24.7171,93,51.9206,1,12,0.7,7.7,0.60,0.4119517,0.8653434,1,26,13,11,24,830000
"2020-01-26 13:11:29.65",18696,100604,9.67,12.7,87,24.7178,93,51.9201,1,12,0.7,7.7,0.67,0.4119634,0.865335,1,26,13,11,28,970000
"2020-01-26 13:11:30.91",18697,100605,7.589,12.7,87,24.7179,93,51.9187,1,12,0.7,7.7,0.53,0.411965,0.8653117,1,26,13,11,30,230000
"2020-01-26 13:11:32.05",18698,100606,9.55,12.69,87,24.7182,93,51.9165,1,12,0.7,7.6,0.66,0.41197,0.865275,1,26,13,11,31,370000
"2020-01-26 13:11:33.2",18699,100607,8.82,12.7,87,24.7189,93,51.9079,1,12,0.7,7.6,0.61,0.4119817,0.8651317,1,26,13,11,32,520000
"2020-01-26 13:11:34.38",18700,100608,17.97,12.7,87,24.7193,93,51.9044,1,12,0.7,7.7,1.211,0.4119883,0.8650734,1,26,13,11,33,700000
"2020-01-26 13:11:35.59",18701,100609,11.91,12.7,87,24.7196,93,51.9008,1,12,0.7,7.6,0.82,0.4119934,0.8650133,1,26,13,11,34,910000
"2020-01-26 13:11:36.84",18702,100610,18.76,12.7,87,24.72,93,51.8982,1,12,0.7,7.6,1.263,0.412,0.86497,1,26,13,11,36,160000
"2020-01-26 13:11:38.09",18703,100611,18.14,12.7,87,24.7203,93,51.8956,1,12,0.7,7.6,1.222,0.412005,0.8649266,1,26,13,11,37,410000
"2020-01-26 13:11:39.36",18704,100612,14.72,12.7,87,24.7209,93,51.8892,1,12,0.7,7.6,1.00,0.412015,0.8648199,1,26,13,11,38,680000
"2020-01-26 13:11:40.62",18705,100613,16.68,12.69,87,24.7212,93,51.8848,1,12,0.7,7.5,1.127,0.41202,0.8647467,1,26,13,11,39,940000
"2020-01-26 13:11:41.84",18706,100614,13.76,12.69,87,24.7215,93,51.8803,1,12,0.7,7.5,0.94,0.412025,0.8646717,1,26,13,11,41,160000
"2020-01-26 13:11:43.13",18707,100615,7.645,12.69,87,24.7218,93,51.8761,1,12,0.7,7.5,0.54,0.41203,0.8646017,1,26,13,11,42,450000
"2020-01-26 13:11:44.36",18708,100616,19.43,12.7,87,24.7227,93,51.8686,1,12,0.7,7.4,1.307,0.412045,0.8644766,1,26,13,11,43,680000
"2020-01-26 13:11:45.8",18709,100617,10.9,12.69,87,24.7231,93,51.8656,1,12,0.7,7.4,0.75,0.4120517,0.8644266,1,26,13,11,45,120000
"2020-01-26 13:11:47.86",18710,100618,10.62,12.69,87,24.7238,93,51.8579,1,12,0.7,7.4,0.73,0.4120633,0.8642983,1,26,13,11,47,180000
"2020-01-26 13:11:49.18",18711,100619,13.76,12.69,87,24.7244,93,51.856,1,12,0.7,7.4,0.94,0.4120733,0.8642666,1,26,13,11,48,490000
"2020-01-26 13:11:50.61",18712,100620,14.66,12.7,87,24.7246,93,51.8543,1,12,0.7,7.4,1.00,0.4120766,0.8642384,1,26,13,11,49,930000
"2020-01-26 13:11:52.04",18713,100621,13.09,12.69,87,24.7249,93,51.8511,1,12,0.7,7.4,0.89,0.4120816,0.864185,1,26,13,11,51,360000
"2020-01-26 13:11:53.52",18714,100622,16.74,12.69,87,24.7256,93,51.847,1,12,0.7,7.3,1.131,0.4120933,0.8641166,1,26,13,11,52,840000
"2020-01-26 13:11:54.93",18715,100623,17.58,12.7,87,24.7259,93,51.8463,1,12,0.7,7.4,1.186,0.4120984,0.864105,1,26,13,11,54,250000
"2020-01-26 13:11:56.33",18716,100624,17.69,12.69,87,24.7266,93,51.8396,1,12,0.7,7.4,1.193,0.41211,0.8639934,1,26,13,11,55,650000
"2020-01-26 13:11:57.79",18717,100625,11.18,12.69,87,24.7269,93,51.8379,1,12,0.7,7.4,0.77,0.412115,0.863965,1,26,13,11,57,110000
"2020-01-26 13:11:59.3",18718,100626,10.73,12.69,87,24.7276,93,51.8351,1,12,0.7,7.3,0.74,0.4121267,0.8639183,1,26,13,11,58,620000
"2020-01-26 13:12:00.7",18719,100627,8.88,12.68,87,24.7279,93,51.834,1,12,0.7,7.3,0.62,0.4121317,0.8639,1,26,13,12,0,20000
"2020-01-26 13:12:02.13",18720,100628,11.24,12.69,87,24.7283,93,51.8326,1,12,0.7,7.3,0.77,0.4121384,0.8638766,1,26,13,12,1,450000
"2020-01-26 13:12:03.51",18721,100629,10.23,12.69,87,24.7291,93,51.8291,1,12,0.7,7.2,0.71,0.4121517,0.8638183,1,26,13,12,2,830000
"2020-01-26 13:12:06.83",18722,100630,12.42,12.69,87,24.7296,93,51.8306,1,12,0.7,7.2,0.85,0.41216,0.8638434,1,26,13,12,6,150000
"2020-01-26 13:12:08.72",18723,100631,13.37,12.69,87,24.7302,93,51.8262,1,12,0.7,7.2,0.91,0.41217,0.8637699,1,26,13,12,8,40000
"2020-01-26 13:12:12.15",18724,100632,9.67,12.68,87,24.731,93,51.8242,1,12,0.7,7.1,0.67,0.4121834,0.8637367,1,26,13,12,11,470000
"2020-01-26 13:12:13.39",18725,100633,7.869,12.68,87,24.7314,93,51.8231,1,12,0.7,7,0.55,0.41219,0.8637183,1,26,13,12,12,710000
"2020-01-26 13:12:14.56",18726,100634,8.49,12.68,87,24.7317,93,51.8212,1,12,0.7,6.9,0.59,0.412195,0.8636867,1,26,13,12,13,880000
"2020-01-26 13:12:15.7",18727,100635,8.99,12.68,87,24.732,93,51.8197,1,12,0.7,6.9,0.62,0.4122,0.8636617,1,26,13,12,15,20000
"2020-01-26 13:12:16.81",18728,100636,7.083,12.68,87,24.7324,93,51.817,1,12,0.7,6.9,0.50,0.4122067,0.8636167,1,26,13,12,16,130000
"2020-01-26 13:12:17.88",18729,100637,9.72,12.68,87,24.7327,93,51.8134,1,12,0.7,6.8,0.67,0.4122117,0.8635567,1,26,13,12,17,200000
"2020-01-26 13:12:18.96",18730,100638,7.645,12.68,87,24.7331,93,51.8097,1,12,0.7,6.8,0.54,0.4122184,0.863495,1,26,13,12,18,280000
"2020-01-26 13:12:20.06",18731,100639,9.95,12.68,87,24.7334,93,51.8059,1,12,0.7,6.8,0.69,0.4122233,0.8634317,1,26,13,12,19,380000
"2020-01-26 13:12:21.11",18732,100640,8.77,12.68,87,24.7338,93,51.8013,1,12,0.7,6.8,0.61,0.41223,0.863355,1,26,13,12,20,430000
"2020-01-26 13:12:22.23",18733,100641,9.16,12.68,87,24.7345,93,51.7932,1,12,0.7,6.7,0.64,0.4122417,0.86322,1,26,13,12,21,550000
"2020-01-26 13:12:23.34",18734,100642,11.74,12.67,87,24.7349,93,51.7895,1,12,0.7,6.7,0.80,0.4122483,0.8631583,1,26,13,12,22,660000
"2020-01-26 13:12:24.42",18735,100643,17.97,12.68,87,24.7353,93,51.7859,1,12,0.7,6.7,1.211,0.412255,0.8630983,1,26,13,12,23,740000
"2020-01-26 13:12:25.55",18736,100644,7.14,12.68,87,24.7356,93,51.7824,1,12,0.7,6.6,0.50,0.41226,0.86304,1,26,13,12,24,870000
"2020-01-26 13:12:26.63",18737,100645,8.37,12.68,87,24.7359,93,51.7792,1,12,0.7,6.6,0.58,0.412265,0.8629867,1,26,13,12,25,950000
"2020-01-26 13:12:27.69",18738,100646,8.99,12.68,87,24.7362,93,51.7762,1,12,0.7,6.6,0.62,0.41227,0.8629366,1,26,13,12,27,10000
"2020-01-26 13:12:28.79",18739,100647,9.05,12.68,87,24.7365,93,51.7731,1,12,0.7,6.5,0.63,0.412275,0.862885,1,26,13,12,28,110000
"2020-01-26 13:12:29.87",18740,100648,17.75,12.67,87,24.7369,93,51.769,1,12,0.7,6.5,1.197,0.4122817,0.8628167,1,26,13,12,29,190000
"2020-01-26 13:12:31",18741,100649,15.5,12.68,87,24.7372,93,51.7645,1,12,0.7,6.5,1.05,0.4122867,0.8627417,1,26,13,12,30,320000
"2020-01-26 13:12:32.47",18742,100650,19.99,12.67,87,24.7379,93,51.7559,1,12,0.7,6.4,1.344,0.4122983,0.8625983,1,26,13,12,31,790000
"2020-01-26 13:12:33.77",18743,100651,23.59,12.68,87,24.7381,93,51.7538,1,12,0.7,6.4,1.578,0.4123016,0.8625633,1,26,13,12,33,90000
"2020-01-26 13:12:35.14",18744,100652,21.62,12.68,87,24.7383,93,51.7515,1,12,0.7,6.5,1.45,0.412305,0.862525,1,26,13,12,34,460000
"2020-01-26 13:12:36.5",18745,100653,29.09,12.67,87,24.7388,93,51.7467,1,12,0.7,6.4,1.938,0.4123134,0.862445,1,26,13,12,35,820000
"2020-01-26 13:12:37.95",18746,100654,19.38,12.68,87,24.739,93,51.7462,1,12,0.7,6.5,1.303,0.4123167,0.8624366,1,26,13,12,37,270000
"2020-01-26 13:12:39.43",18747,100655,16.46,12.68,87,24.7395,93,51.7417,1,12,0.7,6.5,1.112,0.412325,0.8623617,1,26,13,12,38,750000
"2020-01-26 13:12:40.76",18748,100656,19.94,12.68,87,24.7396,93,51.7409,1,12,0.7,6.5,1.34,0.4123267,0.8623483,1,26,13,12,40,80000
"2020-01-26 13:12:42.11",18749,100657,20.16,12.67,87,24.7398,93,51.7393,1,12,0.7,6.4,1.355,0.41233,0.8623217,1,26,13,12,41,430000
"2020-01-26 13:12:43.43",18750,100658,17.75,12.67,87,24.7403,93,51.7321,1,12,0.7,6.3,1.197,0.4123383,0.8622017,1,26,13,12,42,750000
"2020-01-26 13:12:44.83",18751,100659,17.52,12.67,87,24.7405,93,51.7302,1,12,0.7,6.3,1.182,0.4123416,0.8621701,1,26,13,12,44,150000
"2020-01-26 13:12:46.3",18752,100660,12.58,12.68,87,24.7409,93,51.7257,1,12,0.7,6.3,0.86,0.4123483,0.862095,1,26,13,12,45,620000
"2020-01-26 13:12:49.12",18753,100661,21.23,12.68,87,24.7413,93,51.7206,1,12,0.7,6.2,1.424,0.412355,0.86201,1,26,13,12,48,440000
"2020-01-26 13:12:57.96",18754,100662,21.23,12.67,87,24.7418,93,51.7022,1,12,0.7,6.4,1.424,0.4123634,0.8617034,1,26,13,12,57,280000
"2020-01-26 13:13:01.43",18755,100663,26.34,12.67,87,24.741,93,51.7203,1,12,0.7,6.5,1.758,0.41235,0.862005,1,26,13,13,0,750000
"2020-01-26 13:13:05.94",18756,100664,25.94,12.67,87,24.741,93,51.7118,1,12,0.7,6.6,1.733,0.41235,0.8618633,1,26,13,13,5,260000
"2020-01-26 13:13:08.09",18757,100665,25.77,12.66,87,24.7408,93,51.71,1,12,0.7,6.6,1.722,0.4123467,0.8618334,1,26,13,13,7.000,410000
"2020-01-26 13:13:09.69",18758,100666,25.94,12.67,87,24.7405,93,51.7072,1,12,0.7,6.6,1.733,0.4123416,0.8617866,1,26,13,13,9,10000
"2020-01-26 13:13:11.47",18759,100667,29.09,12.67,87,24.7402,93,51.7015,1,12,0.7,6.6,1.938,0.4123367,0.8616917,1,26,13,13,10,790000
"2020-01-26 13:13:13.07",18760,100668,30.43,12.67,87,24.7401,93,51.6977,1,12,0.7,6.6,2.026,0.412335,0.8616283,1,26,13,13,12,390000
"2020-01-26 13:13:14.73",18761,100669,28.75,12.67,87,24.7399,93,51.6891,1,12,0.7,6.5,1.916,0.4123317,0.861485,1,26,13,13,14,50000
"2020-01-26 13:13:16.42",18762,100670,31.22,12.67,87,24.7396,93,51.6822,1,12,0.7,6.6,2.078,0.4123267,0.86137,1,26,13,13,15,740000
"2020-01-26 13:13:18.66",18763,100671,17.3,12.66,87,24.7392,93,51.6776,1,12,0.7,6.6,1.167,0.41232,0.8612934,1,26,13,13,17,980000
"2020-01-26 13:13:20.17",18764,100672,29.09,12.67,87,24.7388,93,51.6755,1,12,0.7,6.6,1.938,0.4123134,0.8612583,1,26,13,13,19,490000
"2020-01-26 13:13:21.63",18765,100673,35.93,12.67,87,24.7386,93,51.6705,1,12,0.7,6.6,2.386,0.41231,0.861175,1,26,13,13,20,950000
"2020-01-26 13:13:23.36",18766,100674,35.26,12.66,87,24.7382,93,51.6696,1,12,0.7,6.6,2.342,0.4123033,0.86116,1,26,13,13,22,680000
"2020-01-26 13:13:25.77",18767,100675,29.87,12.67,87,24.7376,93,51.6676,1,12,0.7,6.7,1.99,0.4122934,0.8611266,1,26,13,13,25,90000
"2020-01-26 13:13:27.61",18768,100676,37.73,12.67,87,24.7373,93,51.6631,1,12,0.7,6.7,2.504,0.4122883,0.8610517,1,26,13,13,26,930000
"2020-01-26 13:13:29.67",18769,100677,33.01,12.66,87,24.737,93,51.6592,1,12,0.7,6.7,2.195,0.4122833,0.8609866,1,26,13,13,28,990000
"2020-01-26 13:13:31.6",18770,100678,24.03,12.67,87,24.7369,93,51.6564,1,12,0.7,6.8,1.608,0.4122817,0.86094,1,26,13,13,30,920000
"2020-01-26 13:13:33.34",18771,100679,21,12.66,87,24.7367,93,51.6512,1,12,0.7,6.8,1.41,0.4122783,0.8608533,1,26,13,13,32,660000
"2020-01-26 13:13:35.17",18772,100680,18.2,12.67,87,24.7364,93,51.6486,1,12,0.7,6.8,1.226,0.4122734,0.8608101,1,26,13,13,34,490000
"2020-01-26 13:13:37.11",18773,100681,17.86,12.66,87,24.7363,93,51.6452,1,12,0.7,6.8,1.204,0.4122716,0.8607533,1,26,13,13,36,430000
"2020-01-26 13:13:38.95",18774,100682,17.75,12.66,87,24.736,93,51.6399,1,12,0.7,6.8,1.197,0.4122667,0.860665,1,26,13,13,38,270000
"2020-01-26 13:13:40.84",18775,100683,18.42,12.66,87,24.7357,93,51.6362,1,12,0.7,6.8,1.241,0.4122617,0.8606034,1,26,13,13,40,160000
"2020-01-26 13:13:42.56",18776,100684,18.87,12.66,87,24.7354,93,51.6301,1,12,0.7,6.9,1.27,0.4122566,0.8605017,1,26,13,13,41,880000
"2020-01-26 13:13:44.26",18777,100685,18.36,12.66,87,24.7351,93,51.6257,1,12,0.7,6.9,1.237,0.4122516,0.8604284,1,26,13,13,43,580000
"2020-01-26 13:13:45.93",18778,100686,19.21,12.66,87,24.7349,93,51.6209,1,12,0.7,6.9,1.292,0.4122483,0.8603483,1,26,13,13,45,250000
"2020-01-26 13:13:47.62",18779,100687,17.3,12.66,87,24.7347,93,51.6163,1,12,0.7,6.9,1.167,0.412245,0.8602716,1,26,13,13,46,940000
"2020-01-26 13:13:49.25",18780,100688,16.91,12.66,87,24.7344,93,51.6109,1,12,0.7,6.9,1.142,0.41224,0.8601817,1,26,13,13,48,570000
"2020-01-26 13:13:50.88",18781,100689,16.51,12.66,87,24.7343,93,51.6084,1,12,0.7,6.9,1.116,0.4122383,0.86014,1,26,13,13,50,200000
"2020-01-26 13:13:52.58",18782,100690,15.05,12.66,87,24.734,93,51.6024,1,12,0.7,6.9,1.021,0.4122333,0.86004,1,26,13,13,51,900000
"2020-01-26 13:13:54.27",18783,100691,13.93,12.65,87,24.7335,93,51.5962,1,12,0.7,6.9,0.95,0.412225,0.8599366,1,26,13,13,53,590000
"2020-01-26 13:13:56.09",18784,100692,13.71,12.66,87,24.7334,93,51.5947,1,12,0.7,6.9,0.93,0.4122233,0.8599117,1,26,13,13,55,410000
"2020-01-26 13:13:57.82",18785,100693,13.54,12.66,87,24.7331,93,51.5874,1,12,0.7,6.9,0.92,0.4122184,0.85979,1,26,13,13,57,140000
"2020-01-26 13:13:59.44",18786,100694,16.74,12.66,87,24.7326,93,51.5813,1,12,0.7,7,1.131,0.41221,0.8596883,1,26,13,13,58,760000
"2020-01-26 13:14:01.26",18787,100695,18.59,12.65,87,24.7322,93,51.5742,1,12,0.7,6.9,1.252,0.4122034,0.85957,1,26,13,14,0,580000
"2020-01-26 13:14:03.03",18788,100696,20.05,12.66,87,24.7321,93,51.5713,1,12,0.7,7,1.347,0.4122017,0.8595217,1,26,13,14,2,350000
"2020-01-26 13:14:07.15",18789,100697,20.22,12.66,87,24.7318,93,51.5681,1,12,0.7,6.9,1.358,0.4121967,0.8594683,1,26,13,14,6,470000
"2020-01-26 13:14:16.76",18790,100698,15.5,12.65,87,24.7315,93,51.5804,1,12,0.7,6.8,1.05,0.4121917,0.8596734,1,26,13,14,16,80000
"2020-01-26 13:14:18.71",18791,100699,19.04,12.65,87,24.7313,93,51.58,1,12,0.7,6.8,1.281,0.4121884,0.8596667,1,26,13,14,18,30000
"2020-01-26 13:14:20.24",18792,100700,15.84,12.65,87,24.731,93,51.5764,1,12,0.7,6.8,1.072,0.4121834,0.8596067,1,26,13,14,19,560000
"2020-01-26 13:14:21.59",18793,100701,14.44,12.65,87,24.7308,93,51.574,1,12,0.7,6.8,0.98,0.41218,0.8595667,1,26,13,14,20,910000
"2020-01-26 13:14:22.74",18794,100702,18.25,12.65,87,24.7307,93,51.5712,1,12,0.7,6.8,1.23,0.4121783,0.85952,1,26,13,14,22,60000
"2020-01-26 13:14:23.88",18795,100703,17.52,12.65,87,24.7305,93,51.5676,1,12,0.7,6.8,1.182,0.412175,0.85946,1,26,13,14,23,200000
"2020-01-26 13:14:25.03",18796,100704,19.15,12.65,87,24.7302,93,51.5635,1,12,0.7,6.8,1.288,0.41217,0.8593916,1,26,13,14,24,350000
"2020-01-26 13:14:26.2",18797,100705,14.94,12.65,87,24.7297,93,51.5553,1,12,0.7,6.9,1.013,0.4121617,0.859255,1,26,13,14,25,520000
"2020-01-26 13:14:27.33",18798,100706,17.3,12.65,87,24.7295,93,51.5508,1,12,0.7,6.8,1.167,0.4121584,0.85918,1,26,13,14,26,650000
"2020-01-26 13:14:28.43",18799,100707,16.57,12.65,87,24.7293,93,51.5467,1,12,0.7,6.8,1.12,0.412155,0.8591117,1,26,13,14,27,750000
"2020-01-26 13:14:29.57",18800,100708,18.08,12.65,87,24.7291,93,51.5422,1,12,0.7,6.8,1.219,0.4121517,0.8590366,1,26,13,14,28,890000
"2020-01-26 13:14:30.65",18801,100709,17.3,12.65,87,24.7289,93,51.538,1,12,0.7,6.8,1.167,0.4121484,0.8589666,1,26,13,14,29,970000
"2020-01-26 13:14:31.82",18802,100710,13.93,12.65,87,24.7286,93,51.5338,1,12,0.7,6.8,0.95,0.4121433,0.8588966,1,26,13,14,31,140000
"2020-01-26 13:14:32.89",18803,100711,15.84,12.65,87,24.7284,93,51.5297,1,12,0.7,6.7,1.072,0.41214,0.8588284,1,26,13,14,32,210000
"2020-01-26 13:14:33.98",18804,100712,8.54,12.64,87,24.7281,93,51.5253,1,12,0.7,6.7,0.60,0.412135,0.858755,1,26,13,14,33,300000
"2020-01-26 13:14:35.15",18805,100713,13.82,12.65,87,24.7279,93,51.5212,1,12,0.7,6.8,0.94,0.4121317,0.8586866,1,26,13,14,34,460000
"2020-01-26 13:14:36.31",18806,100714,10.17,12.65,87,24.7274,93,51.5142,1,12,0.7,6.7,0.70,0.4121233,0.85857,1,26,13,14,35,630000
"2020-01-26 13:14:37.51",18807,100715,14.04,12.65,87,24.7272,93,51.5105,1,12,0.7,6.7,0.95,0.41212,0.8585083,1,26,13,14,36,830000
"2020-01-26 13:14:38.7",18808,100716,8.21,12.65,87,24.7271,93,51.5066,1,12,0.7,6.6,0.57,0.4121184,0.8584433,1,26,13,14,38,20000
"2020-01-26 13:14:39.87",18809,100717,7.589,12.65,87,24.727,93,51.5026,1,12,0.7,6.6,0.53,0.4121166,0.8583767,1,26,13,14,39,190000
"2020-01-26 13:14:41.05",18810,100718,10.39,12.65,87,24.727,93,51.5014,1,12,0.7,6.5,0.72,0.4121166,0.8583566,1,26,13,14,40,370000
"2020-01-26 13:14:42.19",18811,100719,8.32,12.65,87,24.7266,93,51.4936,1,12,0.7,6.4,0.58,0.41211,0.8582266,1,26,13,14,41,510000
"2020-01-26 13:14:43.37",18812,100720,8.43,12.64,87,24.7264,93,51.4904,1,12,0.7,6.4,0.59,0.4121067,0.8581733,1,26,13,14,42,690000
"2020-01-26 13:14:44.52",18813,100721,7.027,12.65,87,24.7261,93,51.4864,1,12,0.7,6.3,0.50,0.4121017,0.8581066,1,26,13,14,43,840000
"2020-01-26 13:14:45.68",18814,100722,9.16,12.65,87,24.7259,93,51.4821,1,12,0.7,6.4,0.64,0.4120984,0.858035,1,26,13,14,45,0
"2020-01-26 13:14:46.87",18815,100723,10.39,12.65,87,24.7257,93,51.4773,1,12,0.7,6.3,0.72,0.412095,0.857955,1,26,13,14,46,190000
"2020-01-26 13:14:48.06",18816,100724,5.792,12.64,87,24.7254,93,51.4725,1,12,0.7,6.3,0.42,0.41209,0.857875,1,26,13,14,47,380000
"2020-01-26 13:14:49.23",18817,100725,6.298,12.65,87,24.725,93,51.464,1,12,0.7,6.3,0.45,0.4120833,0.8577334,1,26,13,14,48,550000
"2020-01-26 13:14:50.41",18818,100726,9.38,12.64,87,24.7247,93,51.4596,1,12,0.7,6.3,0.65,0.4120784,0.85766,1,26,13,14,49,730000
"2020-01-26 13:14:52.19",18819,100727,11.35,12.65,87,24.7244,93,51.4524,1,12,0.7,6.3,0.78,0.4120733,0.85754,1,26,13,14,51,510000
"2020-01-26 13:14:58.07",18820,100728,9.89,12.64,87,24.724,93,51.457,1,12,0.7,6.3,0.68,0.4120667,0.8576166,1,26,13,14,57,390000
"2020-01-26 13:14:59.31",18821,100729,8.32,12.65,87,24.7238,93,51.4694,1,12,0.7,6.3,0.58,0.4120633,0.8578233,1,26,13,14,58,630000
"2020-01-26 13:15:00.42",18822,100730,10.34,12.63,87,24.7235,93,51.4784,1,12,0.7,6.2,0.71,0.4120583,0.8579734,1,26,13,14,59,740000
"2020-01-26 13:15:01.52",18823,100731,7.364,12.64,87,24.7234,93,51.483,1,12,0.7,6.2,0.52,0.4120566,0.8580501,1,26,13,15,0,840000
"2020-01-26 13:15:02.65",18824,100732,8.82,12.64,87,24.7232,93,51.4868,1,12,0.7,6.2,0.61,0.4120533,0.8581134,1,26,13,15,1,970000
"2020-01-26 13:15:11.11",18825,100733,9.78,12.64,87,24.7223,93,51.5005,1,12,0.7,6,0.68,0.4120383,0.8583416,1,26,13,15,10,430000
"2020-01-26 13:15:12.35",18826,100734,10,12.64,87,24.7219,93,51.5065,1,12,0.7,6.1,0.69,0.4120317,0.8584417,1,26,13,15,11,670000
"2020-01-26 13:15:13.56",18827,100735,10.11,12.64,87,24.7217,93,51.5117,1,12,0.7,6,0.70,0.4120284,0.8585283,1,26,13,15,12,880000
"2020-01-26 13:15:14.7",18828,100736,9.89,12.63,87,24.7215,93,51.5177,1,12,0.7,6,0.68,0.412025,0.8586283,1,26,13,15,14,20000
"2020-01-26 13:15:15.84",18829,100737,11.24,12.63,87,24.7212,93,51.5223,1,12,0.7,5.9,0.77,0.41202,0.858705,1,26,13,15,15,160000
"2020-01-26 13:15:17",18830,100738,10.11,12.63,87,24.721,93,51.527,1,12,0.7,5.9,0.70,0.4120167,0.8587834,1,26,13,15,16,320000
"2020-01-26 13:15:18.12",18831,100739,10.28,12.63,87,24.7208,93,51.5321,1,12,0.7,5.9,0.71,0.4120134,0.8588684,1,26,13,15,17,440000
"2020-01-26 13:15:19.25",18832,100740,11.35,12.63,87,24.7204,93,51.5421,1,12,0.7,5.8,0.78,0.4120067,0.859035,1,26,13,15,18,570000
"2020-01-26 13:15:20.42",18833,100741,12.36,12.63,87,24.7202,93,51.5472,1,12,0.7,5.7,0.84,0.4120033,0.85912,1,26,13,15,19,740000
"2020-01-26 13:15:21.53",18834,100742,12.7,12.63,87,24.72,93,51.5521,1,12,0.7,5.8,0.87,0.412,0.8592017,1,26,13,15,20,850000
"2020-01-26 13:15:22.66",18835,100743,10.39,12.63,87,24.7198,93,51.5565,1,12,0.7,5.7,0.72,0.4119967,0.859275,1,26,13,15,21,980000
"2020-01-26 13:15:23.7",18836,100744,11.35,12.63,87,24.7195,93,51.561,1,12,0.7,5.7,0.78,0.4119916,0.85935,1,26,13,15,23,20000
"2020-01-26 13:15:24.77",18837,100745,10.11,12.63,87,24.7193,93,51.5665,1,12,0.7,5.7,0.70,0.4119883,0.8594417,1,26,13,15,24,90000
"2020-01-26 13:15:25.86",18838,100746,11.24,12.63,87,24.719,93,51.5725,1,12,0.7,5.6,0.77,0.4119834,0.8595417,1,26,13,15,25,180000
"2020-01-26 13:15:26.94",18839,100747,12.36,12.63,87,24.7188,93,51.5783,1,12,0.7,5.6,0.84,0.41198,0.8596383,1,26,13,15,26,260000
"2020-01-26 13:15:28.01",18840,100748,13.26,12.63,87,24.7186,93,51.584,1,12,0.7,5.5,0.90,0.4119767,0.8597334,1,26,13,15,27,330000
"2020-01-26 13:15:29.11",18841,100749,11.69,12.63,87,24.7184,93,51.5893,1,12,0.7,5.5,0.8,0.4119733,0.8598216,1,26,13,15,28,430000
"2020-01-26 13:15:30.19",18842,100750,12.25,12.63,87,24.7181,93,51.5936,1,12,0.7,5.4,0.84,0.4119683,0.8598934,1,26,13,15,29,500000
"2020-01-26 13:15:31.3",18843,100751,12.19,12.63,87,24.7177,93,51.6037,1,12,0.7,5.4,0.83,0.4119616,0.8600617,1,26,13,15,30,620000
"2020-01-26 13:15:32.41",18844,100752,14.55,12.63,87,24.7175,93,51.6092,1,12,0.7,5.4,0.99,0.4119583,0.8601533,1,26,13,15,31,730000
"2020-01-26 13:15:33.53",18845,100753,16.79,12.63,87,24.7172,93,51.6137,1,12,0.7,5.4,1.134,0.4119533,0.8602283,1,26,13,15,32,850000
"2020-01-26 13:15:34.62",18846,100754,15.61,12.63,87,24.7168,93,51.6186,1,12,0.7,5.4,1.057,0.4119467,0.8603099,1,26,13,15,33,940000
"2020-01-26 13:15:35.74",18847,100755,17.35,12.63,87,24.7165,93,51.624,1,12,0.7,5.4,1.171,0.4119416,0.8604,1,26,13,15,35,60000
"2020-01-26 13:15:36.78",18848,100756,16.96,12.63,87,24.7162,93,51.6301,1,12,0.7,5.4,1.145,0.4119367,0.8605017,1,26,13,15,36,100000
"2020-01-26 13:15:39.68",18849,100757,20.89,12.63,87,24.7154,93,51.6474,1,12,0.7,5.4,1.402,0.4119234,0.86079,1,26,13,15,39,0
"2020-01-26 13:15:43.44",18850,100758,18.53,12.63,87,24.7153,93,51.656,1,12,0.7,5.5,1.248,0.4119216,0.8609333,1,26,13,15,42,760000
"2020-01-26 13:15:44.71",18851,100759,15.61,12.63,87,24.7151,93,51.6607,1,12,0.7,5.5,1.057,0.4119183,0.8610117,1,26,13,15,44,30000
"2020-01-26 13:15:45.82",18852,100760,15,12.63,87,24.7148,93,51.6643,1,12,0.7,5.4,1.017,0.4119133,0.8610717,1,26,13,15,45,140000
"2020-01-26 13:15:46.94",18853,100761,15.56,12.63,87,24.7145,93,51.6693,1,12,0.7,5.4,1.054,0.4119083,0.861155,1,26,13,15,46,260000
"2020-01-26 13:15:48.08",18854,100762,16.18,12.63,87,24.7142,93,51.6761,1,12,0.7,5.3,1.094,0.4119033,0.8612683,1,26,13,15,47,400000
"2020-01-26 13:15:49.24",18855,100763,15.33,12.63,87,24.7137,93,51.6898,1,12,0.7,5.2,1.039,0.411895,0.8614967,1,26,13,15,48,560000
"2020-01-26 13:15:50.36",18856,100764,11.91,12.63,87,24.7134,93,51.6959,1,12,0.7,5.2,0.82,0.41189,0.8615983,1,26,13,15,49,680000
"2020-01-26 13:15:51.48",18857,100765,15.9,12.63,87,24.7131,93,51.7014,1,12,0.7,5.2,1.076,0.411885,0.86169,1,26,13,15,50,800000
"2020-01-26 13:15:52.58",18858,100766,14.49,12.62,87,24.7127,93,51.7079,1,12,0.7,5.2,0.98,0.4118783,0.8617983,1,26,13,15,51,900000
"2020-01-26 13:15:53.73",18859,100767,13.76,12.63,87,24.7124,93,51.7147,1,12,0.7,5.2,0.94,0.4118734,0.8619117,1,26,13,15,53,50000
"2020-01-26 13:15:54.86",18860,100768,16.63,12.63,87,24.7121,93,51.7209,1,12,0.7,5.3,1.123,0.4118683,0.862015,1,26,13,15,54,180000
"2020-01-26 13:15:55.96",18861,100769,14.49,12.63,87,24.7119,93,51.7272,1,12,0.7,5.3,0.98,0.411865,0.86212,1,26,13,15,55,280000
"2020-01-26 13:15:57.06",18862,100770,14.94,12.62,87,24.7116,93,51.7338,1,12,0.7,5.3,1.013,0.41186,0.86223,1,26,13,15,56,380000
"2020-01-26 13:15:58.16",18863,100771,14.66,12.62,87,24.7113,93,51.7397,1,12,0.7,5.3,1.00,0.411855,0.8623283,1,26,13,15,57,480000
"2020-01-26 13:15:59.25",18864,100772,14.94,12.63,87,24.7109,93,51.7529,1,12,0.7,5.2,1.013,0.4118483,0.8625483,1,26,13,15,58,570000
"2020-01-26 13:16:04.28",18865,100773,10.9,12.63,87,24.7103,93,51.7688,1,12,0.7,5.1,0.75,0.4118384,0.8628133,1,26,13,16,3,600000
"2020-01-26 13:16:05.59",18866,100774,11.8,12.62,87,24.7102,93,51.7732,1,12,0.7,5,0.81,0.4118366,0.8628866,1,26,13,16,4,910000
"2020-01-26 13:16:06.67",18867,100775,11.41,12.62,87,24.71,93,51.7772,1,12,0.7,5,0.78,0.4118333,0.8629533,1,26,13,16,5,990000
"2020-01-26 13:16:07.79",18868,100776,9.16,12.62,87,24.7097,93,51.7822,1,12,0.7,5,0.64,0.4118283,0.8630367,1,26,13,16,7.000,110000
"2020-01-26 13:16:08.88",18869,100777,8.99,12.63,87,24.7094,93,51.7878,1,12,0.7,5,0.62,0.4118233,0.86313,1,26,13,16,8,200000
"2020-01-26 13:16:10.01",18870,100778,8.77,12.63,87,24.7091,93,51.7933,1,12,0.7,5,0.61,0.4118184,0.8632217,1,26,13,16,9,330000
"2020-01-26 13:16:11.09",18871,100779,9.44,12.62,87,24.7088,93,51.7994,1,12,0.7,5,0.65,0.4118133,0.8633234,1,26,13,16,10,410000
"2020-01-26 13:16:12.27",18872,100780,10.51,12.62,87,24.7082,93,51.8115,1,12,0.7,5,0.72,0.4118033,0.863525,1,26,13,16,11,590000
"2020-01-26 13:16:13.41",18873,100781,10.34,12.62,87,24.7079,93,51.8175,1,12,0.7,5,0.71,0.4117983,0.863625,1,26,13,16,12,730000
"2020-01-26 13:16:14.55",18874,100782,11.35,12.63,87,24.7076,93,51.8237,1,12,0.7,5,0.78,0.4117933,0.8637283,1,26,13,16,13,870000
"2020-01-26 13:16:15.67",18875,100783,8.43,12.63,87,24.7073,93,51.829,1,12,0.7,5,0.59,0.4117884,0.8638166,1,26,13,16,14,990000
"2020-01-26 13:16:16.78",18876,100784,6.073,12.62,87,24.7071,93,51.8344,1,12,0.7,4.9,0.43,0.411785,0.8639067,1,26,13,16,16,100000
"2020-01-26 13:16:17.93",18877,100785,5.287,12.62,87,24.7068,93,51.8404,1,12,0.7,5,0.38,0.41178,0.8640067,1,26,13,16,17,250000
"2020-01-26 13:16:19.05",18878,100786,6.915,12.62,87,24.7065,93,51.8471,1,12,0.7,4.9,0.49,0.411775,0.8641183,1,26,13,16,18,370000
"2020-01-26 13:16:20.14",18879,100787,6.242,12.62,87,24.7062,93,51.8536,1,12,0.7,4.9,0.44,0.41177,0.8642266,1,26,13,16,19,460000
"2020-01-26 13:16:21.26",18880,100788,8.82,12.62,87,24.7055,93,51.8649,1,12,0.7,4.8,0.61,0.4117583,0.864415,1,26,13,16,20,580000
"2020-01-26 13:16:22.35",18881,100789,7.364,12.63,87,24.7052,93,51.8711,1,12,0.7,4.8,0.52,0.4117533,0.8645183,1,26,13,16,21,670000
"2020-01-26 13:16:23.42",18882,100790,9.78,12.63,87,24.7048,93,51.8773,1,12,0.7,4.8,0.68,0.4117466,0.8646217,1,26,13,16,22,740000
"2020-01-26 13:16:24.45",18883,100791,10.56,12.62,87,24.7044,93,51.8839,1,12,0.7,4.8,0.73,0.41174,0.8647317,1,26,13,16,23,770000
"2020-01-26 13:16:25.48",18884,100792,9.55,12.62,87,24.704,93,51.8907,1,12,0.7,4.8,0.66,0.4117333,0.864845,1,26,13,16,24,800000
"2020-01-26 13:16:26.61",18885,100793,13.43,12.62,87,24.7037,93,51.8978,1,12,0.7,4.9,0.91,0.4117283,0.8649634,1,26,13,16,25,930000
"2020-01-26 13:16:27.7",18886,100794,15.73,12.62,87,24.7033,93,51.905,1,12,0.7,4.9,1.065,0.4117217,0.8650834,1,26,13,16,27,20000
"2020-01-26 13:16:28.86",18887,100795,17.41,12.62,87,24.7029,93,51.9121,1,12,0.7,4.9,1.175,0.411715,0.8652017,1,26,13,16,28,180000
"2020-01-26 13:16:33.76",18888,100796,13.37,12.62,87,24.7018,93,51.9338,1,12,0.7,5,0.91,0.4116966,0.8655634,1,26,13,16,33,80000
"2020-01-26 13:16:36.28",18889,100797,14.83,12.62,87,24.7014,93,51.9439,1,12,0.7,5,1.006,0.41169,0.8657317,1,26,13,16,35,600000
"2020-01-26 13:16:40.81",18890,100798,14.16,12.61,87,24.7012,93,51.947,1,12,0.7,4.9,0.96,0.4116867,0.8657834,1,26,13,16,40,130000
"2020-01-26 13:16:41.94",18891,100799,14.16,12.62,87,24.701,93,51.9481,1,12,0.7,4.9,0.96,0.4116834,0.8658017,1,26,13,16,41,260000
"2020-01-26 13:16:42.98",18892,100800,13.54,12.62,87,24.7007,93,51.9511,1,12,0.7,4.9,0.92,0.4116784,0.8658517,1,26,13,16,42,300000
"2020-01-26 13:16:44.05",18893,100801,11.97,12.62,87,24.7003,93,51.957,1,12,0.7,4.9,0.82,0.4116717,0.86595,1,26,13,16,43,370000
"2020-01-26 13:16:45.11",18894,100802,13.03,12.62,87,24.6999,93,51.9646,1,12,0.7,5,0.89,0.411665,0.8660766,1,26,13,16,44,430000
"2020-01-26 13:16:46.19",18895,100803,18.2,12.61,87,24.6993,93,51.9788,1,12,0.7,5.1,1.226,0.411655,0.8663134,1,26,13,16,45,500000
"2020-01-26 13:16:48.74",18896,100804,23.53,12.62,87,24.6987,93,51.9924,1,12,0.7,5.3,1.575,0.411645,0.86654,1,26,13,16,48,60000
"2020-01-26 13:16:50.45",18897,100805,27.79,12.62,87,24.6985,93,51.9988,1,12,0.7,5.4,1.854,0.4116416,0.8666466,1,26,13,16,49,770000
"2020-01-26 13:16:51.8",18898,100806,29.93,12.61,87,24.6984,93,52.005,1,12,0.7,5.4,1.993,0.41164,0.86675,1,26,13,16,51,120000
"2020-01-26 13:16:53.38",18899,100807,28.86,12.62,87,24.6979,93,52.0148,1,12,0.7,5.4,1.924,0.4116317,0.8669134,1,26,13,16,52,700000
"2020-01-26 13:16:54.94",18900,100808,26.5,12.61,87,24.6978,93,52.0201,1,12,0.7,5.4,1.769,0.41163,0.8670017,1,26,13,16,54,260000
"2020-01-26 13:16:56.45",18901,100809,22.52,12.62,87,24.6972,93,52.0253,1,12,0.7,5.4,1.509,0.41162,0.8670883,1,26,13,16,55,770000
"2020-01-26 13:16:57.84",18902,100810,19.88,12.62,87,24.6971,93,52.0286,1,12,0.7,5.4,1.336,0.4116183,0.8671434,1,26,13,16,57,160000
"2020-01-26 13:16:59.26",18903,100811,19.04,12.62,87,24.6966,93,52.0372,1,12,0.7,5.3,1.281,0.41161,0.8672867,1,26,13,16,58,580000
"2020-01-26 13:17:00.54",18904,100812,18.25,12.62,87,24.6964,93,52.0418,1,12,0.7,5.2,1.23,0.4116067,0.8673634,1,26,13,16,59,860000
"2020-01-26 13:17:01.79",18905,100813,18.42,12.61,87,24.6962,93,52.0461,1,12,0.7,5.2,1.241,0.4116033,0.867435,1,26,13,17,1,110000
"2020-01-26 13:17:03.09",18906,100814,19.71,12.62,87,24.6959,93,52.0504,1,12,0.7,5.2,1.325,0.4115983,0.8675067,1,26,13,17,2,410000
"2020-01-26 13:17:04.84",18907,100815,20.95,12.61,87,24.6954,93,52.0613,1,12,0.7,5.1,1.406,0.41159,0.8676883,1,26,13,17,4,160000
"2020-01-26 13:17:06.13",18908,100816,21.12,12.61,87,24.6952,93,52.0638,1,12,0.7,5.1,1.417,0.4115867,0.86773,1,26,13,17,5,450000
"2020-01-26 13:17:07.56",18909,100817,23.98,12.61,87,24.6945,93,52.071,1,12,0.7,5,1.604,0.411575,0.86785,1,26,13,17,6,880000
"2020-01-26 13:17:08.93",18910,100818,25.38,12.61,87,24.6943,93,52.077,1,12,0.7,5,1.696,0.4115716,0.86795,1,26,13,17,8,250000
"2020-01-26 13:17:10.28",18911,100819,25.38,12.62,87,24.6939,93,52.0847,1,12,0.7,5,1.696,0.411565,0.8680783,1,26,13,17,9,600000
"2020-01-26 13:17:11.74",18912,100820,24.93,12.61,87,24.6936,93,52.0888,1,12,0.7,4.8,1.667,0.41156,0.8681466,1,26,13,17,11,60000
"2020-01-26 13:17:13.13",18913,100821,21.73,12.62,87,24.6934,93,52.0924,1,12,0.7,4.8,1.457,0.4115567,0.8682066,1,26,13,17,12,450000
"2020-01-26 13:17:14.5",18914,100822,23.47,12.61,87,24.6929,93,52.1043,1,12,0.7,4.8,1.571,0.4115483,0.868405,1,26,13,17,13,820000
"2020-01-26 13:17:15.93",18915,100823,25.33,12.61,87,24.6928,93,52.1092,1,12,0.7,4.7,1.692,0.4115467,0.8684866,1,26,13,17,15,250000
"2020-01-26 13:17:17.36",18916,100824,24.82,12.61,87,24.6922,93,52.1142,1,12,0.7,4.6,1.659,0.4115367,0.86857,1,26,13,17,16,680000
"2020-01-26 13:17:18.76",18917,100825,26.5,12.61,87,24.692,93,52.1193,1,12,0.7,4.5,1.769,0.4115333,0.868655,1,26,13,17,18,80000
"2020-01-26 13:17:23.48",18918,100826,29.98,12.61,87,24.6912,93,52.1338,1,12,0.7,4.2,1.997,0.41152,0.8688966,1,26,13,17,22,800000
"2020-01-26 13:17:26.1",18919,100827,32.57,12.61,87,24.6908,93,52.1382,1,12,0.7,4.2,2.166,0.4115133,0.86897,1,26,13,17,25,420000
"2020-01-26 13:17:27.85",18920,100828,38.85,12.61,87,24.6906,93,52.1443,1,12,0.7,4.1,2.577,0.41151,0.8690717,1,26,13,17,27,170000
"2020-01-26 13:17:29.77",18921,100829,35.6,12.61,87,24.6904,93,52.149,1,12,0.7,4,2.364,0.4115066,0.86915,1,26,13,17,29,90000
"2020-01-26 13:17:31.65",18922,100830,26.17,12.61,87,24.69,93,52.1559,1,12,0.7,3.8,1.747,0.4115,0.869265,1,26,13,17,30,970000
"2020-01-26 13:17:33.62",18923,100831,19.77,12.61,87,24.6895,93,52.1659,1,12,0.7,3.5,1.329,0.4114917,0.8694317,1,26,13,17,32,940000
"2020-01-26 13:17:35.31",18924,100832,18.7,12.61,87,24.6892,93,52.1813,1,12,0.7,3.5,1.259,0.4114866,0.8696883,1,26,13,17,34,630000
"2020-01-26 13:17:36.9",18925,100833,19.32,12.6,87,24.689,93,52.1865,1,12,0.7,3.4,1.3,0.4114833,0.869775,1,26,13,17,36,220000
"2020-01-26 13:17:39.51",18926,100834,21.56,12.61,87,24.6883,93,52.2058,1,12,0.7,3.4,1.446,0.4114717,0.8700966,1,26,13,17,38,830000
"2020-01-26 13:17:41.13",18927,100835,22.13,12.6,87,24.6883,93,52.2092,1,12,0.7,3.3,1.483,0.4114717,0.8701534,1,26,13,17,40,450000
"2020-01-26 13:17:42.68",18928,100836,22.91,12.61,87,24.688,93,52.22,1,12,0.7,3.4,1.534,0.4114666,0.8703334,1,26,13,17,42,0
"2020-01-26 13:17:44.22",18929,100837,24.48,12.61,87,24.6876,93,52.2319,1,12,0.7,3.1,1.637,0.41146,0.8705317,1,26,13,17,43,540000
"2020-01-26 13:17:45.86",18930,100838,19.71,12.61,87,24.6875,93,52.2357,1,12,0.7,2.9,1.325,0.4114584,0.870595,1,26,13,17,45,180000
"2020-01-26 13:17:47.84",18931,100839,13.03,12.61,87,24.687,93,52.2411,1,12,0.7,2.7,0.89,0.41145,0.870685,1,26,13,17,47,160000
"2020-01-26 13:17:50.05",18932,100840,18.31,12.61,87,24.6865,93,52.2507,1,12,0.7,2.7,1.233,0.4114417,0.870845,1,26,13,17,49,370000
"2020-01-26 13:17:51.71",18933,100841,20.78,12.61,87,24.6862,93,52.2582,1,12,0.7,2.6,1.395,0.4114366,0.87097,1,26,13,17,51,30000
"2020-01-26 13:17:53.34",18934,100842,18.81,12.6,87,24.6858,93,52.2626,1,12,0.7,2.5,1.266,0.41143,0.8710434,1,26,13,17,52,660000
"2020-01-26 13:17:54.84",18935,100843,17.92,12.61,87,24.6855,93,52.2654,1,12,0.7,2.4,1.208,0.411425,0.87109,1,26,13,17,54,160000
"2020-01-26 13:17:56.54",18936,100844,16.96,12.6,87,24.6852,93,52.2718,1,12,0.7,2.2,1.145,0.41142,0.8711967,1,26,13,17,55,860000
"2020-01-26 13:17:58.22",18937,100845,22.13,12.61,87,24.6848,93,52.2863,1,12,0.7,2.1,1.483,0.4114133,0.8714383,1,26,13,17,57,540000
"2020-01-26 13:17:59.78",18938,100846,22.41,12.61,87,24.6845,93,52.2929,1,12,0.7,2.1,1.501,0.4114083,0.8715483,1,26,13,17,59,100000
"2020-01-26 13:18:01.45",18939,100847,15.73,12.6,87,24.6841,93,52.2983,1,12,0.7,2.1,1.065,0.4114016,0.8716383,1,26,13,18,0,770000
"2020-01-26 13:18:03.02",18940,100848,14.16,12.6,87,24.6838,93,52.3039,1,12,0.7,2.1,0.96,0.4113966,0.8717317,1,26,13,18,2,340000
"2020-01-26 13:18:04.83",18941,100849,10.56,12.6,87,24.6834,93,52.3173,1,12,0.7,2,0.73,0.41139,0.871955,1,26,13,18,4,150000
"2020-01-26 13:18:06.45",18942,100850,17.3,12.6,87,24.683,93,52.3252,1,12,0.7,2,1.167,0.4113833,0.8720866,1,26,13,18,5,770000
"2020-01-26 13:18:08.12",18943,100851,12.25,12.61,87,24.6828,93,52.3306,1,12,0.7,2,0.84,0.41138,0.8721767,1,26,13,18,7.000,440000
"2020-01-26 13:18:09.77",18944,100852,11.57,12.6,87,24.6823,93,52.3397,1,12,0.7,1.8,0.79,0.4113717,0.8723283,1,26,13,18,9,90000
"2020-01-26 13:18:11.39",18945,100853,11.18,12.6,87,24.6818,93,52.3503,1,12,0.7,1.7,0.77,0.4113633,0.872505,1,26,13,18,10,710000
"2020-01-26 13:18:13.01",18946,100854,10.45,12.6,87,24.6815,93,52.3564,1,12,0.7,1.7,0.72,0.4113583,0.8726066,1,26,13,18,12,330000
"2020-01-26 13:18:14.59",18947,100855,9.72,12.6,87,24.6809,93,52.3685,1,12,0.7,1.6,0.67,0.4113484,0.8728083,1,26,13,18,13,910000
"2020-01-26 13:18:17.09",18948,100856,11.91,12.6,87,24.6805,93,52.3802,1,12,0.7,1.5,0.82,0.4113417,0.8730033,1,26,13,18,16,410000
"2020-01-26 13:18:18.91",18949,100857,12.7,12.6,87,24.68,93,52.3864,1,12,0.7,1.5,0.87,0.4113334,0.8731066,1,26,13,18,18,230000
"2020-01-26 13:18:20.55",18950,100858,14.83,12.6,87,24.6796,93,52.3952,1,12,0.7,1.6,1.006,0.4113267,0.8732533,1,26,13,18,19,870000
"2020-01-26 13:18:22.2",18951,100859,16.74,12.6,87,24.6791,93,52.4046,1,12,0.7,1.6,1.131,0.4113183,0.87341,1,26,13,18,21,520000
"2020-01-26 13:18:23.93",18952,100860,15.39,12.6,87,24.6789,93,52.4083,1,12,0.7,1.5,1.043,0.411315,0.8734716,1,26,13,18,23,250000
"2020-01-26 13:18:25.75",18953,100861,18.08,12.6,87,24.6784,93,52.4158,1,12,0.7,1.4,1.219,0.4113067,0.8735966,1,26,13,18,25,70000
"2020-01-26 13:18:40.05",18954,100862,11.57,12.6,87,24.6786,93,52.4528,1,12,0.7,1.2,0.79,0.41131,0.8742134,1,26,13,18,39,370000
"2020-01-26 13:18:41.5",18955,100863,9.89,12.6,87,24.6787,93,52.4603,1,12,0.7,1.3,0.68,0.4113116,0.8743383,1,26,13,18,40,820000
"2020-01-26 13:18:44.73",18956,100864,10.34,12.59,87,24.6792,93,52.4778,1,12,0.7,1.3,0.71,0.41132,0.87463,1,26,13,18,44,50000
"2020-01-26 13:18:46.32",18957,100865,12.7,12.59,87,24.6796,93,52.4834,1,12,0.7,1.4,0.87,0.4113267,0.8747233,1,26,13,18,45,640000
"2020-01-26 13:18:52.15",18958,100866,10.84,12.6,87,24.6802,93,52.4912,1,12,0.7,1.6,0.75,0.4113367,0.8748533,1,26,13,18,51,470000
"2020-01-26 13:18:53.58",18959,100867,12.14,12.6,87,24.6804,93,52.4964,1,12,0.7,1.5,0.83,0.41134,0.87494,1,26,13,18,52,900000
"2020-01-26 13:18:54.83",18960,100868,13.93,12.58,87,24.6806,93,52.5024,1,12,0.7,1.6,0.95,0.4113433,0.87504,1,26,13,18,54,150000
"2020-01-26 13:18:56.04",18961,100869,14.55,12.59,87,24.6809,93,52.5095,1,12,0.7,1.6,0.99,0.4113484,0.8751583,1,26,13,18,55,360000
"2020-01-26 13:18:57.22",18962,100870,10.84,12.59,87,24.6814,93,52.5251,1,12,0.7,1.8,0.75,0.4113566,0.8754184,1,26,13,18,56,530000
"2020-01-26 13:18:58.36",18963,100871,9.27,12.58,87,24.6817,93,52.5327,1,12,0.7,1.8,0.64,0.4113617,0.875545,1,26,13,18,57,680000
"2020-01-26 13:18:59.51",18964,100872,7.869,12.59,87,24.682,93,52.5404,1,12,0.7,1.8,0.55,0.4113666,0.8756734,1,26,13,18,58,830000
"2020-01-26 13:19:00.66",18965,100873,9.27,12.59,87,24.6822,93,52.5481,1,12,0.7,1.9,0.64,0.41137,0.8758017,1,26,13,18,59,980000
"2020-01-26 13:19:01.78",18966,100874,8.77,12.58,87,24.6825,93,52.5563,1,12,0.7,1.9,0.61,0.411375,0.8759383,1,26,13,19,1,100000
"2020-01-26 13:19:02.9",18967,100875,7.420,12.58,87,24.6828,93,52.565,1,12,0.7,1.9,0.52,0.41138,0.8760833,1,26,13,19,2,220000
"2020-01-26 13:19:04.02",18968,100876,7.645,12.58,87,24.6832,93,52.574,1,12,0.7,1.9,0.54,0.4113867,0.8762334,1,26,13,19,3,340000
"2020-01-26 13:19:05.14",18969,100877,8.04,12.59,87,24.6835,93,52.5834,1,12,0.7,2,0.56,0.4113917,0.87639,1,26,13,19,4,460000
"2020-01-26 13:19:06.25",18970,100878,9.44,12.59,87,24.6841,93,52.6014,1,12,0.7,2.1,0.65,0.4114016,0.87669,1,26,13,19,5,570000
"2020-01-26 13:19:07.38",18971,100879,20.22,12.59,87,24.6844,93,52.6103,1,12,0.7,2.1,1.358,0.4114067,0.8768383,1,26,13,19,6,700000
"2020-01-26 13:19:09.46",18972,100880,25.04,12.59,87,24.6849,93,52.6273,1,12,0.7,2.4,1.674,0.411415,0.8771217,1,26,13,19,8,780000
"2020-01-26 13:19:11.17",18973,100881,9.89,12.59,87,24.6852,93,52.6362,1,12,0.7,2.5,0.68,0.41142,0.87727,1,26,13,19,10,490000
"2020-01-26 13:19:12.69",18974,100882,14.38,12.59,87,24.6854,93,52.6415,1,12,0.7,2.5,0.98,0.4114233,0.8773583,1,26,13,19,12,10000
"2020-01-26 13:19:14.1",18975,100883,12.47,12.59,87,24.6855,93,52.647,1,12,0.7,2.4,0.85,0.411425,0.87745,1,26,13,19,13,420000
"2020-01-26 13:19:15.39",18976,100884,14.16,12.59,87,24.686,93,52.66,1,12,0.7,2.4,0.96,0.4114333,0.8776666,1,26,13,19,14,710000
"2020-01-26 13:19:16.71",18977,100885,15.84,12.59,87,24.6863,93,52.6655,1,12,0.7,2.4,1.072,0.4114384,0.8777583,1,26,13,19,16,30000
"2020-01-26 13:19:18.03",18978,100886,17.69,12.59,87,24.6865,93,52.672,1,12,0.7,2.3,1.193,0.4114417,0.8778667,1,26,13,19,17,350000
"2020-01-26 13:19:19.25",18979,100887,20.78,12.59,87,24.687,93,52.6875,1,12,0.7,2.4,1.395,0.41145,0.878125,1,26,13,19,18,570000
"2020-01-26 13:19:20.64",18980,100888,20.89,12.59,87,24.6872,93,52.6939,1,12,0.7,2.3,1.402,0.4114533,0.8782317,1,26,13,19,19,960000
"2020-01-26 13:19:22",18981,100889,13.03,12.59,87,24.6874,93,52.7015,1,12,0.7,2.4,0.89,0.4114567,0.8783583,1,26,13,19,21,320000
"2020-01-26 13:19:23.41",18982,100890,12.58,12.58,87,24.6879,93,52.7155,1,12,0.7,2.6,0.86,0.411465,0.8785917,1,26,13,19,22,730000
"2020-01-26 13:19:24.78",18983,100891,12.81,12.58,87,24.688,93,52.721,1,12,0.7,2.6,0.87,0.4114666,0.8786834,1,26,13,19,24,100000
"2020-01-26 13:19:26.18",18984,100892,15.73,12.58,87,24.6882,93,52.7279,1,12,0.7,2.7,1.065,0.41147,0.8787984,1,26,13,19,25,490000
"2020-01-26 13:19:27.55",18985,100893,11.46,12.58,87,24.6887,93,52.7391,1,12,0.7,2.6,0.79,0.4114784,0.878985,1,26,13,19,26,870000
"2020-01-26 13:19:28.97",18986,100894,15.33,12.58,87,24.6888,93,52.7446,1,12,0.7,2.6,1.039,0.41148,0.8790766,1,26,13,19,28,290000
"2020-01-26 13:19:30.26",18987,100895,17.47,12.58,87,24.6893,93,52.759,1,12,0.7,2.5,1.178,0.4114884,0.8793166,1,26,13,19,29,580000
"2020-01-26 13:19:31.61",18988,100896,15.28,12.58,87,24.6895,93,52.7655,1,12,0.7,2.4,1.035,0.4114917,0.879425,1,26,13,19,30,930000
"2020-01-26 13:19:32.83",18989,100897,18.7,12.58,87,24.6897,93,52.7731,1,12,0.7,2.4,1.259,0.411495,0.8795517,1,26,13,19,32,150000
"2020-01-26 13:19:34.06",18990,100898,18.87,12.58,87,24.69,93,52.7805,1,12,0.7,2.2,1.27,0.4115,0.879675,1,26,13,19,33,380000
"2020-01-26 13:19:35.3",18991,100899,18.53,12.58,87,24.6906,93,52.7944,1,12,0.7,2.3,1.248,0.41151,0.8799066,1,26,13,19,34,620000
"2020-01-26 13:19:36.7",18992,100900,16.46,12.58,87,24.6909,93,52.8024,1,12,0.7,2.3,1.112,0.411515,0.88004,1,26,13,19,36,20000
"2020-01-26 13:19:37.92",18993,100901,14.16,12.58,87,24.6911,93,52.8104,1,12,0.7,2.2,0.96,0.4115183,0.8801734,1,26,13,19,37,240000
"2020-01-26 13:19:39.16",18994,100902,14.94,12.58,87,24.6913,93,52.8184,1,12,0.7,2.2,1.013,0.4115216,0.8803066,1,26,13,19,38,470000
"2020-01-26 13:19:40.38",18995,100903,15.11,12.58,87,24.692,93,52.8315,1,12,0.7,2.2,1.024,0.4115333,0.880525,1,26,13,19,39,700000
"2020-01-26 13:19:41.57",18996,100904,20.55,12.58,87,24.6923,93,52.8392,1,12,0.7,2.2,1.38,0.4115383,0.8806534,1,26,13,19,40,890000
"2020-01-26 13:19:42.85",18997,100905,20.05,12.58,87,24.6926,93,52.8464,1,12,0.7,2.2,1.347,0.4115433,0.8807734,1,26,13,19,42,170000
"2020-01-26 13:19:44.41",18998,100906,10.34,12.58,87,24.6931,93,52.8651,1,12,0.7,2.2,0.71,0.4115516,0.881085,1,26,13,19,43,730000
"2020-01-26 13:19:45.63",18999,100907,15.5,12.58,87,24.6933,93,52.873,1,12,0.7,2.3,1.05,0.411555,0.8812167,1,26,13,19,44,950000
"2020-01-26 13:19:46.81",19000,100908,13.76,12.58,87,24.6936,93,52.8802,1,12,0.7,2.3,0.94,0.41156,0.8813366,1,26,13,19,46,130000
"2020-01-26 13:19:48.09",19001,100909,15.56,12.58,87,24.6938,93,52.8884,1,12,0.7,2.4,1.054,0.4115633,0.8814734,1,26,13,19,47,410000
"2020-01-26 13:19:49.44",19002,100910,18.25,12.58,87,24.6945,93,52.9017,1,12,0.7,2.3,1.23,0.411575,0.881695,1,26,13,19,48,760000
"2020-01-26 13:19:50.69",19003,100911,17.3,12.58,87,24.6947,93,52.9091,1,12,0.7,2.3,1.167,0.4115783,0.8818183,1,26,13,19,50,10000
"2020-01-26 13:19:52.38",19004,100912,20.5,12.58,87,24.6954,93,52.9225,1,12,0.7,2.3,1.377,0.41159,0.8820417,1,26,13,19,51,700000
"2020-01-26 13:19:53.76",19005,100913,20.72,12.58,87,24.6956,93,52.928,1,12,0.7,2.3,1.391,0.4115934,0.8821334,1,26,13,19,53,80000
"2020-01-26 13:19:55.31",19006,100914,19.43,12.58,87,24.6961,93,52.9395,1,12,0.7,2.3,1.307,0.4116017,0.882325,1,26,13,19,54,630000
"2020-01-26 13:19:56.79",19007,100915,19.88,12.58,87,24.6963,93,52.9441,1,12,0.7,2.2,1.336,0.411605,0.8824017,1,26,13,19,56,110000
"2020-01-26 13:19:58.26",19008,100916,18.76,12.58,87,24.6967,93,52.9574,1,12,0.7,2.2,1.263,0.4116116,0.8826234,1,26,13,19,57,580000
"2020-01-26 13:19:59.7",19009,100917,20.22,12.57,87,24.6969,93,52.9626,1,12,0.7,2.1,1.358,0.411615,0.88271,1,26,13,19,59,20000
"2020-01-26 13:20:01.26",19010,100918,24.37,12.58,87,24.6974,93,52.9788,1,12,0.7,2.1,1.63,0.4116233,0.8829801,1,26,13,20,0,580000
"2020-01-26 13:20:02.79",19011,100919,19.99,12.58,87,24.6976,93,52.9837,1,12,0.7,2.1,1.344,0.4116267,0.8830617,1,26,13,20,2,110000
"2020-01-26 13:20:04.27",19012,100920,19.71,12.58,87,24.698,93,52.9886,1,12,0.7,2.3,1.325,0.4116334,0.8831434,1,26,13,20,3,590000
"2020-01-26 13:20:07.44",19013,100921,17.41,12.58,87,24.6984,93,53.0028,1,12,0.7,2.6,1.175,0.41164,0.88338,1,26,13,20,6,760000
