"TOA5","35279","CR800","35279","CR800.Std.27.04","CPU:AWI_V2.1_Anja.CR8","15615","OperatorView"
"TIMESTAMP","RECORD","Counter","DepthCm","BattVolts","latitude_a","latitude_b","Longitude_a","Longitude_b","fix_quality","nmbr_satellites","HDOP","altitudeB","DepthVolts","LatitudeDDDDD","LongitudeDDDDD","month","dayofmonth","hourofday","minutes","seconds","microseconds"
"TS","RN","","","","degrees","minutes","degrees","minutes","unitless","","","","","","","","","","","",""
"","","Smp","Smp","Smp","Smp","Smp","Smp","Smp","Smp","Smp","Smp","Smp","Smp","Smp","Smp","Smp","Smp","Smp","Smp","Smp","Smp"
"2020-01-26 11:32:34.57",18096,100004,50.27,13.38,87,24.5158,93,55.3628,1,11,0.7,-2.5,3.324,0.4085967,0.9227134,1,26,11,32,33,890000
"2020-01-26 11:33:29.38",18097,100005,45.33,13.35,87,24.5166,93,55.4462,1,11,0.8,-2.4,3.001,0.40861,0.9241034,1,26,11,33,28,700000
"2020-01-26 11:33:32.86",18098,100006,52.96,13.35,87,24.5164,93,55.4464,1,11,0.7,-2.5,3.5,0.4086066,0.9241066,1,26,11,33,32,170000
"2020-01-26 11:33:37.48",18099,100007,42.42,13.35,87,24.5158,93,55.4373,1,11,0.7,-3,2.81,0.4085967,0.923955,1,26,11,33,36,800000
"2020-01-26 11:33:41.69",18100,100008,21.77,13.34,87,24.5155,93,55.4233,1,11,0.7,-3,1.46,0.4085916,0.9237217,1,26,11,33,41,10000
"2020-01-26 11:33:45.41",18101,100009,16.95,13.34,87,24.5153,93,55.4207,1,11,0.7,-2.8,1.145,0.4085884,0.9236783,1,26,11,33,44,730000
"2020-01-26 11:33:48.79",18102,100010,11,13.34,87,24.5149,93,55.4193,1,11,0.7,-2.9,0.76,0.4085817,0.923655,1,26,11,33,48,110000
"2020-01-26 11:34:10.82",18103,100011,8.65,13.33,87,24.5153,93,55.44,1,11,0.7,-3.1,0.60,0.4085884,0.924,1,26,11,34,10,140000
"2020-01-26 11:34:13.21",18104,100012,11.12,13.34,87,24.515,93,55.4415,1,11,0.7,-3.1,0.76,0.4085833,0.924025,1,26,11,34,12,530000
"2020-01-26 11:34:16.4",18105,100013,16.05,13.33,87,24.5149,93,55.4337,1,11,0.7,-3.1,1.086,0.4085817,0.923895,1,26,11,34,15,720000
"2020-01-26 11:34:19.19",18106,100014,24.13,13.33,87,24.5147,93,55.4324,1,11,0.7,-2.8,1.614,0.4085783,0.9238733,1,26,11,34,18,510000
"2020-01-26 11:34:21.57",18107,100015,12.46,13.33,87,24.5147,93,55.4281,1,11,0.7,-2.7,0.85,0.4085783,0.9238017,1,26,11,34,20,890000
"2020-01-26 11:34:24.26",18108,100016,12.46,13.33,87,24.5145,93,55.4187,1,11,0.7,-2.7,0.85,0.408575,0.923645,1,26,11,34,23,580000
"2020-01-26 11:34:27.19",18109,100017,8.65,13.33,87,24.5144,93,55.4114,1,11,0.7,-2.7,0.60,0.4085733,0.9235233,1,26,11,34,26,500000
"2020-01-26 11:34:29.75",18110,100018,15.6,13.33,87,24.5142,93,55.4063,1,11,0.7,-2.8,1.057,0.40857,0.9234383,1,26,11,34,29,70000
"2020-01-26 11:34:32.33",18111,100019,14.76,13.33,87,24.5138,93,55.3952,1,11,0.7,-2.9,1.001,0.4085633,0.9232533,1,26,11,34,31,650000
"2020-01-26 11:34:35.6",18112,100020,11.57,13.33,87,24.5134,93,55.3886,1,11,0.7,-2.8,0.79,0.4085566,0.9231434,1,26,11,34,34,920000
"2020-01-26 11:34:39.82",18113,100021,14.03,13.32,87,24.5133,93,55.3863,1,11,0.7,-2.9,0.95,0.408555,0.923105,1,26,11,34,39,140000
"2020-01-26 11:34:42.88",18114,100022,13.25,13.32,87,24.5128,93,55.3805,1,11,0.7,-2.8,0.90,0.4085466,0.9230083,1,26,11,34,42,200000
"2020-01-26 11:34:44.91",18115,100023,17.74,13.32,87,24.5126,93,55.3752,1,11,0.7,-2.8,1.196,0.4085433,0.92292,1,26,11,34,44,230000
"2020-01-26 11:34:47.06",18116,100024,20.48,13.32,87,24.5123,93,55.3664,1,11,0.7,-2.8,1.376,0.4085384,0.9227734,1,26,11,34,46,380000
"2020-01-26 11:34:49.16",18117,100025,24.13,13.33,87,24.5119,93,55.3549,1,11,0.7,-2.7,1.614,0.4085317,0.9225817,1,26,11,34,48,470000
"2020-01-26 11:34:51.24",18118,100026,10.78,13.32,87,24.5117,93,55.3492,1,11,0.7,-2.7,0.74,0.4085283,0.9224866,1,26,11,34,50,560000
"2020-01-26 11:34:53.79",18119,100027,19.98,13.32,87,24.5114,93,55.344,1,11,0.7,-2.8,1.343,0.4085234,0.9224001,1,26,11,34,53,110000
"2020-01-26 11:34:56.06",18120,100028,18.58,13.32,87,24.5112,93,55.3386,1,11,0.7,-2.9,1.251,0.40852,0.92231,1,26,11,34,55,380000
"2020-01-26 11:34:58.3",18121,100029,17.06,13.32,87,24.5109,93,55.3302,1,11,0.7,-3.1,1.152,0.408515,0.92217,1,26,11,34,57,620000
"2020-01-26 11:35:00.67",18122,100030,17.74,13.32,87,24.5108,93,55.3265,1,11,0.7,-3.1,1.196,0.4085133,0.9221083,1,26,11,34,59,990000
"2020-01-26 11:35:03.01",18123,100031,4.386,13.32,87,24.5105,93,55.3206,1,11,0.7,-3.2,0.32,0.4085083,0.92201,1,26,11,35,2,330000
"2020-01-26 11:35:05.21",18124,100032,10.44,13.31,87,24.51,93,55.31,1,11,0.7,-3.3,0.72,0.4085,0.9218334,1,26,11,35,4,530000
"2020-01-26 11:35:08.6",18125,100033,28.17,13.31,87,24.5097,93,55.3014,1,11,0.7,-3.5,1.878,0.408495,0.92169,1,26,11,35,7.000,920000
"2020-01-26 11:35:11.1",18126,100034,30.36,13.31,87,24.5096,93,55.3019,1,11,0.7,-3.5,2.021,0.4084934,0.9216983,1,26,11,35,10,420000
"2020-01-26 11:35:13.64",18127,100035,33.11,13.31,87,24.5092,93,55.2916,1,11,0.7,-3.5,2.201,0.4084867,0.9215266,1,26,11,35,12,960000
"2020-01-26 11:35:16.29",18128,100036,36.58,13.31,87,24.5088,93,55.2797,1,11,0.7,-3.6,2.429,0.40848,0.9213284,1,26,11,35,15,610000
"2020-01-26 11:35:18.95",18129,100037,35.91,13.31,87,24.5087,93,55.2749,1,11,0.7,-3.7,2.385,0.4084783,0.9212483,1,26,11,35,18,270000
"2020-01-26 11:35:21.59",18130,100038,40.28,13.31,87,24.5082,93,55.2636,1,11,0.7,-3.8,2.671,0.40847,0.92106,1,26,11,35,20,910000
"2020-01-26 11:35:24.43",18131,100039,39.84,13.31,87,24.5078,93,55.2494,1,11,0.7,-3.4,2.641,0.4084633,0.9208234,1,26,11,35,23,750000
"2020-01-26 11:35:27.77",18132,100040,11,13.31,87,24.5074,93,55.245,1,11,0.7,-3.2,0.76,0.4084567,0.92075,1,26,11,35,27,90000
"2020-01-26 11:35:31.01",18133,100041,41.07,13.3,87,24.5075,93,55.237,1,11,0.7,-3.4,2.722,0.4084583,0.9206167,1,26,11,35,30,330000
"2020-01-26 11:35:33.95",18134,100042,16.22,13.3,87,24.5071,93,55.2274,1,11,0.7,-3.5,1.097,0.4084516,0.9204567,1,26,11,35,33,260000
"2020-01-26 11:35:38.54",18135,100043,63.73,13.3,87,24.5069,93,55.2189,1,11,0.7,-3.6,4.204,0.4084483,0.920315,1,26,11,35,37,860000
"2020-01-26 11:35:41.77",18136,100044,39.05,13.3,87,24.5066,93,55.2155,1,11,0.7,-3.6,2.59,0.4084433,0.9202583,1,26,11,35,41,90000
"2020-01-26 11:35:44.68",18137,100045,7.078,13.3,87,24.5062,93,55.205,1,11,0.7,-3.6,0.50,0.4084367,0.9200834,1,26,11,35,43,990000
"2020-01-26 11:35:47.49",18138,100046,66.31,13.3,87,24.5057,93,55.1898,1,11,0.7,-3.7,4.373,0.4084283,0.91983,1,26,11,35,46,810000
"2020-01-26 11:35:50.38",18139,100047,66.31,13.3,87,24.5054,93,55.1739,1,11,0.7,-3.9,4.373,0.4084233,0.919565,1,26,11,35,49,700000
"2020-01-26 11:35:53.19",18140,100048,67.55,13.29,87,24.5052,93,55.1679,1,11,0.7,-4,4.454,0.40842,0.919465,1,26,11,35,52,510000
"2020-01-26 11:35:56.04",18141,100049,62.95,13.29,87,24.5051,93,55.1645,1,11,0.7,-4.1,4.153,0.4084183,0.9194084,1,26,11,35,55,360000
"2020-01-26 11:35:58.46",18142,100050,60.59,13.29,87,24.5046,93,55.145,1,11,0.7,-4.2,3.999,0.40841,0.9190834,1,26,11,35,57,780000
"2020-01-26 11:36:01.08",18143,100051,68.89,13.29,87,24.5045,93,55.1432,1,11,0.7,-4.1,4.542,0.4084083,0.9190533,1,26,11,36,0,390000
"2020-01-26 11:36:03.93",18144,100052,17.96,13.29,87,24.5043,93,55.1397,1,11,0.7,-4.3,1.211,0.408405,0.918995,1,26,11,36,3,250000
"2020-01-26 11:36:06.78",18145,100053,41.3,13.29,87,24.504,93,55.1368,1,11,0.7,-4.4,2.737,0.4084,0.9189466,1,26,11,36,6,100000
"2020-01-26 11:36:10.82",18146,100054,46.57,13.29,87,24.5035,93,55.1285,1,11,0.7,-4.7,3.082,0.4083916,0.9188083,1,26,11,36,10,140000
"2020-01-26 11:36:13.66",18147,100055,42.19,13.29,87,24.5031,93,55.128,1,11,0.7,-4.8,2.795,0.408385,0.9188,1,26,11,36,12,980000
"2020-01-26 11:36:16.16",18148,100056,34.23,13.29,87,24.5028,93,55.1215,1,11,0.7,-4.9,2.275,0.40838,0.9186916,1,26,11,36,15,480000
"2020-01-26 11:36:18.9",18149,100057,28.9,13.29,87,24.5025,93,55.1162,1,11,0.7,-5,1.926,0.408375,0.9186033,1,26,11,36,18,220000
"2020-01-26 11:36:21.32",18150,100058,25.7,13.29,87,24.5021,93,55.1121,1,11,0.7,-5,1.717,0.4083683,0.918535,1,26,11,36,20,640000
"2020-01-26 11:36:23.9",18151,100059,24.64,13.29,87,24.502,93,55.1123,1,11,0.7,-5.1,1.647,0.4083667,0.9185383,1,26,11,36,23,220000
"2020-01-26 11:36:35.78",18152,100060,22.56,13.28,87,24.5016,93,55.1271,1,11,0.7,-4.8,1.511,0.40836,0.918785,1,26,11,36,35,90000
"2020-01-26 11:36:37.91",18153,100061,17.9,13.28,87,24.5013,93,55.1233,1,11,0.7,-4.7,1.207,0.408355,0.9187216,1,26,11,36,37,230000
"2020-01-26 11:36:39.93",18154,100062,13.36,13.28,87,24.5011,93,55.1172,1,11,0.7,-4.9,0.91,0.4083517,0.91862,1,26,11,36,39,250000
"2020-01-26 11:36:42.05",18155,100063,10.56,13.27,87,24.5008,93,55.1114,1,11,0.7,-4.9,0.73,0.4083466,0.9185234,1,26,11,36,41,370000
"2020-01-26 11:36:44.31",18156,100064,10.11,13.28,87,24.5003,93,55.1024,1,11,0.7,-4.9,0.70,0.4083383,0.9183734,1,26,11,36,43,630000
"2020-01-26 11:37:46.7",18157,100065,10.5,13.26,87,24.5008,93,55.1888,1,11,0.7,-3.5,0.72,0.4083466,0.9198134,1,26,11,37,46,10000
"2020-01-26 11:37:49.15",18158,100066,10.33,13.25,87,24.5006,93,55.1835,1,11,0.7,-3.5,0.71,0.4083434,0.919725,1,26,11,37,48,460000
"2020-01-26 11:37:51.72",18159,100067,8.59,13.25,87,24.5004,93,55.1775,1,11,0.7,-3.7,0.60,0.40834,0.919625,1,26,11,37,51,40000
"2020-01-26 11:37:54.42",18160,100068,9.38,13.25,87,24.4998,93,55.1753,1,11,0.7,-3.8,0.65,0.40833,0.9195883,1,26,11,37,53,740000
"2020-01-26 11:37:57.07",18161,100069,7.471,13.26,87,24.4997,93,55.169,1,11,0.7,-4.1,0.53,0.4083284,0.9194833,1,26,11,37,56,390000
"2020-01-26 11:37:59.65",18162,100070,7.64,13.25,87,24.4993,93,55.1602,1,11,0.7,-4.1,0.54,0.4083217,0.9193366,1,26,11,37,58,970000
"2020-01-26 11:38:02.11",18163,100071,8.42,13.25,87,24.499,93,55.1554,1,11,0.7,-4.3,0.59,0.4083167,0.9192566,1,26,11,38,1,430000
"2020-01-26 11:38:04.84",18164,100072,8.87,13.25,87,24.4986,93,55.1458,1,11,0.7,-4.4,0.62,0.40831,0.9190967,1,26,11,38,4,160000
"2020-01-26 11:38:07.41",18165,100073,9.77,13.25,87,24.4982,93,55.1357,1,11,0.7,-4.8,0.68,0.4083033,0.9189283,1,26,11,38,6,720000
"2020-01-26 11:38:09.96",18166,100074,10.67,13.25,87,24.498,93,55.1314,1,11,0.7,-4.9,0.73,0.4083,0.9188567,1,26,11,38,9,280000
"2020-01-26 11:38:12.51",18167,100075,11.23,13.25,87,24.4976,93,55.1206,1,11,0.7,-5.3,0.77,0.4082933,0.9186766,1,26,11,38,11,820000
"2020-01-26 11:38:15.25",18168,100076,12.91,13.24,87,24.4974,93,55.1176,1,11,0.7,-5.4,0.88,0.40829,0.9186266,1,26,11,38,14,570000
"2020-01-26 11:38:17.92",18169,100077,17.29,13.24,87,24.4972,93,55.1128,1,11,0.7,-5.6,1.167,0.4082867,0.9185466,1,26,11,38,17,230000
"2020-01-26 11:38:20.56",18170,100078,18.19,13.24,87,24.4966,93,55.1025,1,11,0.7,-5.6,1.225,0.4082766,0.918375,1,26,11,38,19,880000
"2020-01-26 11:38:23.21",18171,100079,18.86,13.24,87,24.4962,93,55.0938,1,11,0.7,-6.1,1.269,0.40827,0.91823,1,26,11,38,22,530000
"2020-01-26 11:38:31.38",18172,100080,22.45,13.24,87,24.4965,93,55.0923,1,11,0.7,-6.7,1.504,0.408275,0.918205,1,26,11,38,30,700000
"2020-01-26 11:38:40.15",18173,100081,21.94,13.24,87,24.496,93,55.0906,1,11,0.7,-6.9,1.471,0.4082667,0.9181766,1,26,11,38,39,460000
"2020-01-26 11:38:42.75",18174,100082,21.1,13.23,87,24.4962,93,55.0909,1,11,0.7,-6.9,1.416,0.40827,0.9181817,1,26,11,38,42,70000
"2020-01-26 11:38:47.1",18175,100083,14.03,13.23,87,24.4959,93,55.0827,1,11,0.7,-6.8,0.95,0.408265,0.918045,1,26,11,38,46,420000
"2020-01-26 11:38:49.32",18176,100084,15.27,13.23,87,24.4958,93,55.0794,1,11,0.7,-7.2,1.035,0.4082633,0.91799,1,26,11,38,48,640000
"2020-01-26 11:38:51.77",18177,100085,8.09,13.23,87,24.4959,93,55.0799,1,11,0.7,-7.4,0.57,0.408265,0.9179983,1,26,11,38,51,90000
"2020-01-26 11:38:55.23",18178,100086,8.03,13.23,87,24.4958,93,55.0689,1,11,0.7,-7.6,0.56,0.4082633,0.917815,1,26,11,38,54,550000
"2020-01-26 11:38:57.72",18179,100087,8.54,13.23,87,24.4956,93,55.0621,1,11,0.7,-7.9,0.59,0.40826,0.9177017,1,26,11,38,57,40000
"2020-01-26 11:39:00.18",18180,100088,10.56,13.23,87,24.4951,93,55.0558,1,11,0.7,-7.5,0.73,0.4082517,0.9175967,1,26,11,38,59,490000
"2020-01-26 11:39:02.78",18181,100089,9.21,13.23,87,24.495,93,55.0484,1,11,0.7,-7.6,0.64,0.40825,0.9174734,1,26,11,39,2,100000
"2020-01-26 11:39:05.21",18182,100090,10,13.22,87,24.495,93,55.0352,1,11,0.7,-8,0.69,0.40825,0.9172533,1,26,11,39,4,530000
"2020-01-26 11:39:07.79",18183,100091,10.78,13.23,87,24.4949,93,55.0296,1,11,0.7,-8.2,0.74,0.4082483,0.91716,1,26,11,39,7.000,100000
"2020-01-26 11:39:11.19",18184,100092,15.49,13.22,87,24.4945,93,55.0208,1,11,0.7,-7.7,1.049,0.4082416,0.9170134,1,26,11,39,10,500000
"2020-01-26 11:39:15.86",18185,100093,17.51,13.22,87,24.4943,93,55.0137,1,11,0.7,-8.6,1.181,0.4082384,0.916895,1,26,11,39,15,180000
"2020-01-26 11:39:18.92",18186,100094,17.29,13.22,87,24.4942,93,55,1,11,0.7,-9.6,1.167,0.4082366,0.9166667,1,26,11,39,18,240000
"2020-01-26 11:39:22.18",18187,100095,17.06,13.22,87,24.4939,93,54.9902,1,11,0.7,-9.3,1.152,0.4082317,0.9165033,1,26,11,39,21,500000
"2020-01-26 11:39:24.96",18188,100096,14.48,13.22,87,24.4937,93,54.9809,1,11,0.7,-8.9,0.98,0.4082283,0.9163483,1,26,11,39,24,280000
"2020-01-26 11:39:27.59",18189,100097,10.56,13.22,87,24.4936,93,54.9687,1,11,0.7,-9.2,0.73,0.4082267,0.916145,1,26,11,39,26,910000
"2020-01-26 11:39:30.23",18190,100098,8.76,13.22,87,24.4936,93,54.9588,1,11,0.7,-9.7,0.61,0.4082267,0.9159801,1,26,11,39,29,550000
"2020-01-26 11:39:32.77",18191,100099,7.977,13.22,87,24.4936,93,54.9529,1,11,0.7,-9.9,0.56,0.4082267,0.9158817,1,26,11,39,32,90000
"2020-01-26 11:39:35.25",18192,100100,10.11,13.22,87,24.4933,93,54.9411,1,11,0.7,-9.8,0.70,0.4082217,0.915685,1,26,11,39,34,570000
"2020-01-26 11:39:37.59",18193,100101,12.52,13.21,87,24.493,93,54.9354,1,11,0.7,-9.6,0.86,0.4082166,0.91559,1,26,11,39,36,910000
"2020-01-26 11:39:40.98",18194,100102,13.03,13.21,87,24.4925,93,54.9323,1,11,0.7,-9,0.89,0.4082084,0.9155384,1,26,11,39,40,300000
"2020-01-26 11:39:43.95",18195,100103,18.19,13.21,87,24.4923,93,54.9288,1,11,0.7,-8.6,1.225,0.408205,0.9154799,1,26,11,39,43,260000
"2020-01-26 11:39:53.08",18196,100104,22.79,13.21,87,24.4923,93,54.9229,1,11,0.7,-9.9,1.526,0.408205,0.9153817,1,26,11,39,52,400000
"2020-01-26 11:39:59.98",18197,100105,33.11,13.21,87,24.4926,93,54.9247,1,11,0.7,-10.7,2.201,0.40821,0.9154117,1,26,11,39,59,300000
"2020-01-26 11:40:02.79",18198,100106,34.79,13.21,87,24.4923,93,54.9072,1,11,0.7,-10.9,2.311,0.408205,0.91512,1,26,11,40,2,110000
"2020-01-26 11:40:05.56",18199,100107,37.15,13.21,87,24.492,93,54.8939,1,11,0.7,-10.9,2.465,0.4082,0.9148983,1,26,11,40,4,880000
"2020-01-26 11:40:08.87",18200,100108,35.35,13.2,87,24.4919,93,54.885,1,11,0.7,-11.4,2.348,0.4081983,0.91475,1,26,11,40,8,190000
"2020-01-26 11:40:11.49",18201,100109,32.32,13.2,87,24.4917,93,54.8724,1,11,0.7,-11.4,2.15,0.408195,0.91454,1,26,11,40,10,810000
"2020-01-26 11:40:14.45",18202,100110,43.09,13.2,87,24.4916,93,54.8595,1,11,0.7,-11.7,2.854,0.4081933,0.914325,1,26,11,40,13,770000
"2020-01-26 11:40:17.25",18203,100111,52.85,13.2,87,24.4915,93,54.8507,1,11,0.7,-11.7,3.493,0.4081917,0.9141783,1,26,11,40,16,570000
"2020-01-26 11:40:20.31",18204,100112,39.17,13.2,87,24.4914,93,54.8453,1,11,0.7,-11.4,2.598,0.40819,0.9140883,1,26,11,40,19,630000
"2020-01-26 11:40:23.4",18205,100113,19.98,13.2,87,24.4911,93,54.844,1,11,0.7,-11,1.343,0.408185,0.9140666,1,26,11,40,22,710000
"2020-01-26 11:40:26.95",18206,100114,6.63,13.2,87,24.4908,93,54.8471,1,11,0.7,-10.4,0.47,0.40818,0.9141183,1,26,11,40,26,270000
"2020-01-26 11:40:31.28",18207,100115,51.17,13.2,87,24.4905,93,54.8527,1,11,0.7,-9.3,3.383,0.408175,0.9142116,1,26,11,40,30,600000
"2020-01-26 11:40:34.36",18208,100116,38.61,13.19,87,24.4904,93,54.8534,1,11,0.7,-8.6,2.561,0.4081734,0.9142234,1,26,11,40,33,680000
"2020-01-26 11:41:19.21",18209,100117,85.3,13.18,87,24.491,93,54.9217,1,11,0.7,-4.4,5.613,0.4081833,0.9153617,1,26,11,41,18,520000
"2020-01-26 11:41:22.52",18210,100118,84.3,13.18,87,24.491,93,54.9065,1,11,0.7,-4.6,5.547,0.4081833,0.9151084,1,26,11,41,21,840000
"2020-01-26 11:41:26.2",18211,100119,69.68,13.18,87,24.4909,93,54.8996,1,11,0.7,-5.2,4.593,0.4081817,0.9149934,1,26,11,41,25,520000
"2020-01-26 11:41:30.69",18212,100120,79.89,13.18,87,24.4909,93,54.893,1,11,0.7,-5.3,5.261,0.4081817,0.9148834,1,26,11,41,30,10000
"2020-01-26 11:41:34.31",18213,100121,29.74,13.18,87,24.4909,93,54.8864,1,11,0.7,-5.1,1.981,0.4081817,0.9147733,1,26,11,41,33,630000
"2020-01-26 11:41:37.74",18214,100122,56.56,13.18,87,24.4909,93,54.8806,1,11,0.7,-5,3.735,0.4081817,0.9146766,1,26,11,41,37,60000
"2020-01-26 11:41:41.3",18215,100123,69.97,13.17,87,24.4909,93,54.8634,1,11,0.7,-5.7,4.612,0.4081817,0.91439,1,26,11,41,40,620000
"2020-01-26 11:41:44.71",18216,100124,60.15,13.18,87,24.4912,93,54.8613,1,11,0.7,-6.3,3.97,0.4081866,0.914355,1,26,11,41,44,20000
"2020-01-26 11:41:47.51",18217,100125,47.47,13.17,87,24.4914,93,54.8533,1,11,0.8,-6.9,3.141,0.40819,0.9142217,1,26,11,41,46,830000
"2020-01-26 11:41:50.62",18218,100126,35.18,13.17,87,24.4913,93,54.842,1,11,0.7,-7,2.337,0.4081884,0.9140333,1,26,11,41,49,940000
"2020-01-26 11:41:53.64",18219,100127,26.38,13.17,87,24.4913,93,54.8354,1,11,0.7,-7.2,1.761,0.4081884,0.9139234,1,26,11,41,52,960000
"2020-01-26 11:41:56.5",18220,100128,18.86,13.17,87,24.4911,93,54.8306,1,11,0.7,-7,1.269,0.408185,0.9138434,1,26,11,41,55,820000
"2020-01-26 11:41:59.6",18221,100129,9.77,13.16,87,24.4908,93,54.8203,1,11,0.7,-7.1,0.68,0.40818,0.9136717,1,26,11,41,58,920000
"2020-01-26 11:42:02.33",18222,100130,10.78,13.17,87,24.4905,93,54.8123,1,11,0.7,-7,0.74,0.408175,0.9135383,1,26,11,42,1,650000
"2020-01-26 11:42:05.15",18223,100131,10,13.17,87,24.4904,93,54.8082,1,11,0.7,-7.1,0.69,0.4081734,0.91347,1,26,11,42,4,460000
"2020-01-26 11:42:07.93",18224,100132,9.32,13.16,87,24.4902,93,54.7945,1,11,0.7,-7.2,0.65,0.40817,0.9132416,1,26,11,42,7.000,250000
"2020-01-26 11:42:10.61",18225,100133,10.16,13.16,87,24.4898,93,54.7881,1,11,0.7,-7,0.70,0.4081633,0.913135,1,26,11,42,9,930000
"2020-01-26 11:42:13.27",18226,100134,11.46,13.16,87,24.4897,93,54.7773,1,11,0.7,-6.9,0.79,0.4081617,0.912955,1,26,11,42,12,590000
"2020-01-26 11:42:15.97",18227,100135,11.34,13.16,87,24.4896,93,54.7717,1,11,0.7,-6.9,0.78,0.40816,0.9128617,1,26,11,42,15,290000
"2020-01-26 11:42:18.64",18228,100136,15.33,13.16,87,24.4893,93,54.7632,1,11,0.7,-6.6,1.038,0.408155,0.91272,1,26,11,42,17,960000
"2020-01-26 11:42:21.5",18229,100137,20.21,13.16,87,24.4891,93,54.7535,1,11,0.7,-6.6,1.358,0.4081516,0.9125584,1,26,11,42,20,820000
"2020-01-26 11:42:24.26",18230,100138,22.56,13.16,87,24.489,93,54.7483,1,11,0.7,-6.3,1.512,0.40815,0.9124717,1,26,11,42,23,580000
"2020-01-26 11:42:27.05",18231,100139,22.23,13.16,87,24.4891,93,54.7449,1,11,0.7,-6.2,1.49,0.4081516,0.912415,1,26,11,42,26,370000
"2020-01-26 11:42:30.04",18232,100140,18.97,13.16,87,24.4889,93,54.7332,1,11,0.7,-6,1.277,0.4081483,0.91222,1,26,11,42,29,360000
"2020-01-26 11:42:33.04",18233,100141,18.07,13.16,87,24.4887,93,54.7291,1,11,0.7,-5.8,1.218,0.408145,0.9121516,1,26,11,42,32,360000
"2020-01-26 11:42:35.98",18234,100142,14.54,13.15,87,24.4886,93,54.7256,1,11,0.8,-5.6,0.99,0.4081434,0.9120934,1,26,11,42,35,300000
"2020-01-26 11:43:18.33",18235,100143,17.51,13.14,87,24.4888,93,54.7909,1,11,0.7,-4,1.181,0.4081467,0.9131817,1,26,11,43,17,650000
"2020-01-26 11:43:21",18236,100144,14.48,13.14,87,24.4886,93,54.7966,1,11,0.7,-4.1,0.98,0.4081434,0.9132766,1,26,11,43,20,320000
"2020-01-26 11:43:24.45",18237,100145,20.99,13.14,87,24.4878,93,54.8141,1,11,0.7,-4.3,1.409,0.40813,0.9135683,1,26,11,43,23,770000
"2020-01-26 11:43:27.23",18238,100146,21.5,13.14,87,24.4873,93,54.8235,1,11,0.7,-4.4,1.442,0.4081217,0.913725,1,26,11,43,26,550000
"2020-01-26 11:43:30.01",18239,100147,19.98,13.14,87,24.487,93,54.8297,1,11,0.7,-4.5,1.343,0.4081167,0.9138283,1,26,11,43,29,330000
"2020-01-26 11:43:33.63",18240,100148,19.08,13.14,87,24.4863,93,54.8433,1,11,0.7,-4.4,1.284,0.408105,0.914055,1,26,11,43,32,950000
"2020-01-26 11:43:36.65",18241,100149,18.19,13.14,87,24.4856,93,54.8573,1,11,0.7,-4.5,1.225,0.4080933,0.9142883,1,26,11,43,35,970000
"2020-01-26 11:43:40.76",18242,100150,15.72,13.13,87,24.485,93,54.8747,1,11,0.7,-4.7,1.064,0.4080834,0.9145783,1,26,11,43,40,70000
"2020-01-26 11:43:52.03",18243,100151,15.27,13.13,87,24.4849,93,54.8951,1,11,0.7,-5,1.035,0.4080816,0.9149183,1,26,11,43,51,350000
"2020-01-26 11:43:54.9",18244,100152,14.37,13.13,87,24.4843,93,54.9035,1,11,0.7,-5.3,0.98,0.4080717,0.9150583,1,26,11,43,54,220000
"2020-01-26 11:44:18.36",18245,100153,12.69,13.13,87,24.4841,93,54.9409,1,11,0.7,-5.7,0.87,0.4080683,0.9156817,1,26,11,44,17,680000
"2020-01-26 11:44:21.16",18246,100154,17.46,13.13,87,24.4838,93,54.9521,1,11,0.7,-5.7,1.178,0.4080634,0.9158683,1,26,11,44,20,480000
"2020-01-26 11:44:24.28",18247,100155,15.49,13.13,87,24.4831,93,54.9611,1,11,0.7,-5.4,1.049,0.4080517,0.9160184,1,26,11,44,23,600000
"2020-01-26 11:44:27.88",18248,100156,17.18,13.13,87,24.4825,93,54.9655,1,11,0.7,-5.3,1.159,0.4080416,0.9160917,1,26,11,44,27,200000
"2020-01-26 11:44:30.66",18249,100157,22,13.13,87,24.4823,93,54.9733,1,11,0.7,-5.2,1.475,0.4080383,0.9162217,1,26,11,44,29,980000
"2020-01-26 11:44:33.43",18250,100158,24.41,13.12,87,24.4818,93,54.987,1,11,0.7,-5.1,1.633,0.40803,0.91645,1,26,11,44,32,750000
"2020-01-26 11:44:36.52",18251,100159,30.98,13.13,87,24.4811,93,55.0011,1,11,0.7,-5.2,2.062,0.4080183,0.916685,1,26,11,44,35,840000
"2020-01-26 11:44:39.03",18252,100160,26.99,13.12,87,24.4806,93,55.0079,1,11,0.7,-5.3,1.801,0.40801,0.9167983,1,26,11,44,38,350000
"2020-01-26 11:44:41.29",18253,100161,24.69,13.12,87,24.4803,93,55.0209,1,11,0.7,-5.3,1.651,0.408005,0.917015,1,26,11,44,40,610000
"2020-01-26 11:44:43.56",18254,100162,20.21,13.12,87,24.48,93,55.0257,1,11,0.7,-5.2,1.358,0.408,0.917095,1,26,11,44,42,880000
"2020-01-26 11:44:46.24",18255,100163,17.18,13.12,87,24.4796,93,55.0413,1,11,0.7,-5.3,1.159,0.4079934,0.917355,1,26,11,44,45,560000
"2020-01-26 11:44:49.04",18256,100164,19.14,13.12,87,24.4793,93,55.0482,1,11,0.7,-5.4,1.288,0.4079883,0.91747,1,26,11,44,48,360000
"2020-01-26 11:44:51.53",18257,100165,27.72,13.12,87,24.4787,93,55.0612,1,11,0.7,-5.2,1.849,0.4079784,0.9176866,1,26,11,44,50,850000
"2020-01-26 11:44:54.25",18258,100166,20.99,13.12,87,24.4784,93,55.0694,1,11,0.7,-5.4,1.409,0.4079733,0.9178234,1,26,11,44,53,570000
"2020-01-26 11:45:07.36",18259,100167,21.5,13.12,87,24.4785,93,55.0983,1,11,0.7,-6.1,1.442,0.407975,0.918305,1,26,11,45,6,680000
"2020-01-26 11:45:10.05",18260,100168,21.22,13.12,87,24.4782,93,55.1018,1,11,0.7,-6.4,1.424,0.40797,0.9183634,1,26,11,45,9,370000
"2020-01-26 11:45:12.74",18261,100169,15.38,13.11,87,24.4773,93,55.1123,1,11,0.7,-6.4,1.042,0.407955,0.9185383,1,26,11,45,12,60000
"2020-01-26 11:45:15.51",18262,100170,14.71,13.12,87,24.4768,93,55.1234,1,11,0.7,-6.7,1.00,0.4079467,0.9187234,1,26,11,45,14,830000
"2020-01-26 11:45:18.56",18263,100171,15.72,13.12,87,24.4764,93,55.1418,1,11,0.7,-6.6,1.064,0.40794,0.91903,1,26,11,45,17,880000
"2020-01-26 11:45:21.25",18264,100172,17.07,13.11,87,24.476,93,55.153,1,11,0.7,-6.6,1.152,0.4079333,0.9192167,1,26,11,45,20,570000
"2020-01-26 11:45:24.15",18265,100173,24.47,13.11,87,24.4758,93,55.1579,1,11,0.7,-6.9,1.636,0.40793,0.9192983,1,26,11,45,23,470000
"2020-01-26 11:45:38.89",18266,100174,41.75,13.11,87,24.4742,93,55.1953,1,11,0.7,-7.2,2.766,0.4079033,0.9199217,1,26,11,45,38,210000
"2020-01-26 11:45:41.8",18267,100175,16.28,13.1,87,24.474,93,55.1988,1,11,0.7,-7.1,1.101,0.4079,0.91998,1,26,11,45,41,120000
"2020-01-26 11:45:58.81",18268,100176,17.01,13.1,87,24.4733,93,55.2383,1,11,0.7,-7.7,1.148,0.4078884,0.9206383,1,26,11,45,58,130000
"2020-01-26 11:46:01.34",18269,100177,17.29,13.11,87,24.4732,93,55.2406,1,11,0.7,-7.7,1.167,0.4078866,0.9206766,1,26,11,46,0,660000
"2020-01-26 11:46:03.95",18270,100178,15.94,13.1,87,24.473,93,55.2447,1,11,0.7,-7.7,1.079,0.4078833,0.920745,1,26,11,46,3,270000
"2020-01-26 11:46:06.23",18271,100179,15.61,13.1,87,24.4725,93,55.2511,1,11,0.7,-7.7,1.057,0.407875,0.9208517,1,26,11,46,5,550000
"2020-01-26 11:46:08.36",18272,100180,16,13.1,87,24.4721,93,55.256,1,11,0.7,-7.7,1.082,0.4078683,0.9209334,1,26,11,46,7.000,680000
"2020-01-26 11:46:10.54",18273,100181,17.18,13.1,87,24.4718,93,55.2625,1,11,0.7,-7.7,1.159,0.4078633,0.9210417,1,26,11,46,9,860000
"2020-01-26 11:46:12.79",18274,100182,22.06,13.1,87,24.4715,93,55.2694,1,11,0.7,-7.6,1.479,0.4078584,0.9211567,1,26,11,46,12,110000
"2020-01-26 11:46:15.06",18275,100183,19.42,13.1,87,24.4712,93,55.2756,1,11,0.7,-7.6,1.306,0.4078533,0.92126,1,26,11,46,14,380000
"2020-01-26 11:46:17.42",18276,100184,16.84,13.1,87,24.4706,93,55.2834,1,11,0.7,-7.6,1.137,0.4078433,0.92139,1,26,11,46,16,740000
"2020-01-26 11:46:22.39",18277,100185,15.1,13.1,87,24.4704,93,55.2929,1,11,0.7,-7.6,1.024,0.40784,0.9215483,1,26,11,46,21,710000
"2020-01-26 11:47:21.32",18278,100186,13.7,13.08,87,24.4713,93,55.3851,1,11,0.7,-7.7,0.93,0.407855,0.923085,1,26,11,47,20,640000
"2020-01-26 11:47:26.13",18279,100187,13.92,13.08,87,24.4714,93,55.3956,1,11,0.7,-7.4,0.95,0.4078566,0.92326,1,26,11,47,25,440000
"2020-01-26 11:47:28.57",18280,100188,16.17,13.08,87,24.4717,93,55.4117,1,11,0.7,-7.6,1.093,0.4078617,0.9235284,1,26,11,47,27,890000
"2020-01-26 11:47:30.89",18281,100189,20.43,13.07,87,24.472,93,55.4223,1,11,0.7,-7.6,1.372,0.4078666,0.923705,1,26,11,47,30,210000
"2020-01-26 11:47:34.38",18282,100190,23.46,13.08,87,24.4726,93,55.4459,1,11,0.7,-7.6,1.57,0.4078767,0.9240983,1,26,11,47,33,700000
"2020-01-26 11:47:37.82",18283,100191,25.48,13.07,87,24.4727,93,55.4602,1,11,0.7,-7.6,1.702,0.4078783,0.9243366,1,26,11,47,37,140000
"2020-01-26 11:47:46.05",18284,100192,25.93,13.07,87,24.4729,93,55.4786,1,11,0.7,-7.6,1.732,0.4078817,0.9246434,1,26,11,47,45,370000
"2020-01-26 11:47:48.08",18285,100193,25.87,13.07,87,24.4732,93,55.4909,1,11,0.7,-7.7,1.728,0.4078866,0.9248483,1,26,11,47,47,400000
"2020-01-26 11:47:49.99",18286,100194,30.19,13.07,87,24.4734,93,55.4997,1,11,0.7,-7.6,2.011,0.40789,0.924995,1,26,11,47,49,310000
"2020-01-26 11:47:51.85",18287,100195,27.39,13.07,87,24.4736,93,55.5121,1,11,0.7,-7.5,1.827,0.4078933,0.9252017,1,26,11,47,51,170000
"2020-01-26 11:47:53.8",18288,100196,28.51,13.07,87,24.4738,93,55.5247,1,11,0.7,-7.5,1.901,0.4078967,0.9254117,1,26,11,47,53,120000
"2020-01-26 11:47:55.79",18289,100197,25.99,13.07,87,24.4741,93,55.5355,1,11,0.7,-7.5,1.735,0.4079017,0.9255917,1,26,11,47,55,110000
"2020-01-26 11:47:57.66",18290,100198,25.14,13.07,87,24.4744,93,55.5473,1,11,0.7,-7.4,1.68,0.4079066,0.9257883,1,26,11,47,56,980000
"2020-01-26 11:47:59.63",18291,100199,14.82,13.07,87,24.4746,93,55.5595,1,11,0.7,-7.5,1.005,0.40791,0.9259917,1,26,11,47,58,950000
"2020-01-26 11:48:01.54",18292,100200,15.27,13.07,87,24.475,93,55.5689,1,11,0.7,-7.3,1.035,0.4079167,0.9261483,1,26,11,48,0,860000
"2020-01-26 11:48:03.49",18293,100201,24.36,13.07,87,24.4751,93,55.5809,1,11,0.7,-7.2,1.629,0.4079183,0.9263483,1,26,11,48,2,810000
"2020-01-26 11:48:05.42",18294,100202,27.39,13.07,87,24.4753,93,55.5922,1,11,0.7,-7.4,1.827,0.4079217,0.9265366,1,26,11,48,4,740000
"2020-01-26 11:48:07.21",18295,100203,25.93,13.07,87,24.4756,93,55.6018,1,11,0.7,-7.2,1.732,0.4079266,0.9266966,1,26,11,48,6,530000
"2020-01-26 11:48:09.04",18296,100204,27.72,13.07,87,24.4758,93,55.6059,1,11,0.7,-7.1,1.849,0.40793,0.926765,1,26,11,48,8,360000
"2020-01-26 11:48:10.77",18297,100205,30.64,13.07,87,24.4761,93,55.6157,1,11,0.7,-7,2.04,0.407935,0.9269283,1,26,11,48,10,90000
"2020-01-26 11:48:12.62",18298,100206,30.53,13.07,87,24.4764,93,55.6277,1,11,0.7,-7.1,2.033,0.40794,0.9271284,1,26,11,48,11,940000
"2020-01-26 11:48:14.37",18299,100207,31.93,13.07,87,24.4766,93,55.6382,1,11,0.7,-7.3,2.124,0.4079433,0.9273033,1,26,11,48,13,690000
"2020-01-26 11:48:16.15",18300,100208,33.95,13.07,87,24.4767,93,55.6456,1,11,0.7,-7.2,2.256,0.407945,0.9274266,1,26,11,48,15,460000
"2020-01-26 11:48:18.96",18301,100209,34.46,13.06,87,24.477,93,55.6702,1,11,0.7,-7.3,2.289,0.40795,0.9278366,1,26,11,48,18,280000
"2020-01-26 11:48:22.26",18302,100210,36.42,13.07,87,24.4773,93,55.6854,1,11,0.7,-7.3,2.418,0.407955,0.92809,1,26,11,48,21,580000
"2020-01-26 11:48:24.16",18303,100211,39.95,13.07,87,24.4775,93,55.6861,1,11,0.7,-7.1,2.649,0.4079584,0.9281017,1,26,11,48,23,470000
"2020-01-26 11:48:26.13",18304,100212,39.51,13.06,87,24.4778,93,55.6959,1,11,0.7,-7,2.62,0.4079633,0.928265,1,26,11,48,25,450000
"2020-01-26 11:48:28.14",18305,100213,34.12,13.07,87,24.478,93,55.7066,1,11,0.7,-7,2.267,0.4079667,0.9284433,1,26,11,48,27,460000
"2020-01-26 11:48:30.14",18306,100214,31.09,13.07,87,24.4785,93,55.7161,1,11,0.7,-7.1,2.069,0.407975,0.9286016,1,26,11,48,29,460000
"2020-01-26 11:48:32.27",18307,100215,44.67,13.06,87,24.4791,93,55.7247,1,11,0.7,-7,2.957,0.407985,0.928745,1,26,11,48,31,590000
"2020-01-26 11:48:34.46",18308,100216,50.39,13.06,87,24.4793,93,55.7324,1,11,0.7,-7,3.331,0.4079883,0.9288733,1,26,11,48,33,780000
"2020-01-26 11:48:36.52",18309,100217,43.66,13.06,87,24.4796,93,55.7432,1,11,0.7,-7.1,2.891,0.4079934,0.9290533,1,26,11,48,35,840000
"2020-01-26 11:48:40.1",18310,100218,42.93,13.06,87,24.4798,93,55.7569,1,11,0.7,-7.1,2.844,0.4079966,0.9292817,1,26,11,48,39,420000
"2020-01-26 11:48:43.5",18311,100219,35.07,13.06,87,24.4803,93,55.7683,1,11,0.7,-6.8,2.33,0.408005,0.9294717,1,26,11,48,42,820000
"2020-01-26 11:48:45.98",18312,100220,24.47,13.06,87,24.4804,93,55.7696,1,11,0.7,-6.6,1.636,0.4080067,0.9294933,1,26,11,48,45,300000
"2020-01-26 11:48:48.32",18313,100221,28.85,13.06,87,24.4807,93,55.7827,1,11,0.7,-6.7,1.923,0.4080116,0.9297116,1,26,11,48,47,640000
"2020-01-26 11:48:50.49",18314,100222,38.72,13.06,87,24.4809,93,55.7921,1,11,0.7,-6.7,2.568,0.408015,0.9298683,1,26,11,48,49,810000
"2020-01-26 11:48:52.74",18315,100223,46.57,13.06,87,24.4811,93,55.8029,1,11,0.7,-6.7,3.082,0.4080183,0.9300483,1,26,11,48,52,60000
"2020-01-26 11:49:15.67",18316,100224,53.03,13.05,87,24.4812,93,55.8351,1,11,0.7,-6.7,3.504,0.40802,0.930585,1,26,11,49,14,990000
"2020-01-26 11:49:17.67",18317,100225,58.02,13.05,87,24.4816,93,55.8459,1,11,0.7,-6.8,3.83,0.4080267,0.930765,1,26,11,49,16,990000
"2020-01-26 11:49:19.75",18318,100226,61.05,13.05,87,24.4818,93,55.8559,1,11,0.7,-6.9,4.029,0.40803,0.9309317,1,26,11,49,19,70000
"2020-01-26 11:49:21.83",18319,100227,68.62,13.05,87,24.482,93,55.8647,1,11,0.7,-6.9,4.524,0.4080334,0.9310783,1,26,11,49,21,150000
"2020-01-26 11:49:24.27",18320,100228,82.4,13.05,87,24.4824,93,55.8751,1,11,0.7,-7,5.423,0.40804,0.9312517,1,26,11,49,23,590000
"2020-01-26 11:49:27.48",18321,100229,56.34,13.05,87,24.4828,93,55.8818,1,11,0.8,-7,3.72,0.4080467,0.9313634,1,26,11,49,26,800000
"2020-01-26 11:49:29.83",18322,100230,38.33,13.05,87,24.483,93,55.8922,1,11,0.7,-7,2.543,0.40805,0.9315366,1,26,11,49,29,150000
"2020-01-26 11:49:31.95",18323,100231,44.22,13.05,87,24.4831,93,55.899,1,11,0.7,-6.9,2.928,0.4080517,0.93165,1,26,11,49,31,270000
"2020-01-26 11:49:34.1",18324,100232,35.69,13.04,87,24.4832,93,55.905,1,11,0.7,-6.9,2.37,0.4080533,0.93175,1,26,11,49,33,420000
"2020-01-26 11:49:36.37",18325,100233,42.7,13.05,87,24.4835,93,55.9236,1,11,0.7,-7,2.829,0.4080583,0.93206,1,26,11,49,35,690000
"2020-01-26 11:49:39.09",18326,100234,55.83,13.05,87,24.4837,93,55.9332,1,11,0.7,-7,3.687,0.4080616,0.9322201,1,26,11,49,38,410000
"2020-01-26 11:49:41.45",18327,100235,59.03,13.04,87,24.4839,93,55.9495,1,11,0.7,-7.1,3.897,0.408065,0.9324917,1,26,11,49,40,770000
"2020-01-26 11:49:43.76",18328,100236,49.04,13.05,87,24.484,93,55.9619,1,11,0.7,-7,3.243,0.4080667,0.9326983,1,26,11,49,43,80000
"2020-01-26 11:49:46.08",18329,100237,27.61,13.05,87,24.4842,93,55.9681,1,11,0.7,-6.9,1.842,0.40807,0.9328017,1,26,11,49,45,400000
"2020-01-26 11:50:16.65",18330,100238,24.81,13.03,87,24.4842,93,55.9916,1,11,0.7,-6.7,1.658,0.40807,0.9331934,1,26,11,50,15,970000
"2020-01-26 11:50:18.77",18331,100239,19.98,13.03,87,24.4845,93,56.004,1,11,0.7,-6.4,1.343,0.408075,0.9334,1,26,11,50,18,90000
"2020-01-26 11:50:20.76",18332,100240,16.5,13.03,87,24.4848,93,56.0162,1,11,0.7,-6.1,1.115,0.40808,0.9336034,1,26,11,50,20,80000
"2020-01-26 11:50:22.91",18333,100241,36.14,13.03,87,24.485,93,56.0282,1,11,0.7,-6,2.4,0.4080834,0.9338033,1,26,11,50,22,230000
"2020-01-26 11:50:24.98",18334,100242,41.41,13.03,87,24.4851,93,56.036,1,11,0.7,-6.1,2.744,0.408085,0.9339333,1,26,11,50,24,300000
"2020-01-26 11:50:27.11",18335,100243,42.31,13.03,87,24.4854,93,56.0465,1,11,0.7,-6.6,2.803,0.40809,0.9341084,1,26,11,50,26,430000
"2020-01-26 11:50:29.86",18336,100244,38.27,13.03,87,24.4855,93,56.0585,1,11,0.7,-6.5,2.539,0.4080917,0.9343083,1,26,11,50,29,180000
"2020-01-26 11:50:31.92",18337,100245,30.64,13.03,87,24.4857,93,56.0663,1,11,0.7,-6.5,2.04,0.408095,0.9344383,1,26,11,50,31,240000
"2020-01-26 11:50:33.91",18338,100246,24.69,13.03,87,24.486,93,56.0774,1,11,0.7,-6.5,1.651,0.4081,0.9346234,1,26,11,50,33,230000
"2020-01-26 11:50:35.95",18339,100247,22.23,13.03,87,24.4865,93,56.0839,1,11,0.7,-6.5,1.49,0.4081083,0.9347317,1,26,11,50,35,270000
"2020-01-26 11:50:38.01",18340,100248,15.61,13.03,87,24.4867,93,56.0954,1,11,0.7,-6.4,1.057,0.4081117,0.9349234,1,26,11,50,37,330000
"2020-01-26 11:50:40.16",18341,100249,12.91,13.03,87,24.4872,93,56.1097,1,11,0.7,-6.5,0.88,0.40812,0.9351617,1,26,11,50,39,480000
"2020-01-26 11:50:42.06",18342,100250,11.23,13.03,87,24.4873,93,56.1148,1,11,0.7,-6.6,0.77,0.4081217,0.9352466,1,26,11,50,41,380000
"2020-01-26 11:50:44",18343,100251,9.88,13.03,87,24.4877,93,56.1236,1,11,0.7,-6.6,0.68,0.4081283,0.9353934,1,26,11,50,43,320000
"2020-01-26 11:50:45.97",18344,100252,10.22,13.02,87,24.4881,93,56.132,1,11,0.7,-6.6,0.70,0.408135,0.9355334,1,26,11,50,45,290000
"2020-01-26 11:50:48",18345,100253,10.11,13.02,87,24.4884,93,56.1423,1,11,0.7,-6.6,0.70,0.40814,0.935705,1,26,11,50,47,320000
"2020-01-26 11:50:49.84",18346,100254,10.17,13.02,87,24.4887,93,56.1497,1,11,0.7,-6.8,0.70,0.408145,0.9358283,1,26,11,50,49,160000
"2020-01-26 11:50:51.61",18347,100255,11.12,13.02,87,24.489,93,56.1559,1,11,0.7,-6.7,0.76,0.40815,0.9359316,1,26,11,50,50,930000
"2020-01-26 11:50:53.51",18348,100256,13.25,13.02,87,24.4893,93,56.1626,1,11,0.7,-6.7,0.90,0.408155,0.9360434,1,26,11,50,52,830000
"2020-01-26 11:50:55.32",18349,100257,15.72,13.02,87,24.4897,93,56.1739,1,11,0.7,-6.7,1.064,0.4081617,0.9362317,1,26,11,50,54,640000
"2020-01-26 11:50:57.22",18350,100258,15.05,13.02,87,24.4902,93,56.1859,1,11,0.7,-6.4,1.02,0.40817,0.9364317,1,26,11,50,56,540000
"2020-01-26 11:50:58.99",18351,100259,12.02,13.02,87,24.4904,93,56.1912,1,11,0.7,-6.4,0.82,0.4081734,0.93652,1,26,11,50,58,310000
"2020-01-26 11:51:00.77",18352,100260,9.77,13.02,87,24.4907,93,56.1979,1,11,0.7,-6.4,0.68,0.4081783,0.9366316,1,26,11,51,0,90000
"2020-01-26 11:51:02.5",18353,100261,9.10,13.02,87,24.4911,93,56.2076,1,11,0.7,-6.4,0.63,0.408185,0.9367934,1,26,11,51,1,820000
"2020-01-26 11:51:04.17",18354,100262,8.54,13.02,87,24.4913,93,56.2193,1,11,0.7,-6.4,0.59,0.4081884,0.9369883,1,26,11,51,3,480000
"2020-01-26 11:51:05.79",18355,100263,7.809,13.02,87,24.4916,93,56.2255,1,11,0.7,-6.5,0.55,0.4081933,0.9370917,1,26,11,51,5,110000
"2020-01-26 11:51:07.43",18356,100264,10.5,13.02,87,24.4919,93,56.2309,1,11,0.7,-6.5,0.72,0.4081983,0.9371817,1,26,11,51,6,750000
"2020-01-26 11:51:09.1",18357,100265,10.45,13.02,87,24.4921,93,56.2353,1,11,0.7,-6.6,0.72,0.4082017,0.937255,1,26,11,51,8,420000
"2020-01-26 11:51:10.72",18358,100266,9.44,13.02,87,24.4923,93,56.2489,1,11,0.7,-6.7,0.65,0.408205,0.9374817,1,26,11,51,10,40000
"2020-01-26 11:51:12.27",18359,100267,8.65,13.02,87,24.4928,93,56.2596,1,11,0.7,-6.6,0.60,0.4082133,0.93766,1,26,11,51,11,590000
"2020-01-26 11:51:13.83",18360,100268,7.865,13.02,87,24.493,93,56.2645,1,11,0.7,-6.6,0.55,0.4082166,0.9377416,1,26,11,51,13,150000
"2020-01-26 11:51:15.34",18361,100269,7.641,13.02,87,24.4933,93,56.2758,1,11,0.7,-6.6,0.54,0.4082217,0.93793,1,26,11,51,14,660000
"2020-01-26 11:51:16.85",18362,100270,8.99,13.02,87,24.4935,93,56.2813,1,11,0.7,-6.5,0.62,0.408225,0.9380217,1,26,11,51,16,170000
"2020-01-26 11:51:18.38",18363,100271,8.99,13.01,87,24.4939,93,56.2941,1,11,0.7,-6.3,0.62,0.4082317,0.938235,1,26,11,51,17,700000
"2020-01-26 11:51:19.9",18364,100272,9.44,13.01,87,24.4938,93,56.3007,1,11,0.7,-6.2,0.65,0.40823,0.938345,1,26,11,51,19,220000
"2020-01-26 11:51:21.37",18365,100273,10.33,13.02,87,24.494,93,56.3098,1,11,0.7,-5.9,0.71,0.4082333,0.9384966,1,26,11,51,20,690000
"2020-01-26 11:51:22.85",18366,100274,10.33,13.02,87,24.4943,93,56.3143,1,11,0.7,-5.8,0.71,0.4082384,0.9385717,1,26,11,51,22,170000
"2020-01-26 11:51:24.55",18367,100275,8.76,13.01,87,24.4949,93,56.3235,1,11,0.7,-5.7,0.61,0.4082483,0.938725,1,26,11,51,23,870000
"2020-01-26 11:51:26.06",18368,100276,9.21,13.02,87,24.4951,93,56.328,1,11,0.7,-5.8,0.64,0.4082517,0.9388,1,26,11,51,25,380000
"2020-01-26 11:51:27.53",18369,100277,9.66,13.02,87,24.4956,93,56.3378,1,11,0.7,-5.7,0.67,0.40826,0.9389633,1,26,11,51,26,850000
"2020-01-26 11:51:29.1",18370,100278,9.10,13.01,87,24.4958,93,56.3419,1,11,0.7,-5.5,0.63,0.4082633,0.9390317,1,26,11,51,28,420000
"2020-01-26 11:51:30.76",18371,100279,9.77,13.02,87,24.4961,93,56.3509,1,11,0.7,-5.3,0.68,0.4082683,0.9391816,1,26,11,51,30,80000
"2020-01-26 11:51:33.24",18372,100280,11.9,13.02,87,24.4965,93,56.3655,1,11,0.7,-5.2,0.82,0.408275,0.939425,1,26,11,51,32,560000
"2020-01-26 11:51:34.92",18373,100281,11.12,13.01,87,24.4967,93,56.3703,1,11,0.7,-5.3,0.76,0.4082784,0.939505,1,26,11,51,34,240000
"2020-01-26 11:51:36.52",18374,100282,10.5,13.02,87,24.4972,93,56.3818,1,11,0.7,-5.2,0.72,0.4082867,0.9396966,1,26,11,51,35,840000
"2020-01-26 11:51:37.92",18375,100283,11.9,13.01,87,24.4974,93,56.3879,1,11,0.7,-5.2,0.82,0.40829,0.9397983,1,26,11,51,37,240000
"2020-01-26 11:51:39.42",18376,100284,11.12,13.01,87,24.4975,93,56.3971,1,11,0.7,-5.1,0.76,0.4082917,0.9399517,1,26,11,51,38,740000
"2020-01-26 11:51:40.95",18377,100285,12.24,13.01,87,24.4978,93,56.4023,1,11,0.7,-5,0.84,0.4082967,0.9400384,1,26,11,51,40,270000
"2020-01-26 11:51:42.36",18378,100286,13.25,13.01,87,24.4982,93,56.4159,1,11,0.7,-5,0.90,0.4083033,0.940265,1,26,11,51,41,680000
"2020-01-26 11:51:43.8",18379,100287,13.36,13.01,87,24.4984,93,56.4219,1,11,0.7,-5,0.91,0.4083066,0.940365,1,26,11,51,43,120000
"2020-01-26 11:51:45.34",18380,100288,14.93,13.01,87,24.4988,93,56.4337,1,11,0.7,-4.9,1.013,0.4083133,0.9405617,1,26,11,51,44,660000
"2020-01-26 11:51:46.81",18381,100289,17.29,13.01,87,24.4991,93,56.4379,1,11,0.7,-4.9,1.167,0.4083184,0.9406317,1,26,11,51,46,130000
"2020-01-26 11:51:48.33",18382,100290,26.1,13.01,87,24.4994,93,56.4477,1,11,0.7,-4.8,1.743,0.4083233,0.940795,1,26,11,51,47,650000
"2020-01-26 11:51:49.84",18383,100291,21.22,13.01,87,24.4996,93,56.454,1,11,0.7,-4.8,1.424,0.4083266,0.9409,1,26,11,51,49,160000
"2020-01-26 11:51:51.34",18384,100292,13.76,13.01,87,24.4999,93,56.4659,1,11,0.7,-4.7,0.94,0.4083317,0.9410983,1,26,11,51,50,660000
"2020-01-26 11:51:52.81",18385,100293,14.93,13.01,87,24.5001,93,56.4748,1,11,0.7,-5.3,1.013,0.408335,0.9412467,1,26,11,51,52,130000
"2020-01-26 11:51:54.29",18386,100294,16.17,13.01,87,24.5006,93,56.4838,1,11,0.7,-5.1,1.093,0.4083434,0.9413966,1,26,11,51,53,610000
"2020-01-26 11:51:55.97",18387,100295,17.4,13.01,87,24.5008,93,56.4876,1,11,0.7,-5.1,1.174,0.4083466,0.9414599,1,26,11,51,55,290000
"2020-01-26 11:51:57.72",18388,100296,36.42,13.01,87,24.5012,93,56.494,1,11,0.7,-5.1,2.418,0.4083533,0.9415666,1,26,11,51,57,40000
"2020-01-26 11:52:00.06",18389,100297,63.07,13.01,87,24.5014,93,56.495,1,11,0.7,-4.9,4.161,0.4083567,0.9415834,1,26,11,51,59,380000
"2020-01-26 11:52:02.29",18390,100298,59.25,13.01,87,24.5019,93,56.5038,1,11,0.7,-4.9,3.911,0.408365,0.94173,1,26,11,52,1,610000
"2020-01-26 11:52:07.61",18391,100299,37.04,13.01,87,24.5024,93,56.5162,1,11,0.7,-4.8,2.458,0.4083733,0.9419366,1,26,11,52,6,930000
"2020-01-26 11:52:10.68",18392,100300,38.61,13,87,24.5031,93,56.523,1,11,0.8,-4.9,2.561,0.408385,0.94205,1,26,11,52,10,0
"2020-01-26 11:52:12.61",18393,100301,36.92,13.01,87,24.5033,93,56.5275,1,11,0.7,-4.9,2.451,0.4083883,0.942125,1,26,11,52,11,930000
"2020-01-26 11:52:14.38",18394,100302,36.98,13.01,87,24.5036,93,56.5349,1,11,0.7,-4.8,2.455,0.4083933,0.9422483,1,26,11,52,13,700000
"2020-01-26 11:52:16.17",18395,100303,36.64,13,87,24.5039,93,56.5435,1,11,0.7,-4.8,2.433,0.4083983,0.9423916,1,26,11,52,15,490000
"2020-01-26 11:52:18.45",18396,100304,33.56,13,87,24.5042,93,56.5516,1,11,0.7,-5,2.231,0.4084033,0.9425267,1,26,11,52,17,770000
"2020-01-26 11:52:20.51",18397,100305,29.18,13.01,87,24.5044,93,56.5599,1,11,0.7,-5,1.945,0.4084067,0.942665,1,26,11,52,19,830000
"2020-01-26 11:52:23.66",18398,100306,25.93,13,87,24.5047,93,56.569,1,11,0.7,-5,1.732,0.4084116,0.9428166,1,26,11,52,22,980000
"2020-01-26 11:52:26.62",18399,100307,17.74,13,87,24.5048,93,56.5771,1,11,0.7,-5.1,1.196,0.4084134,0.9429516,1,26,11,52,25,940000
"2020-01-26 11:53:04.5",18400,100308,18.19,13,87,24.5051,93,56.6446,1,11,0.7,-4.9,1.225,0.4084183,0.9440766,1,26,11,53,3,820000
"2020-01-26 11:53:06.08",18401,100309,18.08,12.99,87,24.5051,93,56.649,1,11,0.7,-5,1.218,0.4084183,0.94415,1,26,11,53,5,400000
"2020-01-26 11:53:07.68",18402,100310,20.49,13,87,24.5053,93,56.6561,1,11,0.7,-5.2,1.376,0.4084217,0.9442683,1,26,11,53,7.000,0
"2020-01-26 11:53:09.14",18403,100311,19.87,12.99,87,24.5056,93,56.6629,1,11,0.7,-5.2,1.336,0.4084267,0.9443817,1,26,11,53,8,460000
"2020-01-26 11:53:10.56",18404,100312,19.31,12.98,87,24.5059,93,56.6675,1,11,0.7,-5.2,1.299,0.4084316,0.9444583,1,26,11,53,9,880000
"2020-01-26 11:53:11.98",18405,100313,19.65,12.99,87,24.506,93,56.6718,1,11,0.7,-5.2,1.321,0.4084334,0.9445299,1,26,11,53,11,300000
"2020-01-26 11:53:13.6",18406,100314,12.35,12.99,87,24.5064,93,56.682,1,11,0.7,-5.2,0.84,0.40844,0.9447,1,26,11,53,12,920000
"2020-01-26 11:53:15.45",18407,100315,15.83,12.99,87,24.5067,93,56.6892,1,11,0.7,-5.3,1.071,0.408445,0.9448201,1,26,11,53,14,770000
"2020-01-26 11:53:16.99",18408,100316,12.35,12.98,87,24.5069,93,56.6931,1,11,0.7,-5.3,0.84,0.4084483,0.944885,1,26,11,53,16,310000
"2020-01-26 11:53:18.49",18409,100317,17.85,12.99,87,24.5074,93,56.7014,1,11,0.7,-5.3,1.203,0.4084567,0.9450234,1,26,11,53,17,810000
"2020-01-26 11:53:20.02",18410,100318,26.38,12.99,87,24.5076,93,56.7049,1,11,0.7,-5.4,1.761,0.40846,0.9450817,1,26,11,53,19,340000
"2020-01-26 11:53:21.58",18411,100319,27.56,12.98,87,24.508,93,56.714,1,11,0.7,-5.5,1.838,0.4084667,0.9452334,1,26,11,53,20,900000
"2020-01-26 11:53:23.7",18412,100320,32.89,12.99,87,24.5083,93,56.723,1,11,0.7,-5.5,2.187,0.4084717,0.9453833,1,26,11,53,23,20000
"2020-01-26 11:53:25.52",18413,100321,39.51,12.98,87,24.5087,93,56.7309,1,11,0.7,-5.6,2.62,0.4084783,0.945515,1,26,11,53,24,840000
"2020-01-26 11:53:27.42",18414,100322,3.826,12.99,87,24.509,93,56.7369,1,11,0.7,-5.6,0.29,0.4084834,0.945615,1,26,11,53,26,740000
"2020-01-26 11:53:29.12",18415,100323,20.21,12.98,87,24.5091,93,56.7381,1,11,0.7,-5.6,1.358,0.408485,0.945635,1,26,11,53,28,430000
"2020-01-26 11:53:30.71",18416,100324,22.45,12.98,87,24.5094,93,56.7471,1,11,0.7,-5.6,1.504,0.40849,0.945785,1,26,11,53,30,30000
"2020-01-26 11:53:32.35",18417,100325,22.68,12.98,87,24.5096,93,56.7564,1,11,0.7,-5.7,1.519,0.4084934,0.94594,1,26,11,53,31,670000
"2020-01-26 11:53:33.89",18418,100326,28.73,12.98,87,24.5098,93,56.7597,1,11,0.7,-5.7,1.915,0.4084967,0.945995,1,26,11,53,33,210000
"2020-01-26 11:53:35.52",18419,100327,24.58,12.98,87,24.51,93,56.7687,1,11,0.7,-5.7,1.644,0.4085,0.946145,1,26,11,53,34,840000
"2020-01-26 11:53:37.17",18420,100328,17.29,12.98,87,24.5102,93,56.7733,1,11,0.7,-5.9,1.167,0.4085034,0.9462217,1,26,11,53,36,490000
"2020-01-26 11:53:39.35",18421,100329,9.88,12.98,87,24.5106,93,56.7845,1,11,0.7,-5.8,0.68,0.40851,0.9464083,1,26,11,53,38,670000
"2020-01-26 11:53:41.02",18422,100330,9.10,12.98,87,24.5108,93,56.7887,1,11,0.7,-5.9,0.63,0.4085133,0.9464783,1,26,11,53,40,340000
"2020-01-26 11:53:42.34",18423,100331,8.31,12.98,87,24.5113,93,56.7963,1,11,0.7,-5.9,0.58,0.4085216,0.946605,1,26,11,53,41,660000
"2020-01-26 11:53:44.03",18424,100332,8.76,12.98,87,24.5115,93,56.8003,1,11,0.7,-6,0.61,0.408525,0.9466717,1,26,11,53,43,350000
"2020-01-26 11:53:45.41",18425,100333,9.32,12.98,87,24.5119,93,56.8083,1,11,0.7,-6.1,0.65,0.4085317,0.946805,1,26,11,53,44,730000
"2020-01-26 11:53:46.79",18426,100334,8.54,12.98,87,24.5121,93,56.8118,1,11,0.7,-6.1,0.59,0.408535,0.9468633,1,26,11,53,46,110000
"2020-01-26 11:53:48.21",18427,100335,9.10,12.98,87,24.5126,93,56.8232,1,11,0.7,-6.2,0.63,0.4085433,0.9470533,1,26,11,53,47,530000
"2020-01-26 11:53:49.6",18428,100336,10.45,12.98,87,24.513,93,56.8281,1,11,0.7,-6.1,0.72,0.40855,0.947135,1,26,11,53,48,920000
"2020-01-26 11:53:51.16",18429,100337,9.88,12.98,87,24.5132,93,56.8318,1,11,0.7,-5.9,0.68,0.4085533,0.9471966,1,26,11,53,50,470000
"2020-01-26 11:53:52.64",18430,100338,9.04,12.98,87,24.5136,93,56.8435,1,11,0.7,-5.7,0.63,0.40856,0.9473916,1,26,11,53,51,960000
"2020-01-26 11:53:54.13",18431,100339,8.71,12.98,87,24.5138,93,56.8469,1,11,0.7,-5.8,0.61,0.4085633,0.9474484,1,26,11,53,53,450000
"2020-01-26 11:53:55.55",18432,100340,10.33,12.98,87,24.5143,93,56.8577,1,11,0.7,-5.5,0.71,0.4085717,0.9476283,1,26,11,53,54,870000
"2020-01-26 11:53:56.95",18433,100341,9.04,12.98,87,24.5147,93,56.8608,1,11,0.8,-5.4,0.63,0.4085783,0.9476801,1,26,11,53,56,270000
"2020-01-26 11:53:58.35",18434,100342,7.977,12.98,87,24.5151,93,56.8701,1,11,0.7,-4.7,0.56,0.408585,0.947835,1,26,11,53,57,670000
"2020-01-26 11:53:59.71",18435,100343,7.36,12.98,87,24.5154,93,56.8759,1,11,0.7,-5.1,0.52,0.40859,0.9479317,1,26,11,53,59,30000
"2020-01-26 11:54:01.09",18436,100344,8.31,12.97,87,24.5156,93,56.8817,1,11,0.7,-5.2,0.58,0.4085933,0.9480283,1,26,11,54,0,410000
"2020-01-26 11:54:02.47",18437,100345,8.87,12.97,87,24.5162,93,56.891,1,11,0.7,-5.1,0.62,0.4086033,0.9481833,1,26,11,54,1,790000
"2020-01-26 11:54:03.94",18438,100346,8.26,12.98,87,24.5165,93,56.8963,1,11,0.7,-5.1,0.58,0.4086084,0.9482717,1,26,11,54,3,260000
"2020-01-26 11:54:05.36",18439,100347,8.2,12.98,87,24.517,93,56.9086,1,11,0.7,-5,0.57,0.4086167,0.9484766,1,26,11,54,4,680000
"2020-01-26 11:54:06.66",18440,100348,8.31,12.97,87,24.5172,93,56.9152,1,11,0.7,-5.2,0.58,0.40862,0.9485866,1,26,11,54,5,980000
"2020-01-26 11:54:08.06",18441,100349,8.65,12.98,87,24.5175,93,56.9206,1,11,0.7,-5.1,0.60,0.408625,0.9486767,1,26,11,54,7.000,380000
"2020-01-26 11:54:09.44",18442,100350,9.55,12.98,87,24.5181,93,56.9315,1,11,0.7,-4.9,0.66,0.408635,0.9488583,1,26,11,54,8,760000
"2020-01-26 11:54:10.81",18443,100351,8.31,12.98,87,24.5184,93,56.9368,1,11,0.7,-4.9,0.58,0.40864,0.9489466,1,26,11,54,10,130000
"2020-01-26 11:54:15.29",18444,100352,8.09,12.97,87,24.5191,93,56.9548,1,11,0.7,-5,0.57,0.4086517,0.9492466,1,26,11,54,14,610000
"2020-01-26 11:54:16.83",18445,100353,6.967,12.98,87,24.5193,93,56.9576,1,11,0.7,-5,0.49,0.408655,0.9492933,1,26,11,54,16,150000
"2020-01-26 11:54:18.39",18446,100354,7.080,12.97,87,24.5197,93,56.9672,1,11,0.7,-5,0.50,0.4086617,0.9494534,1,26,11,54,17,710000
"2020-01-26 11:54:19.93",18447,100355,5.845,12.97,87,24.5199,93,56.9736,1,11,0.7,-5.1,0.42,0.408665,0.94956,1,26,11,54,19,250000
"2020-01-26 11:54:21.47",18448,100356,6.519,12.98,87,24.5204,93,56.9853,1,11,0.7,-5.1,0.46,0.4086733,0.949755,1,26,11,54,20,790000
"2020-01-26 11:54:22.98",18449,100357,6.687,12.97,87,24.5206,93,56.9915,1,11,0.7,-5.1,0.47,0.4086766,0.9498584,1,26,11,54,22,300000
"2020-01-26 11:54:24.49",18450,100358,6.631,12.97,87,24.5211,93,57.0039,1,11,0.7,-5.1,0.47,0.408685,0.950065,1,26,11,54,23,810000
"2020-01-26 11:54:26.93",18451,100359,6.631,12.97,87,24.5216,93,57.016,1,11,0.7,-5.2,0.47,0.4086934,0.9502666,1,26,11,54,26,250000
"2020-01-26 11:54:28.45",18452,100360,6.519,12.97,87,24.5219,93,57.0261,1,11,0.7,-5.2,0.46,0.4086984,0.950435,1,26,11,54,27,770000
"2020-01-26 11:54:29.98",18453,100361,6.294,12.97,87,24.5221,93,57.0292,1,11,0.7,-5.3,0.45,0.4087017,0.9504867,1,26,11,54,29,300000
"2020-01-26 11:54:31.82",18454,100362,6.967,12.97,87,24.5225,93,57.0413,1,11,0.7,-5.4,0.49,0.4087083,0.9506884,1,26,11,54,31,140000
"2020-01-26 11:54:33.33",18455,100363,7.304,12.97,87,24.5228,93,57.0543,1,11,0.7,-5.4,0.51,0.4087134,0.950905,1,26,11,54,32,650000
"2020-01-26 11:54:34.84",18456,100364,7.697,12.97,87,24.523,93,57.0596,1,11,0.7,-5.4,0.54,0.4087167,0.9509934,1,26,11,54,34,160000
"2020-01-26 11:54:36.45",18457,100365,8.43,12.97,87,24.5234,93,57.0712,1,11,0.7,-5.5,0.59,0.4087233,0.9511867,1,26,11,54,35,770000
"2020-01-26 11:54:38.09",18458,100366,9.21,12.97,87,24.5236,93,57.0772,1,11,0.7,-5.5,0.64,0.4087267,0.9512866,1,26,11,54,37,410000
"2020-01-26 11:54:39.66",18459,100367,8.03,12.97,87,24.5242,93,57.0861,1,11,0.7,-5.4,0.56,0.4087367,0.951435,1,26,11,54,38,980000
"2020-01-26 11:54:41.1",18460,100368,8.48,12.97,87,24.5243,93,57.0914,1,11,0.7,-5.4,0.59,0.4087383,0.9515234,1,26,11,54,40,420000
"2020-01-26 11:54:42.64",18461,100369,12.24,12.96,87,24.5251,93,57.1009,1,11,0.7,-5.3,0.84,0.4087517,0.9516817,1,26,11,54,41,960000
"2020-01-26 11:54:44.1",18462,100370,15.05,12.97,87,24.5255,93,57.1066,1,11,0.7,-5.2,1.02,0.4087583,0.9517767,1,26,11,54,43,420000
"2020-01-26 11:54:45.73",18463,100371,17.57,12.97,87,24.526,93,57.1182,1,11,0.7,-5.2,1.185,0.4087666,0.95197,1,26,11,54,45,50000
"2020-01-26 11:54:47.24",18464,100372,13.03,12.97,87,24.5266,93,57.1295,1,11,0.7,-5.2,0.89,0.4087767,0.9521583,1,26,11,54,46,560000
"2020-01-26 11:54:48.83",18465,100373,9.21,12.97,87,24.5269,93,57.1356,1,11,0.7,-5.2,0.64,0.4087816,0.95226,1,26,11,54,48,150000
"2020-01-26 11:54:50.33",18466,100374,8.65,12.97,87,24.5274,93,57.1464,1,11,0.7,-5.2,0.60,0.40879,0.95244,1,26,11,54,49,650000
"2020-01-26 11:54:52.61",18467,100375,8.31,12.97,87,24.528,93,57.1566,1,11,0.7,-5.2,0.58,0.4088,0.95261,1,26,11,54,51,930000
"2020-01-26 11:54:54.29",18468,100376,8.09,12.97,87,24.5285,93,57.1646,1,11,0.7,-5.2,0.57,0.4088083,0.9527434,1,26,11,54,53,610000
"2020-01-26 11:54:55.91",18469,100377,12.41,12.96,87,24.5288,93,57.1689,1,11,0.7,-5.1,0.85,0.4088133,0.952815,1,26,11,54,55,230000
"2020-01-26 11:55:05.82",18470,100378,12.47,12.96,87,24.5293,93,57.1893,1,11,0.7,-5,0.85,0.4088217,0.953155,1,26,11,55,5,140000
"2020-01-26 11:55:08.67",18471,100379,8.99,12.96,87,24.5297,93,57.1976,1,11,0.7,-5.1,0.62,0.4088283,0.9532934,1,26,11,55,7.000,990000
"2020-01-26 11:55:20.65",18472,100380,15.78,12.96,87,24.5299,93,57.2247,1,11,0.7,-5.3,1.068,0.4088316,0.953745,1,26,11,55,19,970000
"2020-01-26 11:55:25.25",18473,100381,12.8,12.96,87,24.5298,93,57.2321,1,11,0.7,-5.4,0.87,0.40883,0.9538683,1,26,11,55,24,570000
"2020-01-26 11:55:26.9",18474,100382,14.77,12.96,87,24.5296,93,57.236,1,11,0.7,-5.4,1.002,0.4088267,0.9539334,1,26,11,55,26,220000
"2020-01-26 11:55:28.39",18475,100383,12.41,12.96,87,24.5292,93,57.2435,1,11,0.7,-5.4,0.85,0.40882,0.9540583,1,26,11,55,27,710000
"2020-01-26 11:55:30.08",18476,100384,14.26,12.96,87,24.529,93,57.2462,1,11,0.7,-5.4,0.97,0.4088167,0.9541034,1,26,11,55,29,400000
"2020-01-26 11:55:31.81",18477,100385,12.75,12.96,87,24.5286,93,57.2533,1,11,0.7,-5.5,0.87,0.40881,0.9542217,1,26,11,55,31,130000
"2020-01-26 11:55:33.39",18478,100386,14.04,12.96,87,24.5282,93,57.26,1,11,0.7,-5.5,0.95,0.4088034,0.9543333,1,26,11,55,32,710000
"2020-01-26 11:55:34.86",18479,100387,12.24,12.95,87,24.528,93,57.2633,1,11,0.7,-5.5,0.84,0.4088,0.9543884,1,26,11,55,34,180000
"2020-01-26 11:55:36.32",18480,100388,12.35,12.96,87,24.5276,93,57.2696,1,11,0.7,-5.5,0.84,0.4087933,0.9544934,1,26,11,55,35,640000
"2020-01-26 11:55:37.8",18481,100389,14.93,12.96,87,24.5273,93,57.2738,1,11,0.7,-5.4,1.013,0.4087883,0.9545633,1,26,11,55,37,120000
"2020-01-26 11:55:39.22",18482,100390,22.68,12.96,87,24.5268,93,57.2777,1,11,0.7,-5.4,1.519,0.40878,0.9546283,1,26,11,55,38,540000
"2020-01-26 11:55:40.73",18483,100391,27.39,12.95,87,24.5264,93,57.2822,1,11,0.7,-5.2,1.827,0.4087733,0.9547034,1,26,11,55,40,50000
"2020-01-26 11:55:42.2",18484,100392,27.61,12.95,87,24.526,93,57.2921,1,11,0.7,-5.1,1.842,0.4087666,0.9548683,1,26,11,55,41,520000
"2020-01-26 11:55:43.77",18485,100393,22.45,12.96,87,24.5258,93,57.2964,1,11,0.7,-5.2,1.504,0.4087634,0.95494,1,26,11,55,43,90000
"2020-01-26 11:55:45.44",18486,100394,22.68,12.96,87,24.5254,93,57.3039,1,11,0.7,-5.1,1.519,0.4087567,0.955065,1,26,11,55,44,760000
"2020-01-26 11:55:46.98",18487,100395,19.98,12.96,87,24.5253,93,57.308,1,11,0.7,-5.1,1.343,0.408755,0.9551333,1,26,11,55,46,300000
"2020-01-26 11:55:48.5",18488,100396,16.67,12.96,87,24.5248,93,57.3147,1,11,0.7,-5.1,1.126,0.4087466,0.955245,1,26,11,55,47,820000
"2020-01-26 11:55:50.09",18489,100397,23.24,12.96,87,24.5246,93,57.3166,1,11,0.7,-5.1,1.556,0.4087433,0.9552766,1,26,11,55,49,410000
"2020-01-26 11:55:51.65",18490,100398,12.91,12.95,87,24.5241,93,57.3244,1,11,0.7,-5.2,0.88,0.408735,0.9554067,1,26,11,55,50,970000
"2020-01-26 11:55:53.25",18491,100399,23.07,12.96,87,24.5237,93,57.3299,1,11,0.7,-5.2,1.545,0.4087283,0.9554983,1,26,11,55,52,570000
"2020-01-26 11:55:54.79",18492,100400,30.87,12.95,87,24.5236,93,57.3325,1,11,0.7,-5.2,2.055,0.4087267,0.9555417,1,26,11,55,54,110000
"2020-01-26 11:55:56.52",18493,100401,29.07,12.95,87,24.5231,93,57.339,1,11,0.7,-5.2,1.937,0.4087183,0.95565,1,26,11,55,55,840000
"2020-01-26 11:55:58.16",18494,100402,26.04,12.95,87,24.5227,93,57.3455,1,11,0.7,-5.3,1.739,0.4087116,0.9557583,1,26,11,55,57,480000
"2020-01-26 11:55:59.73",18495,100403,21.89,12.96,87,24.5225,93,57.35,1,11,0.7,-5.3,1.468,0.4087083,0.9558333,1,26,11,55,59,50000
"2020-01-26 11:56:01.33",18496,100404,7.865,12.95,87,24.5221,93,57.357,1,11,0.7,-5.3,0.55,0.4087017,0.95595,1,26,11,56,0,650000
"2020-01-26 11:56:02.97",18497,100405,12.58,12.95,87,24.5218,93,57.3604,1,11,0.7,-5.4,0.86,0.4086966,0.9560067,1,26,11,56,2,290000
"2020-01-26 11:56:04.57",18498,100406,17.85,12.95,87,24.5216,93,57.3672,1,11,0.7,-5.3,1.203,0.4086934,0.9561199,1,26,11,56,3,890000
"2020-01-26 11:56:06.21",18499,100407,14.93,12.95,87,24.5211,93,57.3735,1,11,0.7,-5.2,1.013,0.408685,0.956225,1,26,11,56,5,530000
"2020-01-26 11:56:07.67",18500,100408,16.22,12.95,87,24.5209,93,57.3766,1,11,0.7,-5.2,1.097,0.4086817,0.9562766,1,26,11,56,6,990000
"2020-01-26 11:56:09.19",18501,100409,16.39,12.95,87,24.5204,93,57.3857,1,11,0.7,-5.2,1.108,0.4086733,0.9564283,1,26,11,56,8,510000
"2020-01-26 11:56:10.64",18502,100410,6.182,12.95,87,24.5201,93,57.3912,1,11,0.7,-5.2,0.44,0.4086683,0.95652,1,26,11,56,9,960000
"2020-01-26 11:56:12.17",18503,100411,18.69,12.95,87,24.5199,93,57.3948,1,11,0.7,-5.2,1.258,0.408665,0.95658,1,26,11,56,11,480000
"2020-01-26 11:56:14.57",18504,100412,23.57,12.95,87,24.5192,93,57.4063,1,11,0.7,-5.2,1.578,0.4086533,0.9567717,1,26,11,56,13,890000
"2020-01-26 11:56:16.29",18505,100413,20.77,12.95,87,24.5188,93,57.4098,1,11,0.7,-5.3,1.394,0.4086467,0.95683,1,26,11,56,15,610000
"2020-01-26 11:56:17.78",18506,100414,19.98,12.94,87,24.5186,93,57.414,1,11,0.7,-5.4,1.343,0.4086433,0.9569,1,26,11,56,17,100000
"2020-01-26 11:56:19.15",18507,100415,20.21,12.94,87,24.5185,93,57.418,1,11,0.7,-5.5,1.358,0.4086417,0.9569666,1,26,11,56,18,470000
"2020-01-26 11:56:21.27",18508,100416,23.35,12.95,87,24.5179,93,57.4262,1,11,0.7,-5.6,1.563,0.4086317,0.9571034,1,26,11,56,20,590000
"2020-01-26 11:56:22.93",18509,100417,22.56,12.94,87,24.5178,93,57.4314,1,11,0.7,-5.5,1.512,0.40863,0.95719,1,26,11,56,22,250000
"2020-01-26 11:56:25.74",18510,100418,19.76,12.94,87,24.5173,93,57.4451,1,11,0.7,-5.6,1.328,0.4086217,0.9574183,1,26,11,56,25,60000
"2020-01-26 11:56:27.25",18511,100419,18.3,12.95,87,24.5171,93,57.4484,1,11,0.7,-5.7,1.233,0.4086183,0.9574734,1,26,11,56,26,570000
"2020-01-26 11:56:28.78",18512,100420,17.12,12.95,87,24.5169,93,57.4513,1,11,0.7,-5.7,1.156,0.408615,0.9575217,1,26,11,56,28,100000
"2020-01-26 11:56:30.34",18513,100421,25.03,12.94,87,24.5165,93,57.4581,1,11,0.7,-5.7,1.673,0.4086084,0.957635,1,26,11,56,29,660000
"2020-01-26 11:56:31.8",18514,100422,27.22,12.94,87,24.5163,93,57.4613,1,11,0.7,-5.8,1.816,0.408605,0.9576883,1,26,11,56,31,120000
"2020-01-26 11:56:33.73",18515,100423,18.86,12.95,87,24.516,93,57.4676,1,11,0.7,-5.8,1.269,0.4086,0.9577934,1,26,11,56,33,50000
"2020-01-26 11:56:35.86",18516,100424,16.5,12.95,87,24.5156,93,57.4717,1,11,0.7,-5.8,1.115,0.4085933,0.9578617,1,26,11,56,35,180000
"2020-01-26 11:56:37.69",18517,100425,20.77,12.94,87,24.5153,93,57.4796,1,11,0.7,-6.1,1.394,0.4085884,0.9579934,1,26,11,56,37,10000
"2020-01-26 11:56:39.27",18518,100426,13.92,12.93,87,24.5149,93,57.488,1,11,0.7,-6.1,0.95,0.4085817,0.9581334,1,26,11,56,38,590000
"2020-01-26 11:56:40.97",18519,100427,16.67,12.94,87,24.5146,93,57.4907,1,11,0.7,-6.1,1.126,0.4085767,0.9581783,1,26,11,56,40,290000
"2020-01-26 11:56:42.72",18520,100428,29.41,12.94,87,24.5145,93,57.4972,1,11,0.7,-6,1.959,0.408575,0.9582866,1,26,11,56,42,40000
"2020-01-26 11:56:44.64",18521,100429,35.91,12.94,87,24.5142,93,57.5022,1,11,0.7,-6,2.385,0.40857,0.95837,1,26,11,56,43,960000
"2020-01-26 11:56:46.58",18522,100430,35.58,12.94,87,24.5138,93,57.5074,1,11,0.7,-6,2.363,0.4085633,0.9584567,1,26,11,56,45,900000
"2020-01-26 11:56:49.49",18523,100431,46.57,12.94,87,24.5135,93,57.5177,1,11,0.7,-6.2,3.082,0.4085583,0.9586283,1,26,11,56,48,810000
"2020-01-26 11:56:51.99",18524,100432,44.22,12.94,87,24.5133,93,57.5231,1,11,0.7,-6.2,2.928,0.408555,0.9587183,1,26,11,56,51,310000
"2020-01-26 11:56:54.13",18525,100433,37.15,12.94,87,24.5131,93,57.5293,1,11,0.7,-6.5,2.466,0.4085517,0.9588217,1,26,11,56,53,450000
"2020-01-26 11:56:56.22",18526,100434,14.71,12.93,87,24.5125,93,57.5351,1,11,0.7,-6.5,1.00,0.4085417,0.9589183,1,26,11,56,55,540000
"2020-01-26 11:56:58.31",18527,100435,20.88,12.93,87,24.5121,93,57.5352,1,11,0.7,-6.6,1.402,0.408535,0.9589199,1,26,11,56,57,630000
"2020-01-26 11:57:00.45",18528,100436,42.31,12.93,87,24.5118,93,57.5361,1,11,0.7,-6.7,2.803,0.40853,0.958935,1,26,11,56,59,770000
"2020-01-26 11:57:02.73",18529,100437,36.48,12.93,87,24.5115,93,57.5425,1,11,0.7,-6.8,2.422,0.408525,0.9590417,1,26,11,57,2,50000
"2020-01-26 11:57:05.94",18530,100438,43.49,12.94,87,24.5112,93,57.5479,1,11,0.7,-6.8,2.88,0.40852,0.9591317,1,26,11,57,5,260000
"2020-01-26 11:57:08.86",18531,100439,36.03,12.93,87,24.5109,93,57.5535,1,11,0.7,-6.9,2.392,0.408515,0.959225,1,26,11,57,8,180000
"2020-01-26 11:57:13.43",18532,100440,33.22,12.93,87,24.511,93,57.5738,1,11,0.7,-6.8,2.209,0.4085167,0.9595633,1,26,11,57,12,750000
"2020-01-26 11:57:15.73",18533,100441,10.33,12.94,87,24.5107,93,57.5849,1,11,0.7,-6.6,0.71,0.4085117,0.9597483,1,26,11,57,15,50000
"2020-01-26 11:57:18.24",18534,100442,10.28,12.93,87,24.5103,93,57.5974,1,11,0.7,-6.5,0.71,0.408505,0.9599567,1,26,11,57,17,560000
"2020-01-26 11:57:28.26",18535,100443,5.06,12.93,87,24.5097,93,57.6144,1,11,0.7,-6.5,0.37,0.408495,0.96024,1,26,11,57,27,580000
"2020-01-26 11:57:30.36",18536,100444,14.37,12.93,87,24.5095,93,57.6192,1,11,0.7,-6.6,0.98,0.4084917,0.9603201,1,26,11,57,29,680000
"2020-01-26 11:57:35.21",18537,100445,11.01,12.92,87,24.5091,93,57.6275,1,11,0.7,-6.5,0.76,0.408485,0.9604583,1,26,11,57,34,530000
"2020-01-26 11:57:37.33",18538,100446,34.34,12.93,87,24.5092,93,57.6362,1,11,0.7,-6.4,2.282,0.4084867,0.9606034,1,26,11,57,36,650000
"2020-01-26 11:57:38.8",18539,100447,37.65,12.92,87,24.5093,93,57.6433,1,11,0.7,-6.3,2.499,0.4084883,0.9607217,1,26,11,57,38,120000
"2020-01-26 11:57:40.33",18540,100448,20.38,12.93,87,24.5095,93,57.6535,1,11,0.7,-6.3,1.369,0.4084917,0.9608917,1,26,11,57,39,650000
"2020-01-26 11:57:41.82",18541,100449,18.41,12.93,87,24.5096,93,57.6592,1,11,0.7,-6.2,1.24,0.4084934,0.9609866,1,26,11,57,41,140000
"2020-01-26 11:57:43.26",18542,100450,34.74,12.92,87,24.51,93,57.6712,1,11,0.7,-6.2,2.308,0.4085,0.9611866,1,26,11,57,42,580000
"2020-01-26 11:57:44.65",18543,100451,31.54,12.92,87,24.5103,93,57.6767,1,11,0.7,-6.2,2.099,0.408505,0.9612783,1,26,11,57,43,970000
"2020-01-26 11:57:45.96",18544,100452,30.25,12.93,87,24.5105,93,57.6812,1,11,0.7,-6.2,2.014,0.4085083,0.9613533,1,26,11,57,45,280000
"2020-01-26 11:57:47.34",18545,100453,31.82,12.93,87,24.5107,93,57.7003,1,11,0.7,-6.2,2.117,0.4085117,0.9616717,1,26,11,57,46,660000
"2020-01-26 11:57:48.67",18546,100454,35.58,12.93,87,24.5108,93,57.7089,1,11,0.7,-6.3,2.363,0.4085133,0.961815,1,26,11,57,47,990000
"2020-01-26 11:57:50.35",18547,100455,50.22,12.93,87,24.511,93,57.7201,1,11,0.7,-6.1,3.32,0.4085167,0.9620017,1,26,11,57,49,670000
"2020-01-26 11:57:51.9",18548,100456,43.21,12.92,87,24.5112,93,57.7267,1,11,0.7,-6.1,2.862,0.40852,0.9621117,1,26,11,57,51,220000
"2020-01-26 11:57:53.53",18549,100457,38.72,12.92,87,24.5115,93,57.738,1,11,0.7,-5.7,2.568,0.408525,0.9623,1,26,11,57,52,850000
"2020-01-26 11:57:54.97",18550,100458,40.63,12.92,87,24.5116,93,57.7433,1,11,0.7,-5.7,2.693,0.4085267,0.9623883,1,26,11,57,54,290000
"2020-01-26 11:57:56.48",18551,100459,26.83,12.92,87,24.5118,93,57.7578,1,11,0.7,-5.8,1.79,0.40853,0.96263,1,26,11,57,55,800000
"2020-01-26 11:57:58",18552,100460,11.12,12.93,87,24.512,93,57.7642,1,11,0.7,-5.8,0.76,0.4085333,0.9627366,1,26,11,57,57,320000
"2020-01-26 11:57:59.57",18553,100461,9.10,12.93,87,24.5122,93,57.7786,1,11,0.7,-5.9,0.63,0.4085366,0.9629766,1,26,11,57,58,890000
"2020-01-26 11:58:01.33",18554,100462,10.22,12.92,87,24.5122,93,57.7919,1,11,0.7,-5.9,0.70,0.4085366,0.9631984,1,26,11,58,0,650000
"2020-01-26 11:58:03.11",18555,100463,49.38,12.92,87,24.5122,93,57.7974,1,11,0.7,-5.9,3.265,0.4085366,0.96329,1,26,11,58,2,430000
"2020-01-26 11:58:04.82",18556,100464,36.59,12.92,87,24.5122,93,57.8116,1,11,0.7,-6.1,2.429,0.4085366,0.9635266,1,26,11,58,4,140000
"2020-01-26 11:58:06.36",18557,100465,33.22,12.92,87,24.5124,93,57.825,1,11,0.7,-6.1,2.209,0.40854,0.96375,1,26,11,58,5,680000
"2020-01-26 11:58:07.85",18558,100466,28.51,12.92,87,24.5124,93,57.8317,1,11,0.7,-6.2,1.901,0.40854,0.9638617,1,26,11,58,7.000,170000
"2020-01-26 11:58:09.3",18559,100467,20.09,12.92,87,24.5125,93,57.849,1,11,0.7,-6.3,1.35,0.4085417,0.96415,1,26,11,58,8,620000
"2020-01-26 11:58:12.66",18560,100468,14.93,12.92,87,24.5126,93,57.8656,1,11,0.7,-6.4,1.013,0.4085433,0.9644267,1,26,11,58,11,980000
"2020-01-26 11:58:14.53",18561,100469,13.08,12.92,87,24.5125,93,57.875,1,11,0.7,-6.2,0.89,0.4085417,0.9645834,1,26,11,58,13,850000
"2020-01-26 11:58:16.29",18562,100470,23.35,12.92,87,24.5126,93,57.8928,1,11,0.7,-6.2,1.563,0.4085433,0.96488,1,26,11,58,15,610000
"2020-01-26 11:58:17.98",18563,100471,32.77,12.91,87,24.5127,93,57.8989,1,11,0.7,-6.3,2.179,0.408545,0.9649817,1,26,11,58,17,300000
"2020-01-26 11:58:19.84",18564,100472,27.72,12.92,87,24.513,93,57.912,1,11,0.7,-6,1.849,0.40855,0.9652,1,26,11,58,19,160000
"2020-01-26 11:58:21.5",18565,100473,26.32,12.92,87,24.5132,93,57.9225,1,11,0.7,-5.6,1.757,0.4085533,0.965375,1,26,11,58,20,820000
"2020-01-26 11:58:23.21",18566,100474,31.2,12.92,87,24.5134,93,57.9303,1,11,0.7,-5.5,2.077,0.4085566,0.965505,1,26,11,58,22,530000
"2020-01-26 11:58:25.37",18567,100475,44.55,12.92,87,24.5135,93,57.9383,1,11,0.7,-5.8,2.95,0.4085583,0.9656383,1,26,11,58,24,690000
"2020-01-26 11:58:32.57",18568,100476,47.58,12.91,87,24.5136,93,57.9536,1,11,0.7,-5.7,3.148,0.40856,0.9658934,1,26,11,58,31,890000
"2020-01-26 11:58:35.14",18569,100477,55.66,12.92,87,24.5138,93,57.9577,1,11,0.7,-5.7,3.676,0.4085633,0.9659616,1,26,11,58,34,450000
"2020-01-26 11:58:37.58",18570,100478,60.43,12.91,87,24.5143,93,57.9526,1,11,0.7,-5.4,3.988,0.4085717,0.9658766,1,26,11,58,36,900000
"2020-01-26 11:58:40.4",18571,100479,46.74,12.92,87,24.5145,93,57.9499,1,11,0.7,-5,3.093,0.408575,0.9658317,1,26,11,58,39,720000
"2020-01-26 11:58:42.41",18572,100480,35.91,12.92,87,24.5149,93,57.9528,1,11,0.7,-4.9,2.385,0.4085817,0.96588,1,26,11,58,41,730000
"2020-01-26 11:58:44.77",18573,100481,56.56,12.91,87,24.5153,93,57.9519,1,11,0.7,-4.8,3.735,0.4085884,0.965865,1,26,11,58,44,90000
"2020-01-26 11:58:47.79",18574,100482,50.73,12.91,87,24.5156,93,57.9488,1,11,0.7,-4.6,3.354,0.4085933,0.9658134,1,26,11,58,47,110000
"2020-01-26 11:58:50.79",18575,100483,42.93,12.91,87,24.516,93,57.9478,1,11,0.7,-4.7,2.844,0.4086,0.9657966,1,26,11,58,50,110000
"2020-01-26 11:58:53.55",18576,100484,40.96,12.91,87,24.5167,93,57.9445,1,11,0.7,-4.8,2.715,0.4086117,0.9657417,1,26,11,58,52,870000
"2020-01-26 11:59:02.1",18577,100485,42.65,12.91,87,24.5167,93,57.9574,1,11,0.7,-4.8,2.825,0.4086117,0.9659567,1,26,11,59,1,420000
"2020-01-26 11:59:05.56",18578,100486,40.4,12.91,87,24.517,93,57.9518,1,11,0.7,-4.5,2.678,0.4086167,0.9658634,1,26,11,59,4,880000
"2020-01-26 11:59:08.02",18579,100487,30.87,12.91,87,24.5171,93,57.9523,1,11,0.7,-4.3,2.055,0.4086183,0.9658717,1,26,11,59,7.000,340000
"2020-01-26 11:59:10.23",18580,100488,26.66,12.91,87,24.5175,93,57.9524,1,11,0.7,-4.3,1.779,0.408625,0.9658734,1,26,11,59,9,550000
"2020-01-26 11:59:12.39",18581,100489,16.06,12.91,87,24.5178,93,57.9515,1,11,0.7,-4.4,1.086,0.40863,0.9658583,1,26,11,59,11,710000
"2020-01-26 11:59:14.32",18582,100490,29.97,12.91,87,24.5182,93,57.9505,1,11,0.7,-4.4,1.996,0.4086366,0.9658417,1,26,11,59,13,640000
"2020-01-26 11:59:16.35",18583,100491,25.7,12.91,87,24.5186,93,57.9496,1,11,0.7,-4.6,1.717,0.4086433,0.9658267,1,26,11,59,15,670000
"2020-01-26 11:59:18.4",18584,100492,21.78,12.91,87,24.5189,93,57.9479,1,11,0.7,-4.7,1.46,0.4086484,0.9657983,1,26,11,59,17,720000
"2020-01-26 11:59:21.33",18585,100493,6.182,12.91,87,24.5193,93,57.9421,1,11,0.7,-5,0.44,0.408655,0.9657017,1,26,11,59,20,650000
"2020-01-26 11:59:23.39",18586,100494,5.958,12.91,87,24.5196,93,57.9418,1,11,0.7,-5.1,0.43,0.40866,0.9656966,1,26,11,59,22,710000
"2020-01-26 11:59:25.27",18587,100495,7.416,12.91,87,24.52,93,57.9294,1,11,0.7,-5,0.52,0.4086667,0.9654901,1,26,11,59,24,590000
"2020-01-26 11:59:27.64",18588,100496,43.1,12.91,87,24.5203,93,57.9231,1,11,0.7,-5.2,2.855,0.4086717,0.965385,1,26,11,59,26,960000
"2020-01-26 11:59:30.07",18589,100497,40.07,12.91,87,24.5205,93,57.9207,1,11,0.7,-5.3,2.656,0.408675,0.965345,1,26,11,59,29,390000
"2020-01-26 11:59:31.98",18590,100498,36.48,12.91,87,24.5208,93,57.9167,1,11,0.7,-5.2,2.422,0.40868,0.9652783,1,26,11,59,31,300000
"2020-01-26 11:59:34.13",18591,100499,37.6,12.91,87,24.5211,93,57.9144,1,11,0.7,-5.2,2.495,0.408685,0.9652399,1,26,11,59,33,440000
"2020-01-26 11:59:36.25",18592,100500,37.54,12.91,87,24.5215,93,57.9106,1,11,0.7,-5.2,2.491,0.4086917,0.9651766,1,26,11,59,35,570000
"2020-01-26 11:59:38.2",18593,100501,43.1,12.91,87,24.5219,93,57.9089,1,11,0.7,-5.3,2.855,0.4086984,0.9651483,1,26,11,59,37,520000
"2020-01-26 11:59:40.12",18594,100502,37.49,12.91,87,24.522,93,57.9085,1,11,0.7,-5.4,2.488,0.4087,0.9651417,1,26,11,59,39,440000
"2020-01-26 11:59:42.27",18595,100503,35.02,12.91,87,24.5224,93,57.9041,1,11,0.7,-5.5,2.326,0.4087067,0.9650683,1,26,11,59,41,590000
"2020-01-26 11:59:44.52",18596,100504,41.08,12.91,87,24.5227,93,57.8995,1,11,0.7,-5.5,2.722,0.4087116,0.9649917,1,26,11,59,43,840000
"2020-01-26 11:59:52.45",18597,100505,41.58,12.9,87,24.5227,93,57.903,1,11,0.7,-5.2,2.756,0.4087116,0.96505,1,26,11,59,51,770000
"2020-01-26 11:59:55.45",18598,100506,35.13,12.9,87,24.5228,93,57.9018,1,11,0.7,-5.7,2.334,0.4087134,0.9650299,1,26,11,59,54,770000
"2020-01-26 11:59:57.35",18599,100507,39.67,12.9,87,24.523,93,57.9011,1,11,0.7,-5.6,2.631,0.4087167,0.9650183,1,26,11,59,56,670000
"2020-01-26 11:59:59.26",18600,100508,37.49,12.9,87,24.5232,93,57.8985,1,11,0.7,-5.7,2.488,0.40872,0.964975,1,26,11,59,58,580000
"2020-01-26 12:00:01.14",18601,100509,30.03,12.9,87,24.5234,93,57.8981,1,11,0.7,-5.8,2,0.4087233,0.9649684,1,26,12,0,0,460000
"2020-01-26 12:00:02.9",18602,100510,25.31,12.9,87,24.5236,93,57.8962,1,11,0.7,-5.8,1.691,0.4087267,0.9649366,1,26,12,0,2,220000
"2020-01-26 12:00:04.83",18603,100511,16.28,12.9,87,24.5236,93,57.8938,1,11,0.7,-5.6,1.101,0.4087267,0.9648966,1,26,12,0,4,150000
"2020-01-26 12:00:06.56",18604,100512,27.39,12.9,87,24.5237,93,57.8911,1,11,0.7,-5.4,1.827,0.4087283,0.9648517,1,26,12,0,5,880000
"2020-01-26 12:00:08.48",18605,100513,36.48,12.9,87,24.5241,93,57.8874,1,11,0.7,-5.3,2.422,0.408735,0.9647901,1,26,12,0,7.000,800000
"2020-01-26 12:00:10.36",18606,100514,26.49,12.9,87,24.5244,93,57.8846,1,11,0.7,-5.5,1.769,0.40874,0.9647434,1,26,12,0,9,680000
"2020-01-26 12:00:12.28",18607,100515,14.54,12.9,87,24.5248,93,57.8818,1,11,0.7,-5.3,0.99,0.4087466,0.9646967,1,26,12,0,11,600000
"2020-01-26 12:00:14.13",18608,100516,11.79,12.9,87,24.5251,93,57.8802,1,11,0.7,-5.4,0.81,0.4087517,0.96467,1,26,12,0,13,440000
"2020-01-26 12:00:15.99",18609,100517,10,12.89,87,24.5253,93,57.8784,1,11,0.7,-5.5,0.69,0.408755,0.96464,1,26,12,0,15,310000
"2020-01-26 12:00:17.78",18610,100518,9.88,12.89,87,24.5257,93,57.8742,1,11,0.7,-5.4,0.68,0.4087616,0.96457,1,26,12,0,17,100000
"2020-01-26 12:00:19.64",18611,100519,27.56,12.9,87,24.526,93,57.8718,1,11,0.7,-5.3,1.838,0.4087666,0.96453,1,26,12,0,18,960000
"2020-01-26 12:00:23.98",18612,100520,35.64,12.9,87,24.5265,93,57.8723,1,11,0.7,-5.2,2.367,0.408775,0.9645383,1,26,12,0,23,300000
"2020-01-26 12:00:31.11",18613,100521,29.97,12.9,87,24.5266,93,57.8846,1,11,0.7,-5.2,1.996,0.4087767,0.9647434,1,26,12,0,30,430000
"2020-01-26 12:00:33.09",18614,100522,17.07,12.9,87,24.5269,93,57.8843,1,11,0.7,-5.1,1.152,0.4087816,0.9647383,1,26,12,0,32,410000
"2020-01-26 12:00:35.22",18615,100523,40.74,12.89,87,24.5274,93,57.8827,1,11,0.7,-5.1,2.701,0.40879,0.9647118,1,26,12,0,34,540000
"2020-01-26 12:00:37.34",18616,100524,41.92,12.9,87,24.5277,93,57.8808,1,11,0.7,-5.2,2.778,0.408795,0.9646799,1,26,12,0,36,660000
"2020-01-26 12:00:39.38",18617,100525,37.38,12.89,87,24.528,93,57.8797,1,11,0.7,-5.3,2.48,0.4088,0.9646617,1,26,12,0,38,700000
"2020-01-26 12:00:41.57",18618,100526,34.79,12.89,87,24.5283,93,57.8787,1,11,0.7,-5.3,2.312,0.408805,0.964645,1,26,12,0,40,890000
"2020-01-26 12:00:43.86",18619,100527,39.17,12.89,87,24.5286,93,57.8765,1,11,0.7,-5.3,2.598,0.40881,0.9646083,1,26,12,0,43,180000
"2020-01-26 12:00:45.94",18620,100528,41.36,12.89,87,24.5287,93,57.875,1,11,0.7,-5.5,2.741,0.4088116,0.9645834,1,26,12,0,45,260000
"2020-01-26 12:00:47.92",18621,100529,30.7,12.89,87,24.5288,93,57.8716,1,11,0.7,-5.5,2.044,0.4088133,0.9645267,1,26,12,0,47,240000
"2020-01-26 12:00:49.91",18622,100530,31.32,12.89,87,24.5293,93,57.8698,1,11,0.7,-5.6,2.084,0.4088217,0.9644966,1,26,12,0,49,230000
"2020-01-26 12:00:51.95",18623,100531,42.14,12.89,87,24.5296,93,57.8671,1,11,0.7,-5.6,2.792,0.4088267,0.9644517,1,26,12,0,51,270000
"2020-01-26 12:00:53.86",18624,100532,42.31,12.88,87,24.5298,93,57.8616,1,11,0.7,-5.6,2.803,0.40883,0.96436,1,26,12,0,53,180000
"2020-01-26 12:00:55.82",18625,100533,45.85,12.89,87,24.5301,93,57.8612,1,11,0.7,-5.4,3.034,0.408835,0.9643534,1,26,12,0,55,140000
"2020-01-26 12:00:57.82",18626,100534,46.86,12.89,87,24.5305,93,57.8594,1,11,0.7,-5.5,3.1,0.4088417,0.9643234,1,26,12,0,57,140000
"2020-01-26 12:00:59.81",18627,100535,36.53,12.89,87,24.5309,93,57.8581,1,11,0.7,-5.6,2.425,0.4088483,0.9643017,1,26,12,0,59,130000
"2020-01-26 12:01:04.97",18628,100536,26.88,12.89,87,24.5314,93,57.8643,1,11,0.7,-5.4,1.794,0.4088567,0.964405,1,26,12,1,4,290000
"2020-01-26 12:01:07.04",18629,100537,25.82,12.88,87,24.5317,93,57.866,1,11,0.7,-5.2,1.725,0.4088617,0.9644334,1,26,12,1,6,360000
"2020-01-26 12:01:08.95",18630,100538,31.09,12.89,87,24.532,93,57.8648,1,11,0.7,-5.3,2.069,0.4088667,0.9644134,1,26,12,1,8,270000
"2020-01-26 12:01:11.2",18631,100539,32.89,12.89,87,24.5324,93,57.861,1,11,0.7,-5.4,2.187,0.4088734,0.96435,1,26,12,1,10,520000
"2020-01-26 12:01:13.28",18632,100540,31.99,12.89,87,24.5327,93,57.8608,1,11,0.7,-5.3,2.128,0.4088783,0.9643467,1,26,12,1,12,600000
"2020-01-26 12:01:15.52",18633,100541,31.26,12.89,87,24.5331,93,57.8598,1,11,0.7,-5.3,2.08,0.408885,0.9643299,1,26,12,1,14,840000
"2020-01-26 12:01:17.53",18634,100542,34.12,12.88,87,24.5336,93,57.8565,1,11,0.7,-5.4,2.268,0.4088933,0.964275,1,26,12,1,16,850000
"2020-01-26 12:01:19.62",18635,100543,28.06,12.89,87,24.5339,93,57.8558,1,11,0.7,-5.6,1.871,0.4088983,0.9642633,1,26,12,1,18,940000
"2020-01-26 12:01:21.76",18636,100544,37.04,12.88,87,24.534,93,57.8529,1,11,0.7,-5.8,2.458,0.4089,0.964215,1,26,12,1,21,80000
"2020-01-26 12:01:24.79",18637,100545,45.34,12.88,87,24.5345,93,57.8513,1,11,0.7,-5.8,3.001,0.4089083,0.9641883,1,26,12,1,24,110000
"2020-01-26 12:01:27.98",18638,100546,48.48,12.88,87,24.535,93,57.851,1,11,0.7,-5.7,3.207,0.4089166,0.9641834,1,26,12,1,27,300000
"2020-01-26 12:01:31.93",18639,100547,51.12,12.88,87,24.5356,93,57.8591,1,11,0.7,-5.4,3.379,0.4089267,0.9643183,1,26,12,1,31,250000
