TOA5,43467,CR800,43467,CR800.Std.32.02,CPU:AWI_V2.1_Katrin.CR8,5929,OperatorView,,,,,,,,,,,,,,
TIMESTAMP,RECORD,Counter,DepthCm,BattVolts,latitude_a,latitude_b,Longitude_a,Longitude_b,fix_quality,nmbr_satellites,HDOP,altitudeB,DepthVolts,LatitudeDDDDD,LongitudeDDDDD,month,dayofmonth,hourofday,minutes,seconds,microseconds
TS,RN,,,,degrees,minutes,degrees,minutes,unitless,,,,,,,,,,,,
,,Smp,Smp,Smp,Smp,Smp,Smp,Smp,Smp,Smp,Smp,Smp,Smp,Smp,Smp,Smp,Smp,Smp,Smp,Smp,Smp
2019-12-19 05:30:28.12,9116,100001,0.11,13.06,86,40.592,112,55.3658,1,11,0.7,-2,0.011,0.6765334,0.9227633,12,19,5,30,27,430000
2019-12-19 05:30:51.74,9117,100002,120.3,13.05,86,40.5917,112,55.359,1,11,0.7,-2.3,7.715,0.6765283,0.92265,12,19,5,30,51,60000
2019-12-19 05:55:11.59,9118,100003,28.59,12.87,86,40.8198,112,52.4453,1,10,0.7,4.4,1.837,0.68033,0.8740883,12,19,5,55,10,910000
2019-12-19 05:55:17.31,9119,100004,37.57,12.87,86,40.8202,112,52.45,1,10,0.7,4.2,2.412,0.6803367,0.8741666,12,19,5,55,16,630000
2019-12-19 05:55:22.28,9120,100005,32.29,12.86,86,40.8205,112,52.457,1,10,0.7,3.7,2.073,0.6803417,0.8742834,12,19,5,55,21,600000
2019-12-19 05:55:27.61,9121,100006,31.32,12.87,86,40.8209,112,52.4609,1,10,0.7,3.4,2.012,0.6803483,0.8743483,12,19,5,55,26,930000
2019-12-19 05:55:32.27,9122,100007,29.5,12.86,86,40.821,112,52.4663,1,10,0.7,3.5,1.895,0.68035,0.8744383,12,19,5,55,31,590000
2019-12-19 05:55:36.12,9123,100008,22.68,12.87,86,40.8212,112,52.4735,1,10,0.7,3.4,1.458,0.6803534,0.8745583,12,19,5,55,35,430000
2019-12-19 05:55:40.57,9124,100009,22.68,12.86,86,40.8213,112,52.4855,1,10,0.7,3.5,1.458,0.680355,0.8747584,12,19,5,55,39,890000
2019-12-19 05:55:44.73,9125,100010,22.51,12.87,86,40.8216,112,52.4965,1,10,0.7,3.3,1.447,0.68036,0.8749417,12,19,5,55,44,50000
2019-12-19 05:55:49.81,9126,100011,26.09,12.86,86,40.8219,112,52.51,1,10,0.7,3.2,1.676,0.680365,0.8751666,12,19,5,55,49,130000
2019-12-19 05:57:47.62,9127,100012,24.73,12.85,86,40.8214,112,52.4749,1,9,0.8,1.7,1.589,0.6803567,0.8745816,12,19,5,57,46,940000
2019-12-19 06:17:30.43,9128,100013,28.59,12.72,86,40.8144,112,52.0019,1,10,0.7,4.8,1.837,0.68024,0.8666983,12,19,6,17,29,750000
2019-12-19 06:17:35.14,9129,100014,33.25,12.71,86,40.8147,112,52.0141,1,10,0.7,5,2.135,0.680245,0.8669016,12,19,6,17,34,460000
2019-12-19 06:17:39.26,9130,100015,27.97,12.71,86,40.8152,112,52.0266,1,10,0.7,5,1.797,0.6802534,0.86711,12,19,6,17,38,580000
2019-12-19 06:17:43.49,9131,100016,29.84,12.72,86,40.8157,112,52.0377,1,10,0.7,5.1,1.917,0.6802617,0.867295,12,19,6,17,42,810000
2019-12-19 06:17:49.61,9132,100017,21.03,12.71,86,40.8159,112,52.0485,1,10,0.7,5.5,1.352,0.680265,0.867475,12,19,6,17,48,930000
2019-12-19 06:17:54.25,9133,100018,29.1,12.71,86,40.8164,112,52.0663,1,10,0.7,5.7,1.869,0.6802733,0.8677717,12,19,6,17,53,570000
2019-12-19 06:17:59.15,9134,100019,26.77,12.71,86,40.817,112,52.0834,1,10,0.7,5.7,1.72,0.6802834,0.8680566,12,19,6,17,58,470000
2019-12-19 06:18:03.79,9135,100020,23.76,12.71,86,40.8172,112,52.0951,1,10,0.7,5.9,1.527,0.6802866,0.8682517,12,19,6,18,3,110000
2019-12-19 06:18:08.17,9136,100021,18.98,12.71,86,40.8176,112,52.1126,1,10,0.7,5.8,1.221,0.6802934,0.8685434,12,19,6,18,7,490000
2019-12-19 06:18:13.21,9137,100022,31.78,12.71,86,40.8181,112,52.1281,1,10,0.7,5.9,2.041,0.6803017,0.8688017,12,19,6,18,12,520000
2019-12-19 06:18:18.32,9138,100023,20.97,12.71,86,40.8185,112,52.1431,1,10,0.7,5.8,1.348,0.6803083,0.8690517,12,19,6,18,17,630000
2019-12-19 06:18:22.72,9139,100024,24.27,12.71,86,40.819,112,52.1552,1,10,0.7,6.2,1.56,0.6803167,0.8692534,12,19,6,18,22,40000
2019-12-19 06:18:27.49,9140,100025,27.57,12.71,86,40.8195,112,52.1724,1,10,0.7,6.1,1.771,0.680325,0.86954,12,19,6,18,26,810000
2019-12-19 06:18:32.34,9141,100026,26.55,12.71,86,40.8199,112,52.1868,1,10,0.7,6.2,1.705,0.6803317,0.8697799,12,19,6,18,31,660000
2019-12-19 06:18:37.29,9142,100027,27.63,12.71,86,40.8202,112,52.1999,1,10,0.7,6.4,1.775,0.6803367,0.8699983,12,19,6,18,36,610000
2019-12-19 06:18:42.39,9143,100028,22.51,12.71,86,40.8205,112,52.2104,1,10,0.7,6.2,1.447,0.6803417,0.8701734,12,19,6,18,41,700000
2019-12-19 06:18:46.94,9144,100029,19.89,12.71,86,40.8208,112,52.2225,1,10,0.7,6.1,1.279,0.6803466,0.870375,12,19,6,18,46,260000
2019-12-19 06:18:51.14,9145,100030,14.72,12.71,86,40.821,112,52.233,1,10,0.7,5.9,0.947,0.68035,0.87055,12,19,6,18,50,460000
2019-12-19 06:18:55.34,9146,100031,21.54,12.71,86,40.8215,112,52.2276,1,10,0.7,5.3,1.385,0.6803583,0.87046,12,19,6,18,54,660000
2019-12-19 06:19:00.4,9147,100032,18.36,12.7,86,40.8218,112,52.2485,1,10,0.7,5.2,1.181,0.6803634,0.8708084,12,19,6,18,59,720000
2019-12-19 06:19:06.31,9148,100033,25.98,12.7,86,40.822,112,52.2623,1,10,0.7,5.2,1.669,0.6803666,0.8710383,12,19,6,19,5,620000
2019-12-19 06:19:13.65,9149,100034,29.27,12.71,86,40.8222,112,52.2711,1,10,0.7,4.9,1.88,0.68037,0.871185,12,19,6,19,12,970000
2019-12-19 06:19:19.08,9150,100035,16.54,12.71,86,40.8224,112,52.2835,1,10,0.7,4.8,1.064,0.6803733,0.8713917,12,19,6,19,18,400000
2019-12-19 06:19:24.27,9151,100036,39.22,12.71,86,40.8227,112,52.3009,1,10,0.7,4.5,2.518,0.6803783,0.8716816,12,19,6,19,23,590000
2019-12-19 06:19:29.88,9152,100037,37.57,12.71,86,40.823,112,52.3131,1,10,0.7,4.3,2.412,0.6803834,0.871885,12,19,6,19,29,190000
2019-12-19 06:19:34.76,9153,100038,31.09,12.7,86,40.8232,112,52.3264,1,10,0.7,4,1.997,0.6803866,0.8721066,12,19,6,19,34,80000
2019-12-19 06:19:39.62,9154,100039,24.38,12.7,86,40.8235,112,52.3412,1,10,0.7,3.8,1.567,0.6803917,0.8723534,12,19,6,19,38,930000
2019-12-19 06:19:44.25,9155,100040,22.68,12.7,86,40.8236,112,52.3513,1,10,0.7,3.6,1.458,0.6803934,0.8725216,12,19,6,19,43,570000
2019-12-19 06:19:49.27,9156,100041,16.54,12.7,86,40.824,112,52.3665,1,10,0.7,3.5,1.064,0.6804,0.872775,12,19,6,19,48,590000
2019-12-19 06:19:54.05,9157,100042,14.61,12.7,86,40.8243,112,52.3803,1,10,0.7,3.3,0.94,0.680405,0.873005,12,19,6,19,53,370000
2019-12-19 06:19:59.21,9158,100043,33.99,12.7,86,40.8246,112,52.3974,1,10,0.7,3.2,2.183,0.68041,0.87329,12,19,6,19,58,530000
2019-12-19 06:20:04.04,9159,100044,30.58,12.7,86,40.8249,112,52.4094,1,10,0.7,2.6,1.964,0.680415,0.87349,12,19,6,20,3,360000
2019-12-19 06:20:10.49,9160,100045,20.97,12.7,86,40.8252,112,52.4249,1,10,0.7,2.6,1.348,0.68042,0.8737484,12,19,6,20,9,800000
2019-12-19 06:20:15.29,9161,100046,24.95,12.7,86,40.8256,112,52.44,1,10,0.7,2.7,1.603,0.6804266,0.8739999,12,19,6,20,14,610000
2019-12-19 06:20:19.93,9162,100047,45.08,12.7,86,40.826,112,52.4564,1,10,0.7,2.7,2.893,0.6804334,0.8742734,12,19,6,20,19,250000
2019-12-19 06:20:27.33,9163,100048,19.95,12.7,86,40.8262,112,52.469,1,10,0.7,3,1.283,0.6804366,0.8744834,12,19,6,20,26,650000
2019-12-19 06:20:32.5,9164,100049,17.68,12.69,86,40.8265,112,52.481,1,10,0.7,3,1.137,0.6804417,0.8746834,12,19,6,20,31,820000
2019-12-19 06:20:41.13,9165,100050,39.28,12.69,86,40.8268,112,52.4928,1,10,0.7,3.1,2.522,0.6804467,0.87488,12,19,6,20,40,450000
2019-12-19 06:20:47.62,9166,100051,40.93,12.7,86,40.8272,112,52.5063,1,10,0.7,2.8,2.627,0.6804534,0.875105,12,19,6,20,46,940000
2019-12-19 06:20:53.5,9167,100052,41.38,12.69,86,40.8276,112,52.5212,1,10,0.7,2.5,2.657,0.68046,0.8753533,12,19,6,20,52,820000
2019-12-19 06:20:59.28,9168,100053,28.82,12.7,86,40.8281,112,52.5362,1,10,0.7,2.6,1.851,0.6804683,0.8756034,12,19,6,20,58,600000
2019-12-19 06:21:08.3,9169,100054,21.26,12.69,86,40.8287,112,52.5462,1,10,0.7,2.6,1.367,0.6804783,0.87577,12,19,6,21,7,620000
2019-12-19 06:21:20.3,9170,100055,19.61,12.69,86,40.8292,112,52.5593,1,10,0.7,2.6,1.261,0.6804866,0.8759883,12,19,6,21,19,610000
2019-12-19 06:21:25.65,9171,100056,15.29,12.69,86,40.8293,112,52.5664,1,10,0.7,2.6,0.984,0.6804883,0.8761066,12,19,6,21,24,970000
2019-12-19 06:21:30.62,9172,100057,14.83,12.69,86,40.8298,112,52.5805,1,10,0.7,2.7,0.955,0.6804966,0.8763417,12,19,6,21,29,940000
2019-12-19 06:21:35.86,9173,100058,15.86,12.69,86,40.8302,112,52.5935,1,10,0.7,2.8,1.02,0.6805033,0.8765583,12,19,6,21,35,180000
2019-12-19 06:21:43.44,9174,100059,30.87,12.69,86,40.831,112,52.6077,1,10,0.7,2.9,1.982,0.6805166,0.876795,12,19,6,21,42,760000
2019-12-19 06:21:50.44,9175,100060,46.56,12.69,86,40.8317,112,52.6235,1,10,0.7,2.6,2.988,0.6805283,0.8770583,12,19,6,21,49,760000
2019-12-19 06:21:56.06,9176,100061,45.7,12.69,86,40.8321,112,52.6337,1,10,0.7,2.6,2.934,0.680535,0.8772284,12,19,6,21,55,380000
2019-12-19 06:22:01.81,9177,100062,49.28,12.69,86,40.8325,112,52.6485,1,10,0.7,2.4,3.163,0.6805417,0.877475,12,19,6,22,1,120000
2019-12-19 06:22:07.4,9178,100063,44.17,12.69,86,40.833,112,52.6623,1,10,0.7,2.3,2.835,0.68055,0.877705,12,19,6,22,6,720000
2019-12-19 06:22:12.54,9179,100064,40.13,12.69,86,40.8334,112,52.6752,1,10,0.7,2.2,2.576,0.6805566,0.87792,12,19,6,22,11,860000
2019-12-19 06:22:18.49,9180,100065,45.02,12.69,86,40.8337,112,52.6915,1,10,0.7,2.2,2.89,0.6805617,0.8781917,12,19,6,22,17,810000
2019-12-19 06:22:24.24,9181,100066,38.6,12.69,86,40.8341,112,52.7039,1,10,0.7,2,2.478,0.6805683,0.8783983,12,19,6,22,23,560000
2019-12-19 06:22:31.6,9182,100067,39.73,12.68,86,40.8343,112,52.7186,1,10,0.7,2,2.551,0.6805717,0.8786434,12,19,6,22,30,920000
2019-12-19 06:22:37.03,9183,100068,38.88,12.69,86,40.8344,112,52.7355,1,10,0.7,1.9,2.496,0.6805734,0.878925,12,19,6,22,36,350000
2019-12-19 06:22:45.09,9184,100069,17.11,12.69,86,40.8345,112,52.7496,1,10,0.7,1.9,1.101,0.680575,0.87916,12,19,6,22,44,410000
2019-12-19 06:22:50.18,9185,100070,36.44,12.69,86,40.8348,112,52.7631,1,10,0.7,1.8,2.34,0.68058,0.879385,12,19,6,22,49,500000
2019-12-19 06:22:55.57,9186,100071,41.33,12.68,86,40.8351,112,52.7824,1,10,0.7,1.5,2.653,0.680585,0.8797066,12,19,6,22,54,890000
2019-12-19 06:23:00.03,9187,100072,40.02,12.69,86,40.8355,112,52.796,1,10,0.7,1.5,2.569,0.6805917,0.8799334,12,19,6,22,59,350000
2019-12-19 06:23:05.16,9188,100073,40.76,12.69,86,40.8358,112,52.8106,1,10,0.7,1.5,2.617,0.6805966,0.8801766,12,19,6,23,4,480000
2019-12-19 06:23:10.2,9189,100074,32.34,12.68,86,40.836,112,52.8274,1,10,0.7,1.5,2.077,0.6806,0.8804567,12,19,6,23,9,520000
2019-12-19 06:23:15,9190,100075,36.55,12.69,86,40.8362,112,52.8447,1,10,0.7,1.4,2.347,0.6806034,0.880745,12,19,6,23,14,320000
2019-12-19 06:23:19.93,9191,100076,38.48,12.69,86,40.8363,112,52.8604,1,10,0.7,1.2,2.471,0.680605,0.8810066,12,19,6,23,19,250000
2019-12-19 06:24:56.11,9193,100078,17.9,12.67,86,40.8359,112,52.845,1,10,0.7,0.9,1.152,0.6805983,0.88075,12,19,6,24,55,430000
2019-12-19 06:25:14.81,9194,100079,24.5,12.67,86,40.8359,112,52.8545,1,10,0.7,0.8,1.574,0.6805983,0.8809083,12,19,6,25,14,130000
2019-12-19 06:25:20.47,9195,100080,28.82,12.67,86,40.8362,112,52.8694,1,10,0.7,0.7,1.851,0.6806034,0.8811567,12,19,6,25,19,790000
2019-12-19 06:25:25.92,9196,100081,29.62,12.67,86,40.8366,112,52.8859,1,10,0.7,0.7,1.902,0.68061,0.8814316,12,19,6,25,25,240000
2019-12-19 06:25:31.69,9197,100082,17.79,12.66,86,40.8369,112,52.8967,1,10,0.7,0.7,1.144,0.680615,0.8816117,12,19,6,25,31,10000
2019-12-19 06:25:36.97,9198,100083,28.2,12.67,86,40.8374,112,52.9116,1,10,0.7,0.8,1.811,0.6806233,0.8818599,12,19,6,25,36,290000
2019-12-19 06:25:42.17,9199,100084,38.03,12.67,86,40.8377,112,52.9282,1,10,0.7,0.9,2.442,0.6806283,0.8821366,12,19,6,25,41,490000
2019-12-19 06:25:47.48,9200,100085,32.12,12.67,86,40.8381,112,52.9412,1,10,0.7,1,2.063,0.680635,0.8823534,12,19,6,25,46,800000
2019-12-19 06:25:54.49,9201,100086,20.18,12.67,86,40.8386,112,52.9586,1,10,0.7,1.1,1.297,0.6806434,0.8826434,12,19,6,25,53,810000
2019-12-19 06:25:59.75,9202,100087,25.41,12.67,86,40.8393,112,52.9656,1,10,0.7,1.1,1.633,0.680655,0.88276,12,19,6,25,59,70000
2019-12-19 06:26:04.27,9203,100088,25.58,12.67,86,40.8403,112,52.9706,1,10,0.7,0.8,1.644,0.6806717,0.8828433,12,19,6,26,3,590000
2019-12-19 06:26:08.92,9204,100089,22.57,12.67,86,40.8415,112,52.9727,1,10,0.7,0.9,1.451,0.6806917,0.8828783,12,19,6,26,8,240000
2019-12-19 06:26:13.49,9205,100090,21.54,12.67,86,40.8422,112,52.9745,1,10,0.7,0.8,1.385,0.6807034,0.8829083,12,19,6,26,12,810000
2019-12-19 06:26:18.21,9206,100091,12.5,12.67,86,40.8431,112,52.9772,1,10,0.7,0.8,0.805,0.6807184,0.8829534,12,19,6,26,17,530000
2019-12-19 06:26:22.62,9207,100092,10.06,12.67,86,40.8437,112,52.9798,1,10,0.7,0.7,0.649,0.6807283,0.8829966,12,19,6,26,21,940000
2019-12-19 06:26:26.61,9208,100093,8.64,12.67,86,40.8443,112,52.9809,1,10,0.7,0.7,0.558,0.6807383,0.883015,12,19,6,26,25,930000
2019-12-19 06:26:30.89,9209,100094,8.53,12.66,86,40.8452,112,52.9844,1,10,0.7,0.8,0.55,0.6807534,0.8830734,12,19,6,26,30,210000
2019-12-19 06:26:35.31,9210,100095,11.2,12.67,86,40.8461,112,52.9889,1,10,0.7,0.8,0.722,0.6807683,0.8831483,12,19,6,26,34,630000
2019-12-19 06:26:39.98,9211,100096,10.63,12.66,86,40.8469,112,52.9926,1,10,0.7,0.8,0.685,0.6807817,0.88321,12,19,6,26,39,300000
2019-12-19 06:26:44.34,9212,100097,10.46,12.66,86,40.8478,112,52.9968,1,10,0.7,0.8,0.674,0.6807967,0.88328,12,19,6,26,43,660000
2019-12-19 06:26:49.26,9213,100098,14.72,12.66,86,40.8489,112,52.9994,1,10,0.7,0.7,0.948,0.680815,0.8833234,12,19,6,26,48,580000
2019-12-19 06:26:53.93,9214,100099,11.94,12.66,86,40.8498,112,53.0048,1,10,0.7,0.6,0.769,0.68083,0.8834133,12,19,6,26,53,250000
2019-12-19 06:27:00.43,9215,100100,14.32,12.66,86,40.8508,112,53.0091,1,10,0.7,0.7,0.922,0.6808466,0.883485,12,19,6,26,59,750000
2019-12-19 06:27:05.33,9216,100101,15.18,12.66,86,40.8516,112,53.0114,1,10,0.7,0.8,0.977,0.68086,0.8835233,12,19,6,27,4,640000
2019-12-19 06:27:09.92,9217,100102,19.04,12.66,86,40.8527,112,53.0155,1,10,0.7,0.7,1.225,0.6808783,0.8835917,12,19,6,27,9,240000
2019-12-19 06:27:14.9,9218,100103,21.89,12.66,86,40.8536,112,53.0178,1,10,0.7,0.7,1.407,0.6808933,0.88363,12,19,6,27,14,210000
2019-12-19 06:27:20.38,9219,100104,14.84,12.66,86,40.8547,112,53.0204,1,9,0.8,0.6,0.955,0.6809117,0.8836734,12,19,6,27,19,690000
2019-12-19 06:27:27.23,9220,100105,21.66,12.66,86,40.8554,112,53.0214,1,9,0.8,0.6,1.392,0.6809234,0.88369,12,19,6,27,26,550000
2019-12-19 06:27:32.44,9221,100106,19.73,12.66,86,40.8563,112,53.024,1,9,0.8,0.4,1.268,0.6809384,0.8837334,12,19,6,27,31,760000
2019-12-19 06:27:39.36,9222,100107,21.21,12.65,86,40.8574,112,53.0261,1,9,0.8,0.2,1.363,0.6809566,0.8837683,12,19,6,27,38,680000
2019-12-19 06:27:44.52,9223,100108,23.93,12.66,86,40.8581,112,53.024,1,9,0.8,0.2,1.538,0.6809683,0.8837334,12,19,6,27,43,840000
2019-12-19 06:27:49.61,9224,100109,18.93,12.66,86,40.8591,112,53.0263,1,9,0.8,0.2,1.217,0.680985,0.8837717,12,19,6,27,48,920000
2019-12-19 06:27:54.89,9225,100110,16.09,12.66,86,40.8601,112,53.0276,1,9,0.8,0.3,1.035,0.6810017,0.8837933,12,19,6,27,54,210000
2019-12-19 06:27:59.56,9226,100111,13.87,12.66,86,40.8609,112,53.0292,1,9,0.8,0.2,0.893,0.681015,0.88382,12,19,6,27,58,880000
2019-12-19 06:28:04.36,9227,100112,12.9,12.66,86,40.862,112,53.0298,1,9,0.8,0.4,0.831,0.6810333,0.88383,12,19,6,28,3,680000
2019-12-19 06:28:09.08,9228,100113,14.38,12.66,86,40.8627,112,53.033,1,9,0.8,0.6,0.926,0.681045,0.8838834,12,19,6,28,8,400000
2019-12-19 06:28:14.81,9229,100114,14.27,12.65,86,40.8636,112,53.0355,1,9,0.8,0.7,0.918,0.68106,0.883925,12,19,6,28,14,120000
2019-12-19 06:28:19.55,9230,100115,16.49,12.66,86,40.8646,112,53.0366,1,9,0.8,0.6,1.061,0.6810767,0.8839433,12,19,6,28,18,870000
2019-12-19 06:28:24.31,9231,100116,15.41,12.65,86,40.8656,112,53.0381,1,9,0.8,0.7,0.991,0.6810934,0.8839683,12,19,6,28,23,630000
2019-12-19 06:28:29.2,9232,100117,9.72,12.66,86,40.8667,112,53.0424,1,9,0.8,0.7,0.627,0.6811116,0.88404,12,19,6,28,28,520000
2019-12-19 06:28:33.49,9233,100118,14.27,12.66,86,40.8675,112,53.0441,1,9,0.8,0.8,0.918,0.681125,0.8840684,12,19,6,28,32,810000
2019-12-19 06:28:38,9234,100119,9.66,12.66,86,40.8683,112,53.0489,1,9,0.8,1,0.623,0.6811383,0.8841483,12,19,6,28,37,310000
2019-12-19 06:28:43,9235,100120,10.52,12.65,86,40.8696,112,53.0523,1,9,0.8,1.1,0.678,0.68116,0.884205,12,19,6,28,42,320000
2019-12-19 06:28:47.98,9236,100121,9.95,12.65,86,40.8704,112,53.0531,1,9,0.8,1.2,0.641,0.6811734,0.8842183,12,19,6,28,47,300000
2019-12-19 06:28:52.51,9237,100122,14.95,12.65,86,40.8712,112,53.0553,1,9,0.8,1.2,0.962,0.6811866,0.884255,12,19,6,28,51,830000
2019-12-19 06:28:57.28,9238,100123,16.88,12.65,86,40.8722,112,53.0575,1,9,0.8,1.4,1.086,0.6812033,0.8842917,12,19,6,28,56,600000
2019-12-19 06:29:02.14,9239,100124,17.51,12.65,86,40.8731,112,53.0578,1,9,0.8,1.4,1.126,0.6812183,0.8842966,12,19,6,29,1,460000
2019-12-19 06:29:07.12,9240,100125,18.25,12.65,86,40.8741,112,53.0587,1,9,0.8,1.5,1.174,0.681235,0.8843117,12,19,6,29,6,440000
2019-12-19 06:29:12.06,9241,100126,15.69,12.65,86,40.8752,112,53.0614,1,9,0.8,1.4,1.01,0.6812533,0.8843566,12,19,6,29,11,380000
2019-12-19 06:29:17.2,9242,100127,15.07,12.65,86,40.8761,112,53.0639,1,9,0.8,1.5,0.97,0.6812683,0.8843983,12,19,6,29,16,520000
2019-12-19 06:29:21.96,9243,100128,12.45,12.65,86,40.8771,112,53.0669,1,9,0.8,1.5,0.802,0.681285,0.8844483,12,19,6,29,21,280000
2019-12-19 06:29:26.98,9244,100129,11.08,12.65,86,40.8783,112,53.0715,1,9,0.8,1.6,0.714,0.681305,0.884525,12,19,6,29,26,300000
2019-12-19 06:29:31.65,9245,100130,11.14,12.65,86,40.8792,112,53.0755,1,9,0.8,1.7,0.718,0.68132,0.8845917,12,19,6,29,30,970000
2019-12-19 06:29:36.41,9246,100131,10.74,12.65,86,40.8801,112,53.08,1,9,0.8,1.8,0.693,0.681335,0.8846667,12,19,6,29,35,730000
2019-12-19 06:29:41.12,9247,100132,10.63,12.65,86,40.881,112,53.0818,1,9,0.8,1.6,0.685,0.68135,0.8846966,12,19,6,29,40,440000
2019-12-19 06:29:45.89,9248,100133,11.82,12.65,86,40.8821,112,53.0856,1,9,0.8,1.6,0.762,0.6813683,0.88476,12,19,6,29,45,210000
2019-12-19 06:29:50.38,9249,100134,12.34,12.65,86,40.883,112,53.0876,1,9,0.8,1.7,0.795,0.6813833,0.8847934,12,19,6,29,49,700000
2019-12-19 06:29:55.25,9250,100135,15.98,12.65,86,40.884,112,53.0929,1,9,0.8,2,1.028,0.6814,0.8848817,12,19,6,29,54,570000
2019-12-19 06:30:00.21,9251,100136,12.79,12.65,86,40.8853,112,53.0943,1,9,0.8,2.2,0.824,0.6814216,0.884905,12,19,6,29,59,530000
2019-12-19 06:30:05.29,9252,100137,13.93,12.65,86,40.8863,112,53.0994,1,9,0.8,2.5,0.897,0.6814383,0.88499,12,19,6,30,4,610000
2019-12-19 06:30:10.2,9253,100138,9.44,12.65,86,40.8873,112,53.1064,1,9,0.8,2.7,0.609,0.681455,0.8851067,12,19,6,30,9,520000
2019-12-19 06:30:15.29,9254,100139,11.43,12.65,86,40.8882,112,53.1088,1,9,0.8,2.5,0.736,0.68147,0.8851466,12,19,6,30,14,610000
2019-12-19 06:30:20.45,9255,100140,12.34,12.65,86,40.8892,112,53.114,1,9,0.8,2.4,0.795,0.6814866,0.8852333,12,19,6,30,19,770000
2019-12-19 06:30:25.41,9256,100141,9.49,12.65,86,40.8901,112,53.1198,1,9,0.8,2.3,0.612,0.6815016,0.88533,12,19,6,30,24,730000
2019-12-19 06:30:30.62,9257,100142,10.4,12.65,86,40.891,112,53.1233,1,9,0.8,2.2,0.671,0.6815166,0.8853883,12,19,6,30,29,940000
2019-12-19 06:30:36.47,9258,100143,11.37,12.65,86,40.8921,112,53.1282,1,9,0.8,2.3,0.733,0.681535,0.88547,12,19,6,30,35,790000
2019-12-19 06:30:41.47,9259,100144,10.63,12.65,86,40.893,112,53.1331,1,9,0.8,2.4,0.685,0.68155,0.8855516,12,19,6,30,40,790000
2019-12-19 06:30:46.16,9260,100145,9.83,12.65,86,40.8941,112,53.1377,1,9,0.8,2.3,0.634,0.6815683,0.8856283,12,19,6,30,45,480000
2019-12-19 06:30:50.71,9261,100146,12.34,12.65,86,40.8949,112,53.1419,1,9,0.8,2.3,0.795,0.6815817,0.8856983,12,19,6,30,50,30000
2019-12-19 06:30:56.01,9262,100147,16.43,12.64,86,40.8962,112,53.1481,1,9,0.8,2.4,1.057,0.6816033,0.8858017,12,19,6,30,55,330000
2019-12-19 06:31:01.17,9263,100148,14.27,12.64,86,40.8971,112,53.1527,1,10,0.8,2.3,0.919,0.6816183,0.8858783,12,19,6,31,0,490000
2019-12-19 06:31:06.44,9264,100149,12.22,12.65,86,40.8982,112,53.1566,1,10,0.8,2.2,0.787,0.6816367,0.8859434,12,19,6,31,5,760000
2019-12-19 06:31:11.68,9265,100150,14.33,12.64,86,40.8991,112,53.1616,1,10,0.8,2.1,0.922,0.6816517,0.8860266,12,19,6,31,11,0
2019-12-19 06:31:16.72,9266,100151,20.3,12.64,86,40.9,112,53.1652,1,10,0.8,2.1,1.305,0.6816666,0.8860866,12,19,6,31,16,40000
2019-12-19 06:31:21.89,9267,100152,18.14,12.64,86,40.9011,112,53.1677,1,10,0.8,2.6,1.166,0.681685,0.8861284,12,19,6,31,21,210000
2019-12-19 06:31:29.61,9268,100153,20.01,12.65,86,40.9017,112,53.1684,1,10,0.8,2.4,1.287,0.681695,0.88614,12,19,6,31,28,930000
2019-12-19 06:31:37.47,9269,100154,21.44,12.64,86,40.9024,112,53.175,1,10,0.8,2,1.378,0.6817066,0.8862499,12,19,6,31,36,790000
2019-12-19 06:31:42.5,9270,100155,21.21,12.64,86,40.9036,112,53.1803,1,10,0.8,1.7,1.363,0.6817266,0.8863383,12,19,6,31,41,820000
2019-12-19 06:31:47.6,9271,100156,25.64,12.64,86,40.9047,112,53.1887,1,10,0.8,1.3,1.648,0.681745,0.8864784,12,19,6,31,46,920000
2019-12-19 06:31:52.39,9272,100157,22.23,12.64,86,40.9057,112,53.1968,1,10,0.8,1,1.429,0.6817617,0.8866133,12,19,6,31,51,710000
2019-12-19 06:31:57.52,9273,100158,22.23,12.64,86,40.9066,112,53.2022,1,10,0.8,0.8,1.429,0.6817767,0.8867034,12,19,6,31,56,840000
2019-12-19 06:36:23.06,9275,100160,21.66,12.61,86,40.9052,112,53.1291,1,10,0.7,0.7,1.393,0.6817534,0.885485,12,19,6,36,22,380000
2019-12-19 06:37:30.06,9276,100161,25.19,12.61,86,40.9054,112,53.1121,1,11,0.7,0.6,1.619,0.6817566,0.8852016,12,19,6,37,29,380000
2019-12-19 06:37:34.58,9277,100162,49.02,12.61,86,40.9062,112,53.1157,1,11,0.7,0.8,3.146,0.68177,0.8852617,12,19,6,37,33,900000
2019-12-19 06:37:38.73,9278,100163,8.7,12.61,86,40.9067,112,53.1184,1,11,0.7,0.9,0.561,0.6817783,0.8853066,12,19,6,37,38,50000
2019-12-19 06:37:42.9,9279,100164,30.02,12.61,86,40.9077,112,53.1241,1,11,0.7,0.7,1.928,0.681795,0.8854017,12,19,6,37,42,210000
2019-12-19 06:37:47.15,9280,100165,25.53,12.61,86,40.9086,112,53.1297,1,10,0.8,0.6,1.64,0.68181,0.885495,12,19,6,37,46,470000
2019-12-19 06:37:50.83,9281,100166,26.21,12.61,86,40.9091,112,53.1333,1,11,0.7,0.6,1.684,0.6818183,0.885555,12,19,6,37,50,150000
2019-12-19 06:37:55.57,9282,100167,21.72,12.61,86,40.9103,112,53.1399,1,11,0.7,0.6,1.396,0.6818383,0.885665,12,19,6,37,54,890000
2019-12-19 06:37:59.65,9283,100168,23.82,12.61,86,40.911,112,53.1415,1,11,0.7,0.7,1.531,0.68185,0.8856917,12,19,6,37,58,970000
2019-12-19 06:38:03.66,9284,100169,20.07,12.6,86,40.912,112,53.1479,1,11,0.7,0.7,1.29,0.6818666,0.8857983,12,19,6,38,2,980000
2019-12-19 06:38:07.78,9285,100170,30.99,12.6,86,40.9128,112,53.1545,1,11,0.7,0.6,1.99,0.68188,0.8859083,12,19,6,38,7,100000
2019-12-19 06:38:12.19,9286,100171,20.36,12.61,86,40.9141,112,53.1617,1,11,0.7,0.4,1.309,0.6819017,0.8860283,12,19,6,38,11,510000
2019-12-19 06:38:16.27,9287,100172,21.61,12.61,86,40.915,112,53.1644,1,11,0.7,0.4,1.389,0.6819166,0.8860733,12,19,6,38,15,590000
2019-12-19 06:38:20.44,9288,100173,17.91,12.61,86,40.9159,112,53.1685,1,11,0.7,0.3,1.152,0.6819317,0.8861417,12,19,6,38,19,760000
2019-12-19 06:38:24.69,9289,100174,18.02,12.6,86,40.9168,112,53.1726,1,11,0.7,0.3,1.159,0.6819467,0.88621,12,19,6,38,24,10000
2019-12-19 06:38:29.1,9290,100175,18.82,12.6,86,40.9179,112,53.1811,1,11,0.7,0.4,1.21,0.681965,0.8863517,12,19,6,38,28,410000
2019-12-19 06:38:33.48,9291,100176,44.18,12.6,86,40.9188,112,53.185,1,11,0.7,0.3,2.836,0.68198,0.8864166,12,19,6,38,32,800000
2019-12-19 06:38:37.8,9292,100177,13.13,12.6,86,40.9194,112,53.1896,1,11,0.7,0.3,0.846,0.68199,0.8864934,12,19,6,38,37,120000
2019-12-19 06:38:42,9293,100178,24.22,12.6,86,40.9203,112,53.192,1,11,0.7,0.4,1.557,0.682005,0.8865334,12,19,6,38,41,320000
2019-12-19 06:38:46.11,9294,100179,17.23,12.6,86,40.921,112,53.195,1,11,0.7,0.3,1.108,0.6820166,0.8865834,12,19,6,38,45,430000
2019-12-19 06:38:50.39,9295,100180,18.71,12.6,86,40.9217,112,53.1997,1,11,0.7,0.3,1.203,0.6820283,0.8866617,12,19,6,38,49,710000
2019-12-19 06:38:54.73,9296,100181,17.91,12.6,86,40.9225,112,53.2056,1,11,0.7,0.5,1.152,0.6820417,0.88676,12,19,6,38,54,50000
2019-12-19 06:38:59.12,9297,100182,20.98,12.6,86,40.9235,112,53.2144,1,11,0.7,0.4,1.349,0.6820583,0.8869067,12,19,6,38,58,440000
2019-12-19 06:39:03.19,9298,100183,19.73,12.6,86,40.9243,112,53.2223,1,11,0.7,0.4,1.269,0.6820717,0.8870383,12,19,6,39,2,510000
2019-12-19 06:39:07.44,9299,100184,21.83,12.6,86,40.9252,112,53.23,1,11,0.7,0.3,1.403,0.6820867,0.8871666,12,19,6,39,6,760000
2019-12-19 06:39:11.84,9300,100185,17.8,12.6,86,40.9259,112,53.2357,1,11,0.7,0.2,1.145,0.6820983,0.8872616,12,19,6,39,11,160000
2019-12-19 06:39:18.92,9301,100186,29.68,12.6,86,40.927,112,53.244,1,11,0.7,0.2,1.907,0.6821166,0.8874,12,19,6,39,18,240000
2019-12-19 06:39:23.38,9302,100187,26.21,12.59,86,40.9278,112,53.2503,1,11,0.7,0.1,1.684,0.68213,0.887505,12,19,6,39,22,700000
2019-12-19 06:39:27.73,9303,100188,48.33,12.6,86,40.9285,112,53.2549,1,11,0.7,0,3.102,0.6821417,0.8875817,12,19,6,39,27,50000
2019-12-19 06:39:31.95,9304,100189,37.93,12.6,86,40.9293,112,53.262,1,11,0.7,-0.1,2.435,0.682155,0.8877,12,19,6,39,31,270000
2019-12-19 06:39:36.4,9305,100190,38.89,12.6,86,40.9301,112,53.2664,1,11,0.7,-0.3,2.497,0.6821683,0.8877734,12,19,6,39,35,720000
2019-12-19 06:39:40.98,9306,100191,44.07,12.59,86,40.9309,112,53.2718,1,11,0.7,-0.3,2.829,0.6821817,0.8878634,12,19,6,39,40,300000
2019-12-19 06:41:03.29,9308,100193,27.12,12.59,86,40.931,112,53.2574,1,11,0.7,-0.5,1.742,0.6821834,0.8876234,12,19,6,41,2,600000
2019-12-19 06:41:09.06,9309,100194,25.87,12.59,86,40.9315,112,53.2614,1,11,0.7,-0.5,1.662,0.6821917,0.8876899,12,19,6,41,8,380000
2019-12-19 06:41:13.02,9310,100195,18.08,12.59,86,40.9324,112,53.2663,1,11,0.7,-0.6,1.163,0.6822067,0.8877717,12,19,6,41,12,340000
2019-12-19 06:41:16.77,9311,100196,19.96,12.59,86,40.933,112,53.2692,1,11,0.7,-0.7,1.283,0.6822166,0.88782,12,19,6,41,16,90000
2019-12-19 06:41:20.67,9312,100197,19.16,12.59,86,40.9339,112,53.2772,1,11,0.7,-0.9,1.232,0.6822317,0.8879534,12,19,6,41,19,990000
2019-12-19 06:41:24.51,9313,100198,18.54,12.59,86,40.9347,112,53.2858,1,11,0.7,-1,1.192,0.682245,0.8880967,12,19,6,41,23,830000
2019-12-19 06:41:28.49,9314,100199,20.7,12.59,86,40.9355,112,53.2934,1,11,0.7,-1,1.331,0.6822584,0.8882234,12,19,6,41,27,810000
2019-12-19 06:41:32.55,9315,100200,18.37,12.58,86,40.9363,112,53.2996,1,11,0.7,-1.1,1.181,0.6822717,0.8883266,12,19,6,41,31,870000
2019-12-19 06:41:36.5,9316,100201,17.46,12.58,86,40.9372,112,53.3068,1,11,0.7,-1.2,1.123,0.6822866,0.8884467,12,19,6,41,35,820000
2019-12-19 06:41:40.37,9317,100202,17,12.59,86,40.9381,112,53.3105,1,11,0.7,-1.2,1.094,0.6823017,0.8885084,12,19,6,41,39,680000
2019-12-19 06:41:44.06,9318,100203,61.19,12.59,86,40.9389,112,53.3169,1,11,0.7,-1.3,3.926,0.682315,0.888615,12,19,6,41,43,380000
2019-12-19 06:41:48.72,9319,100204,51.69,12.58,86,40.9394,112,53.3209,1,11,0.7,-1.3,3.317,0.6823234,0.8886817,12,19,6,41,48,40000
2019-12-19 06:41:52.88,9320,100205,19.05,12.59,86,40.9402,112,53.3285,1,11,0.7,-1.5,1.225,0.6823367,0.8888083,12,19,6,41,52,200000
2019-12-19 06:41:56.9,9321,100206,35.94,12.59,86,40.9409,112,53.3332,1,11,0.7,-1.5,2.308,0.6823483,0.8888866,12,19,6,41,56,220000
2019-12-19 06:42:01.03,9322,100207,37.64,12.58,86,40.9415,112,53.335,1,11,0.7,-1.5,2.417,0.6823584,0.8889166,12,19,6,42,0,350000
2019-12-19 06:42:05.1,9323,100208,14.16,12.58,86,40.9423,112,53.3392,1,11,0.7,-1.5,0.911,0.6823717,0.8889866,12,19,6,42,4,420000
2019-12-19 06:42:09.09,9324,100209,23.6,12.59,86,40.943,112,53.3429,1,11,0.7,-1.8,1.516,0.6823834,0.8890483,12,19,6,42,8,410000
2019-12-19 06:42:13.11,9325,100210,22.8,12.59,86,40.9438,112,53.3475,1,11,0.7,-2,1.465,0.6823967,0.889125,12,19,6,42,12,430000
2019-12-19 06:42:16.65,9326,100211,16.37,12.59,86,40.9443,112,53.3513,1,11,0.7,-2.1,1.054,0.682405,0.8891883,12,19,6,42,15,970000
2019-12-19 06:42:20.22,9327,100212,22.91,12.58,86,40.9452,112,53.3581,1,11,0.7,-2.3,1.473,0.68242,0.8893017,12,19,6,42,19,540000
2019-12-19 06:42:24.84,9328,100213,17,12.58,86,40.9461,112,53.3643,1,11,0.7,-2.2,1.094,0.682435,0.889405,12,19,6,42,24,150000
2019-12-19 06:42:28.92,9329,100214,20.36,12.58,86,40.947,112,53.3744,1,11,0.7,-2.2,1.309,0.68245,0.8895734,12,19,6,42,28,240000
2019-12-19 06:42:33.1,9330,100215,33.78,12.59,86,40.9479,112,53.3813,1,11,0.7,-2.2,2.169,0.682465,0.8896884,12,19,6,42,32,410000
2019-12-19 06:42:37.25,9331,100216,24.17,12.58,86,40.9487,112,53.3894,1,11,0.7,-2.2,1.553,0.6824783,0.8898233,12,19,6,42,36,570000
2019-12-19 06:42:41.08,9332,100217,21.27,12.58,86,40.9496,112,53.3956,1,11,0.7,-2.1,1.367,0.6824934,0.8899266,12,19,6,42,40,400000
2019-12-19 06:42:45.09,9333,100218,26.61,12.58,86,40.9506,112,53.4014,1,11,0.8,-2,1.71,0.68251,0.8900234,12,19,6,42,44,410000
2019-12-19 06:42:49.03,9334,100219,17.85,12.58,86,40.9515,112,53.4107,1,11,0.7,-2,1.148,0.682525,0.8901784,12,19,6,42,48,350000
2019-12-19 06:42:52.77,9335,100220,16.89,12.58,86,40.9521,112,53.4164,1,11,0.7,-2,1.086,0.682535,0.8902734,12,19,6,42,52,90000
2019-12-19 06:42:57.02,9336,100221,15.86,12.58,86,40.9532,112,53.4304,1,11,0.7,-1.8,1.021,0.6825534,0.8905067,12,19,6,42,56,340000
2019-12-19 06:43:01.08,9337,100222,14.73,12.58,86,40.9542,112,53.4374,1,11,0.8,-1.7,0.948,0.6825701,0.8906234,12,19,6,43,0,400000
2019-12-19 06:43:05.51,9338,100223,18.25,12.58,86,40.955,112,53.4422,1,11,0.8,-1.5,1.174,0.6825834,0.8907034,12,19,6,43,4,830000
2019-12-19 06:43:09.29,9339,100224,24.73,12.58,86,40.9558,112,53.4483,1,11,0.7,-1.3,1.589,0.6825966,0.890805,12,19,6,43,8,610000
2019-12-19 06:43:13.59,9340,100225,21.83,12.58,86,40.9567,112,53.4559,1,11,0.7,-1.3,1.403,0.6826117,0.8909317,12,19,6,43,12,910000
2019-12-19 06:43:18.1,9341,100226,17.34,12.59,86,40.9577,112,53.4625,1,11,0.7,-1.1,1.115,0.6826283,0.8910417,12,19,6,43,17,420000
2019-12-19 06:43:22.21,9342,100227,13.59,12.58,86,40.9584,112,53.4669,1,11,0.7,-1,0.875,0.68264,0.891115,12,19,6,43,21,530000
2019-12-19 06:43:26.88,9343,100228,40.49,12.58,86,40.9592,112,53.4723,1,11,0.8,-0.8,2.599,0.6826534,0.891205,12,19,6,43,26,190000
2019-12-19 06:43:34.14,9344,100229,12.56,12.57,86,40.9605,112,53.4801,1,11,0.8,-1.1,0.809,0.682675,0.891335,12,19,6,43,33,460000
2019-12-19 06:43:39.09,9345,100230,45.78,12.57,86,40.961,112,53.4735,1,11,0.8,-0.4,2.938,0.6826833,0.891225,12,19,6,43,38,410000
2019-12-19 06:43:48.59,9346,100231,50.78,12.57,86,40.9614,112,53.4587,1,11,0.7,-0.2,3.259,0.68269,0.8909782,12,19,6,43,47,910000
2019-12-19 06:43:53.01,9347,100232,45.61,12.58,86,40.9616,112,53.4418,1,11,0.7,0,2.927,0.6826934,0.8906966,12,19,6,43,52,330000
2019-12-19 06:43:57.37,9348,100233,52.37,12.57,86,40.962,112,53.4278,1,11,0.7,0,3.361,0.6827,0.8904633,12,19,6,43,56,690000
2019-12-19 06:44:04.81,9349,100234,13.02,12.58,86,40.9626,112,53.4047,1,11,0.7,0.9,0.838,0.68271,0.8900784,12,19,6,44,4,130000
2019-12-19 06:44:09.08,9350,100235,23.88,12.57,86,40.9627,112,53.3928,1,11,0.7,0.8,1.535,0.6827117,0.88988,12,19,6,44,8,400000
2019-12-19 06:44:13.45,9351,100236,25.47,12.57,86,40.9631,112,53.3755,1,11,0.7,0.7,1.637,0.6827183,0.8895916,12,19,6,44,12,770000
2019-12-19 06:44:17.45,9352,100237,26.21,12.58,86,40.9635,112,53.3608,1,11,0.7,0.8,1.684,0.682725,0.8893467,12,19,6,44,16,770000
2019-12-19 06:44:23.64,9353,100238,20.3,12.57,86,40.9638,112,53.3483,1,11,0.7,0.7,1.305,0.6827299,0.8891383,12,19,6,44,22,960000
2019-12-19 06:44:27.82,9354,100239,18.14,12.57,86,40.9642,112,53.3295,1,11,0.7,0.4,1.167,0.6827366,0.888825,12,19,6,44,27,140000
2019-12-19 06:44:31.95,9355,100240,17.06,12.57,86,40.9646,112,53.3073,1,11,0.7,0.5,1.097,0.6827433,0.888455,12,19,6,44,31,260000
2019-12-19 06:44:35.84,9356,100241,17.85,12.57,86,40.965,112,53.2954,1,11,0.7,0.3,1.148,0.68275,0.8882566,12,19,6,44,35,160000
2019-12-19 06:44:40.14,9357,100242,20.41,12.57,86,40.9656,112,53.2728,1,11,0.7,0.1,1.312,0.68276,0.88788,12,19,6,44,39,460000
2019-12-19 06:44:46.92,9358,100243,45.32,12.57,86,40.9658,112,53.2553,1,11,0.7,-1.1,2.909,0.6827634,0.8875883,12,19,6,44,46,240000
2019-12-19 06:44:53.46,9359,100244,39.63,12.57,86,40.966,112,53.2405,1,11,0.7,-0.9,2.544,0.6827666,0.8873417,12,19,6,44,52,780000
2019-12-19 06:44:58.32,9360,100245,38.95,12.57,86,40.966,112,53.2241,1,11,0.7,-0.8,2.501,0.6827666,0.8870683,12,19,6,44,57,640000
2019-12-19 06:45:03.02,9361,100246,40.09,12.57,86,40.9663,112,53.2027,1,11,0.7,-0.6,2.574,0.6827717,0.8867117,12,19,6,45,2,340000
2019-12-19 06:45:07.91,9362,100247,39.35,12.57,86,40.9665,112,53.1897,1,11,0.7,-0.6,2.526,0.682775,0.886495,12,19,6,45,7,230000
2019-12-19 06:45:14.71,9363,100248,20.07,12.57,86,40.9667,112,53.1687,1,11,0.7,-0.8,1.29,0.6827783,0.886145,12,19,6,45,14,30000
2019-12-19 06:45:19.66,9364,100249,19.73,12.57,86,40.9667,112,53.1548,1,11,0.7,-0.4,1.269,0.6827783,0.8859133,12,19,6,45,18,980000
2019-12-19 06:45:23.96,9365,100250,21.89,12.57,86,40.9669,112,53.134,1,11,0.7,-0.3,1.407,0.6827816,0.8855666,12,19,6,45,23,280000
2019-12-19 06:45:29.2,9366,100251,20.98,12.57,86,40.9671,112,53.1155,1,11,0.7,-0.2,1.349,0.682785,0.8852584,12,19,6,45,28,520000
2019-12-19 06:45:34.37,9367,100252,19.62,12.57,86,40.9674,112,53.0955,1,11,0.7,0,1.261,0.68279,0.884925,12,19,6,45,33,690000
2019-12-19 06:45:39.25,9368,100253,22.18,12.57,86,40.9676,112,53.0764,1,11,0.7,0.2,1.425,0.6827934,0.8846066,12,19,6,45,38,570000
2019-12-19 06:45:43.67,9369,100254,17.57,12.57,86,40.9678,112,53.0637,1,11,0.7,0.4,1.13,0.6827966,0.884395,12,19,6,45,42,990000
2019-12-19 06:45:48.14,9370,100255,22.57,12.57,86,40.9681,112,53.0412,1,11,0.7,0.2,1.451,0.6828017,0.88402,12,19,6,45,47,460000
2019-12-19 06:45:54.4,9371,100256,17,12.56,86,40.9684,112,53.0238,1,11,0.7,0.5,1.094,0.6828066,0.88373,12,19,6,45,53,720000
2019-12-19 06:45:59.25,9372,100257,19.9,12.57,86,40.9686,112,53.001,1,11,0.7,0.2,1.28,0.68281,0.88335,12,19,6,45,58,570000
2019-12-19 06:46:03.97,9373,100258,23.71,12.57,86,40.969,112,52.9871,1,11,0.7,0.3,1.524,0.6828167,0.8831183,12,19,6,46,3,290000
2019-12-19 06:46:08.38,9374,100259,17.34,12.56,86,40.969,112,52.9668,1,11,0.7,0.1,1.115,0.6828167,0.88278,12,19,6,46,7,700000
2019-12-19 06:46:13.16,9375,100260,17,12.56,86,40.9692,112,52.9466,1,11,0.7,0.3,1.094,0.68282,0.8824434,12,19,6,46,12,480000
2019-12-19 06:46:17.55,9376,100261,17.68,12.56,86,40.9694,112,52.9327,1,11,0.7,0.5,1.137,0.6828233,0.8822117,12,19,6,46,16,870000
2019-12-19 06:46:22.26,9377,100262,15.18,12.57,86,40.9692,112,52.9057,1,11,0.7,0.1,0.977,0.68282,0.8817617,12,19,6,46,21,580000
2019-12-19 06:46:26.38,9378,100263,17.34,12.56,86,40.969,112,52.8857,1,11,0.7,0,1.115,0.6828167,0.8814284,12,19,6,46,25,700000
2019-12-19 06:46:30.34,9379,100264,21.32,12.56,86,40.969,112,52.871,1,11,0.7,0.3,1.371,0.6828167,0.8811834,12,19,6,46,29,660000
2019-12-19 06:46:34.93,9380,100265,25.08,12.57,86,40.9688,112,52.8539,1,11,0.7,0.8,1.611,0.6828134,0.8808983,12,19,6,46,34,240000
2019-12-19 06:46:39.77,9381,100266,27.12,12.56,86,40.9686,112,52.8361,1,11,0.7,0.7,1.742,0.68281,0.8806017,12,19,6,46,39,90000
2019-12-19 06:46:44.62,9382,100267,34.17,12.56,86,40.968,112,52.8088,1,11,0.7,0.1,2.195,0.6828,0.8801467,12,19,6,46,43,940000
2019-12-19 06:47:44.46,9383,100268,19.1,12.56,86,40.9673,112,52.7785,1,11,0.7,-0.3,1.228,0.6827883,0.8796417,12,19,6,47,43,780000
2019-12-19 06:47:48.63,9384,100269,23.71,12.56,86,40.9669,112,52.7659,1,11,0.7,0.1,1.524,0.6827816,0.8794317,12,19,6,47,47,950000
2019-12-19 06:47:52.75,9385,100270,24.05,12.56,86,40.9666,112,52.7513,1,11,0.7,0.5,1.546,0.6827766,0.8791883,12,19,6,47,52,70000
2019-12-19 06:48:00.41,9386,100271,19.39,12.56,86,40.9656,112,52.7231,1,11,0.7,0.3,1.247,0.68276,0.8787183,12,19,6,47,59,730000
2019-12-19 06:48:04.89,9387,100272,28.43,12.56,86,40.9656,112,52.7169,1,11,0.7,1.1,1.826,0.68276,0.878615,12,19,6,48,4,200000
2019-12-19 06:48:09.51,9388,100273,50.55,12.56,86,40.9649,112,52.6947,1,11,0.7,1.4,3.244,0.6827484,0.878245,12,19,6,48,8,830000
2019-12-19 06:48:18.64,9389,100274,26.61,12.55,86,40.964,112,52.6748,1,11,0.7,1.4,1.71,0.6827334,0.8779134,12,19,6,48,17,960000
2019-12-19 06:48:54.29,9390,100275,23.48,12.55,86,40.964,112,52.6581,1,11,0.7,2.4,1.509,0.6827334,0.877635,12,19,6,48,53,610000
2019-12-19 06:48:59.64,9391,100276,25.64,12.55,86,40.9636,112,52.6441,1,11,0.7,2.5,1.648,0.6827267,0.8774017,12,19,6,48,58,960000
2019-12-19 06:49:04.37,9392,100277,12.56,12.55,86,40.9629,112,52.6239,1,11,0.7,2.8,0.809,0.682715,0.877065,12,19,6,49,3,690000
2019-12-19 06:49:08.27,9393,100278,18.82,12.55,86,40.9623,112,52.6111,1,11,0.7,2.7,1.21,0.682705,0.8768517,12,19,6,49,7,590000
2019-12-19 06:49:12.71,9394,100279,23.26,12.55,86,40.9617,112,52.5996,1,11,0.7,3,1.495,0.682695,0.8766601,12,19,6,49,12,30000
2019-12-19 06:49:17.1,9395,100280,18.59,12.55,86,40.9612,112,52.5846,1,11,0.7,3,1.196,0.6826867,0.8764099,12,19,6,49,16,420000
2019-12-19 06:49:21.53,9396,100281,23.82,12.55,86,40.9606,112,52.5724,1,11,0.7,3,1.531,0.6826766,0.8762066,12,19,6,49,20,850000
2019-12-19 06:49:25.89,9397,100282,14.16,12.55,86,40.9602,112,52.5571,1,11,0.7,2.9,0.911,0.68267,0.8759517,12,19,6,49,25,200000
2019-12-19 06:49:30.34,9398,100283,22.23,12.55,86,40.9595,112,52.5363,1,11,0.7,2.9,1.429,0.6826583,0.875605,12,19,6,49,29,660000
2019-12-19 06:49:33.88,9399,100284,12.51,12.55,86,40.9593,112,52.528,1,11,0.7,2.8,0.806,0.682655,0.8754666,12,19,6,49,33,200000
2019-12-19 06:49:38.21,9400,100285,17.57,12.55,86,40.9588,112,52.5029,1,11,0.7,2.8,1.13,0.6826467,0.8750483,12,19,6,49,37,530000
2019-12-19 06:49:42.29,9401,100286,20.3,12.55,86,40.9582,112,52.4882,1,11,0.7,2.8,1.305,0.6826366,0.8748034,12,19,6,49,41,610000
2019-12-19 06:49:46.73,9402,100287,17.91,12.55,86,40.9576,112,52.4756,1,11,0.7,2.5,1.152,0.6826266,0.8745934,12,19,6,49,46,50000
2019-12-19 06:49:51.3,9403,100288,17.57,12.55,86,40.9568,112,52.4577,1,11,0.7,2.4,1.13,0.6826133,0.874295,12,19,6,49,50,620000
2019-12-19 06:49:55.52,9404,100289,22.46,12.55,86,40.9562,112,52.4466,1,11,0.7,2.4,1.444,0.6826033,0.8741101,12,19,6,49,54,840000
2019-12-19 06:49:59.61,9405,100290,27.58,12.55,86,40.9556,112,52.435,1,11,0.7,2.6,1.772,0.6825934,0.8739167,12,19,6,49,58,930000
2019-12-19 06:50:47.88,9406,100291,17.34,12.55,86,40.955,112,52.4115,1,11,0.7,2.5,1.115,0.6825834,0.873525,12,19,6,50,47,190000
2019-12-19 06:50:53.27,9407,100292,24.73,12.54,86,40.9542,112,52.3905,1,11,0.7,2.4,1.589,0.6825701,0.873175,12,19,6,50,52,590000
2019-12-19 06:50:58.2,9408,100293,34.97,12.55,86,40.9533,112,52.3764,1,11,0.7,2.4,2.246,0.682555,0.87294,12,19,6,50,57,520000
2019-12-19 06:51:03.21,9409,100294,54.87,12.54,86,40.9523,112,52.3632,1,11,0.7,2.2,3.521,0.6825383,0.87272,12,19,6,51,2,530000
2019-12-19 06:51:08.09,9410,100295,57.21,12.55,86,40.9512,112,52.3539,1,11,0.7,2.8,3.671,0.68252,0.872565,12,19,6,51,7,410000
2019-12-19 06:51:13.74,9411,100296,60.5,12.54,86,40.9503,112,52.3431,1,11,0.7,2.7,3.882,0.682505,0.872385,12,19,6,51,13,60000
2019-12-19 06:51:20.75,9412,100297,47.37,12.54,86,40.9492,112,52.3286,1,11,0.7,2.3,3.04,0.6824866,0.8721434,12,19,6,51,20,70000
2019-12-19 06:51:25.63,9413,100298,60.56,12.54,86,40.9488,112,52.3225,1,11,0.7,2.4,3.886,0.68248,0.8720417,12,19,6,51,24,950000
2019-12-19 06:51:32.94,9414,100299,64.66,12.54,86,40.9475,112,52.3134,1,11,0.7,2.1,4.148,0.6824583,0.87189,12,19,6,51,32,260000
2019-12-19 06:52:12.29,9415,100300,53.05,12.54,86,40.947,112,52.2888,1,11,0.7,4.4,3.405,0.68245,0.87148,12,19,6,52,11,610000
2019-12-19 06:52:17.51,9416,100301,53.28,12.54,86,40.9465,112,52.2878,1,11,0.7,4.8,3.419,0.6824417,0.8714634,12,19,6,52,16,830000
2019-12-19 06:52:23.63,9417,100302,23.26,12.54,86,40.9451,112,52.2913,1,11,0.7,4.9,1.495,0.6824183,0.8715217,12,19,6,52,22,950000
2019-12-19 06:52:37.51,9418,100303,31.56,12.54,86,40.944,112,52.2682,1,11,0.7,5,2.027,0.6824,0.8711366,12,19,6,52,36,830000
2019-12-19 06:52:43.8,9419,100304,25.99,12.54,86,40.9436,112,52.2354,1,11,0.7,4.7,1.67,0.6823933,0.87059,12,19,6,52,43,120000
2019-12-19 06:52:49.63,9420,100305,33.83,12.53,86,40.9429,112,52.2058,1,11,0.7,5.1,2.173,0.6823817,0.8700966,12,19,6,52,48,950000
2019-12-19 06:52:59.2,9421,100306,27.29,12.54,86,40.9425,112,52.1843,1,11,0.7,5.1,1.753,0.682375,0.8697383,12,19,6,52,58,520000
2019-12-19 06:53:04.03,9422,100307,29.4,12.54,86,40.9419,112,52.1622,1,11,0.7,5.4,1.888,0.682365,0.8693701,12,19,6,53,3,350000
2019-12-19 06:53:08.32,9423,100308,24.51,12.53,86,40.9417,112,52.1482,1,11,0.7,5.2,1.575,0.6823617,0.8691367,12,19,6,53,7,640000
2019-12-19 06:53:12.84,9424,100309,41.51,12.54,86,40.9415,112,52.1363,1,11,0.7,5.3,2.665,0.6823584,0.8689383,12,19,6,53,12,160000
2019-12-19 06:53:17.29,9425,100310,23.88,12.53,86,40.941,112,52.1121,1,11,0.7,5.2,1.535,0.68235,0.868535,12,19,6,53,16,610000
2019-12-19 06:53:21.38,9426,100311,16.32,12.52,86,40.9408,112,52.0959,1,11,0.7,5.1,1.05,0.6823466,0.868265,12,19,6,53,20,700000
2019-12-19 06:53:25.48,9427,100312,16.94,12.53,86,40.9405,112,52.0789,1,11,0.7,5,1.09,0.6823416,0.8679817,12,19,6,53,24,800000
2019-12-19 06:53:29.95,9428,100313,15.75,12.52,86,40.9399,112,52.0556,1,11,0.7,4.6,1.013,0.6823317,0.8675934,12,19,6,53,29,270000
2019-12-19 06:53:34.46,9429,100314,20.87,12.53,86,40.9395,112,52.038,1,11,0.7,4.4,1.342,0.682325,0.8673,12,19,6,53,33,780000
2019-12-19 06:53:38.64,9430,100315,21.78,12.53,86,40.9392,112,52.0219,1,11,0.7,4.1,1.4,0.68232,0.8670317,12,19,6,53,37,960000
2019-12-19 06:53:42.47,9431,100316,20.24,12.53,86,40.9388,112,52.001,1,11,0.7,4,1.301,0.6823134,0.8666833,12,19,6,53,41,790000
2019-12-19 06:53:46.49,9432,100317,22.46,12.53,86,40.9384,112,51.9806,1,11,0.7,3.7,1.444,0.6823066,0.8663433,12,19,6,53,45,810000
2019-12-19 06:53:50.35,9433,100318,15.29,12.53,86,40.9377,112,51.9544,1,11,0.7,3.6,0.984,0.682295,0.8659066,12,19,6,53,49,670000
2019-12-19 06:53:54.05,9434,100319,13.59,12.53,86,40.9374,112,51.9372,1,11,0.7,3.5,0.875,0.68229,0.8656199,12,19,6,53,53,370000
2019-12-19 06:53:59.47,9435,100320,26.44,12.53,86,40.9371,112,51.9223,1,11,0.7,3.2,1.699,0.682285,0.8653717,12,19,6,53,58,790000
2019-12-19 06:54:03.82,9436,100321,22,12.52,86,40.9368,112,51.9057,1,11,0.7,3.2,1.414,0.6822799,0.865095,12,19,6,54,3,140000
2019-12-19 06:54:09.43,9437,100322,34.4,12.53,86,40.9365,112,51.8859,1,11,0.7,3,2.209,0.682275,0.864765,12,19,6,54,8,750000
2019-12-19 06:54:13.26,9438,100323,24.62,12.54,86,40.9361,112,51.8667,1,11,0.7,3.2,1.582,0.6822683,0.864445,12,19,6,54,12,580000
2019-12-19 06:54:18.07,9439,100324,23.14,12.52,86,40.9356,112,51.8437,1,11,0.7,3,1.487,0.68226,0.8640617,12,19,6,54,17,390000
2019-12-19 06:54:22.99,9440,100325,25.59,12.53,86,40.935,112,51.8247,1,11,0.7,2.5,1.644,0.68225,0.863745,12,19,6,54,22,310000
2019-12-19 06:54:27.73,9441,100326,23.37,12.53,86,40.9346,112,51.8092,1,11,0.7,2.3,1.502,0.6822434,0.8634866,12,19,6,54,27,50000
2019-12-19 06:54:32.42,9442,100327,24.05,12.52,86,40.934,112,51.7809,1,11,0.7,2.5,1.546,0.6822333,0.863015,12,19,6,54,31,740000
2019-12-19 06:54:38.36,9443,100328,32.13,12.53,86,40.9339,112,51.7556,1,11,0.7,4,2.063,0.6822317,0.8625934,12,19,6,54,37,680000
2019-12-19 06:54:42.86,9444,100329,22.69,12.53,86,40.9335,112,51.7405,1,11,0.7,4.1,1.458,0.682225,0.8623417,12,19,6,54,42,180000
2019-12-19 06:54:47.51,9445,100330,21.09,12.53,86,40.9338,112,51.7144,1,11,0.7,4.3,1.356,0.68223,0.8619067,12,19,6,54,46,830000
2019-12-19 06:54:51.38,9446,100331,12.62,12.53,86,40.9341,112,51.6991,1,11,0.7,4.7,0.813,0.682235,0.8616517,12,19,6,54,50,700000
2019-12-19 06:54:56.09,9447,100332,24.28,12.52,86,40.9342,112,51.677,1,11,0.7,4.5,1.56,0.6822366,0.8612833,12,19,6,54,55,410000
2019-12-19 06:55:00.29,9448,100333,24.28,12.52,86,40.9341,112,51.6613,1,11,0.7,4.6,1.56,0.682235,0.8610217,12,19,6,54,59,610000
2019-12-19 06:55:04.49,9449,100334,31.16,12.53,86,40.9342,112,51.6428,1,11,0.7,4.6,2.001,0.6822366,0.8607133,12,19,6,55,3,810000
2019-12-19 06:55:08.65,9450,100335,10.97,12.53,86,40.934,112,51.6243,1,11,0.7,4.4,0.707,0.6822333,0.860405,12,19,6,55,7,970000
2019-12-19 06:55:16.29,9451,100336,29.74,12.52,86,40.9342,112,51.5972,1,11,0.7,3.1,1.91,0.6822366,0.8599533,12,19,6,55,15,610000
2019-12-19 06:55:22.85,9452,100337,28.72,12.52,86,40.9345,112,51.5944,1,11,0.7,2.8,1.845,0.6822417,0.8599066,12,19,6,55,22,170000
2019-12-19 06:55:27.28,9453,100338,25.02,12.52,86,40.9346,112,51.5683,1,11,0.7,3,1.608,0.6822434,0.8594716,12,19,6,55,26,600000
2019-12-19 06:55:31.65,9454,100339,20.87,12.52,86,40.9348,112,51.5518,1,11,0.7,3.2,1.342,0.6822466,0.8591966,12,19,6,55,30,970000
2019-12-19 06:55:38.38,9455,100340,19.96,12.52,86,40.935,112,51.5223,1,11,0.7,2.4,1.283,0.68225,0.858705,12,19,6,55,37,700000
2019-12-19 06:55:42.31,9456,100341,29,12.52,86,40.9351,112,51.5101,1,11,0.7,3.8,1.863,0.6822517,0.8585017,12,19,6,55,41,630000
2019-12-19 06:55:46.43,9457,100342,27.35,12.52,86,40.9353,112,51.4933,1,11,0.7,3.6,1.757,0.682255,0.8582217,12,19,6,55,45,750000
2019-12-19 06:55:50.72,9458,100343,39.24,12.52,86,40.9355,112,51.4767,1,11,0.7,3.7,2.519,0.6822584,0.857945,12,19,6,55,50,40000
2019-12-19 06:55:55.12,9459,100344,33.26,12.52,86,40.9357,112,51.4569,1,11,0.7,3.6,2.136,0.6822617,0.857615,12,19,6,55,54,440000
2019-12-19 06:56:00.19,9460,100345,31.62,12.52,86,40.9357,112,51.4381,1,11,0.7,3.4,2.03,0.6822617,0.8573017,12,19,6,55,59,510000
2019-12-19 06:56:04.79,9461,100346,24.28,12.52,86,40.9356,112,51.4264,1,11,0.7,4.2,1.56,0.68226,0.8571066,12,19,6,56,4,110000
2019-12-19 06:56:09.81,9462,100347,40.89,12.52,86,40.9349,112,51.4065,1,11,0.7,4.3,2.625,0.6822483,0.856775,12,19,6,56,9,130000
2019-12-19 06:56:16.16,9463,100348,19.05,12.52,86,40.9342,112,51.381,1,11,0.7,4.2,1.225,0.6822366,0.85635,12,19,6,56,15,480000
2019-12-19 06:56:20.48,9464,100349,19.73,12.52,86,40.934,112,51.3733,1,11,0.7,4.5,1.269,0.6822333,0.8562216,12,19,6,56,19,800000
2019-12-19 06:56:24.79,9465,100350,26.04,12.52,86,40.9337,112,51.3588,1,11,0.7,4.4,1.673,0.6822283,0.85598,12,19,6,56,24,110000
2019-12-19 06:56:28.94,9466,100351,22.74,12.52,86,40.9333,112,51.3336,1,11,0.7,5.6,1.462,0.6822217,0.85556,12,19,6,56,28,260000
2019-12-19 06:56:33.22,9467,100352,15.12,12.51,86,40.9329,112,51.3119,1,11,0.7,5.7,0.973,0.682215,0.8551983,12,19,6,56,32,540000
2019-12-19 06:56:37.38,9468,100353,25.08,12.52,86,40.9327,112,51.2955,1,11,0.7,5.7,1.611,0.6822117,0.854925,12,19,6,56,36,700000
2019-12-19 06:56:41.92,9469,100354,44.41,12.51,86,40.9326,112,51.2736,1,10,0.8,6.2,2.851,0.68221,0.85456,12,19,6,56,41,240000
2019-12-19 06:56:47.92,9470,100355,28.2,12.52,86,40.9325,112,51.2524,1,11,0.7,5.5,1.812,0.6822083,0.8542067,12,19,6,56,47,230000
2019-12-19 06:56:52.59,9471,100356,30.19,12.52,86,40.9324,112,51.2401,1,11,0.7,5.6,1.939,0.6822067,0.8540017,12,19,6,56,51,910000
2019-12-19 06:56:58.58,9472,100357,14.73,12.52,86,40.932,112,51.2154,1,11,0.7,5.3,0.948,0.6822,0.85359,12,19,6,56,57,900000
2019-12-19 06:57:31.22,9473,100358,12.79,12.51,86,40.932,112,51.1967,1,11,0.7,5.2,0.824,0.6822,0.8532783,12,19,6,57,30,540000
2019-12-19 06:57:35.48,9474,100359,16.43,12.51,86,40.9318,112,51.1806,1,11,0.7,5.7,1.057,0.6821966,0.85301,12,19,6,57,34,800000
2019-12-19 06:57:39.3,9475,100360,17.74,12.51,86,40.9317,112,51.1617,1,11,0.7,5.9,1.141,0.682195,0.852695,12,19,6,57,38,620000
2019-12-19 06:57:43.06,9476,100361,12.51,12.51,86,40.9314,112,51.1421,1,11,0.7,5.9,0.806,0.68219,0.8523683,12,19,6,57,42,380000
2019-12-19 06:57:46.87,9477,100362,20.3,12.51,86,40.9313,112,51.1285,1,11,0.7,5.7,1.305,0.6821883,0.8521417,12,19,6,57,46,190000
2019-12-19 06:57:50.83,9478,100363,19.62,12.51,86,40.9312,112,51.1031,1,11,0.7,5.8,1.261,0.6821866,0.8517183,12,19,6,57,50,150000
2019-12-19 06:57:54.86,9479,100364,13.47,12.51,86,40.9311,112,51.084,1,11,0.7,6.3,0.868,0.682185,0.8514,12,19,6,57,54,180000
2019-12-19 06:57:58.76,9480,100365,14.73,12.52,86,40.931,112,51.0626,1,11,0.7,6.6,0.948,0.6821834,0.8510434,12,19,6,57,58,80000
2019-12-19 06:58:02.92,9481,100366,17.23,12.52,86,40.9306,112,51.0279,1,11,0.7,6.5,1.108,0.6821766,0.850465,12,19,6,58,2,240000
2019-12-19 06:58:07.09,9482,100367,22.74,12.51,86,40.9305,112,51.0156,1,11,0.7,6.4,1.462,0.682175,0.8502599,12,19,6,58,6,410000
2019-12-19 06:58:10.95,9483,100368,12.45,12.51,86,40.9304,112,50.9972,1,11,0.7,6.4,0.802,0.6821734,0.8499534,12,19,6,58,10,270000
2019-12-19 06:58:14.97,9484,100369,10.23,12.51,86,40.9302,112,50.9791,1,11,0.7,6.3,0.66,0.68217,0.8496516,12,19,6,58,14,290000
2019-12-19 06:58:18.99,9485,100370,11.2,12.52,86,40.93,112,50.9615,1,11,0.7,6,0.722,0.6821667,0.8493583,12,19,6,58,18,310000
2019-12-19 06:58:22.62,9486,100371,12.56,12.52,86,40.9299,112,50.9405,1,11,0.7,5.8,0.809,0.682165,0.8490083,12,19,6,58,21,940000
2019-12-19 06:58:26.66,9487,100372,12.28,12.51,86,40.9297,112,50.9279,1,11,0.7,5.6,0.791,0.6821616,0.8487983,12,19,6,58,25,980000
2019-12-19 06:58:30.65,9488,100373,12.85,12.51,86,40.9294,112,50.9095,1,11,0.7,5.3,0.828,0.6821567,0.8484917,12,19,6,58,29,970000
2019-12-19 06:58:34.73,9489,100374,24.28,12.52,86,40.9294,112,50.891,1,11,0.7,5.6,1.56,0.6821567,0.8481834,12,19,6,58,34,50000
2019-12-19 06:58:38.92,9490,100375,22.06,12.51,86,40.9292,112,50.8673,1,11,0.7,5.7,1.418,0.6821534,0.8477882,12,19,6,58,38,240000
2019-12-19 06:58:44.18,9491,100376,16.94,12.51,86,40.929,112,50.8519,1,11,0.7,5.9,1.09,0.68215,0.8475316,12,19,6,58,43,500000
2019-12-19 06:58:48.42,9492,100377,16.89,12.51,86,40.9288,112,50.8333,1,11,0.7,5.7,1.086,0.6821466,0.8472217,12,19,6,58,47,740000
2019-12-19 06:58:52.27,9493,100378,14.38,12.51,86,40.9286,112,50.8104,1,11,0.7,5.8,0.926,0.6821434,0.84684,12,19,6,58,51,590000
2019-12-19 06:58:56.25,9494,100379,12.51,12.51,86,40.9284,112,50.7909,1,11,0.7,5.5,0.806,0.68214,0.846515,12,19,6,58,55,570000
2019-12-19 06:59:00.07,9495,100380,12,12.51,86,40.9281,112,50.7754,1,11,0.7,5.5,0.773,0.682135,0.8462566,12,19,6,58,59,390000
2019-12-19 06:59:03.84,9496,100381,26.44,12.51,86,40.928,112,50.7585,1,11,0.7,5.6,1.699,0.6821334,0.845975,12,19,6,59,3,160000
2019-12-19 06:59:09.11,9497,100382,10.97,12.51,86,40.9278,112,50.7341,1,11,0.7,6.3,0.707,0.68213,0.8455683,12,19,6,59,8,430000
2019-12-19 06:59:13.07,9498,100383,11.03,12.51,86,40.9277,112,50.7243,1,11,0.7,7.1,0.711,0.6821283,0.845405,12,19,6,59,12,390000
2019-12-19 06:59:16.57,9499,100384,10.74,12.51,86,40.9276,112,50.7112,1,11,0.7,6.9,0.693,0.6821267,0.8451866,12,19,6,59,15,890000
2019-12-19 06:59:20.42,9500,100385,24.05,12.51,86,40.9275,112,50.6937,1,11,0.7,6.9,1.546,0.682125,0.844895,12,19,6,59,19,740000
2019-12-19 06:59:24.3,9501,100386,17.28,12.51,86,40.9273,112,50.6741,1,11,0.7,6.8,1.112,0.6821216,0.8445683,12,19,6,59,23,620000
2019-12-19 06:59:28.26,9502,100387,27.24,12.51,86,40.9269,112,50.6464,1,11,0.7,6.5,1.75,0.682115,0.8441066,12,19,6,59,27,580000
2019-12-19 06:59:32.57,9503,100388,20.58,12.51,86,40.9268,112,50.6341,1,11,0.7,6.4,1.323,0.6821134,0.8439017,12,19,6,59,31,890000
2019-12-19 06:59:36.71,9504,100389,14.5,12.51,86,40.9267,112,50.6164,1,11,0.7,6.2,0.933,0.6821117,0.8436067,12,19,6,59,36,30000
2019-12-19 06:59:40.94,9505,100390,17.34,12.51,86,40.9264,112,50.5931,1,11,0.7,6,1.115,0.6821066,0.8432184,12,19,6,59,40,260000
2019-12-19 06:59:45.35,9506,100391,20.41,12.5,86,40.9263,112,50.5758,1,11,0.7,5.9,1.312,0.682105,0.84293,12,19,6,59,44,670000
2019-12-19 06:59:50.15,9507,100392,20.07,12.51,86,40.9262,112,50.5605,1,11,0.7,5.8,1.29,0.6821034,0.842675,12,19,6,59,49,470000
2019-12-19 06:59:54.3,9508,100393,16.66,12.51,86,40.9261,112,50.5462,1,11,0.7,5,1.072,0.6821017,0.8424366,12,19,6,59,53,620000
2019-12-19 06:59:58.2,9509,100394,21.89,12.5,86,40.9259,112,50.5274,1,10,0.8,4.9,1.407,0.6820983,0.8421234,12,19,6,59,57,520000
2019-12-19 07:00:02.68,9510,100395,33.95,12.51,86,40.9255,112,50.503,1,10,0.8,4.9,2.18,0.6820917,0.8417166,12,19,7,0,2,0
2019-12-19 07:00:08.63,9511,100396,27.07,12.51,86,40.9249,112,50.4876,1,10,0.8,4.5,1.739,0.6820816,0.84146,12,19,7,0,7,950000
2019-12-19 07:00:15.01,9512,100397,35.82,12.51,86,40.9246,112,50.4789,1,10,0.8,4.9,2.3,0.6820766,0.841315,12,19,7,0,14,330000
2019-12-19 07:00:19.37,9513,100398,44.64,12.51,86,40.9243,112,50.4603,1,10,0.8,4.6,2.865,0.6820717,0.841005,12,19,7,0,18,690000
2019-12-19 07:00:23.46,9514,100399,37.93,12.5,86,40.9242,112,50.445,1,10,0.8,4.5,2.435,0.6820699,0.84075,12,19,7,0,22,780000
2019-12-19 07:00:27.56,9515,100400,38.1,12.5,86,40.9239,112,50.4273,1,10,0.8,4.5,2.446,0.682065,0.840455,12,19,7,0,26,880000
2019-12-19 07:00:33.32,9516,100401,19.28,12.51,86,40.9236,112,50.4005,1,10,0.8,4.1,1.239,0.68206,0.8400084,12,19,7,0,32,640000
2019-12-19 07:00:37.56,9517,100402,18.82,12.5,86,40.9236,112,50.3826,1,10,0.8,5,1.21,0.68206,0.83971,12,19,7,0,36,880000
2019-12-19 07:00:41.45,9518,100403,32.7,12.5,86,40.9235,112,50.3686,1,10,0.8,4.8,2.1,0.6820583,0.8394766,12,19,7,0,40,770000
2019-12-19 07:00:45.62,9519,100404,64.54,12.51,86,40.9234,112,50.3477,1,10,0.8,4.5,4.141,0.6820566,0.8391283,12,19,7,0,44,940000
2019-12-19 07:00:52.56,9520,100405,36.45,12.5,86,40.9233,112,50.3228,1,10,0.8,3.7,2.34,0.682055,0.8387134,12,19,7,0,51,880000
2019-12-19 07:00:56.78,9521,100406,32.98,12.5,86,40.9232,112,50.3144,1,10,0.8,3.7,2.118,0.6820534,0.8385734,12,19,7,0,56,100000
2019-12-19 07:01:00.96,9522,100407,37.76,12.5,86,40.9234,112,50.2914,1,10,0.8,4.3,2.424,0.6820566,0.83819,12,19,7,1,0,280000
2019-12-19 07:01:05.05,9523,100408,39.64,12.5,86,40.9237,112,50.2723,1,9,0.8,4.6,2.545,0.6820616,0.8378717,12,19,7,1,4,370000
2019-12-19 07:01:10.8,9524,100409,24.96,12.5,86,40.9239,112,50.2517,1,10,0.8,4.5,1.604,0.682065,0.8375283,12,19,7,1,10,120000
2019-12-19 07:01:14.93,9525,100410,18.88,12.5,86,40.9239,112,50.2409,1,10,0.8,5,1.214,0.682065,0.8373483,12,19,7,1,14,250000
2019-12-19 07:01:19.35,9526,100411,20.87,12.5,86,40.9243,112,50.2261,1,10,0.8,4.7,1.342,0.6820717,0.8371017,12,19,7,1,18,670000
2019-12-19 07:01:24.19,9527,100412,24.85,12.5,86,40.9247,112,50.2053,1,10,0.8,5,1.597,0.6820784,0.836755,12,19,7,1,23,500000
2019-12-19 07:01:30.73,9528,100413,27.69,12.5,86,40.925,112,50.1846,1,10,0.8,4.8,1.779,0.6820833,0.83641,12,19,7,1,30,50000
2019-12-19 07:01:36.87,9529,100414,28.15,12.5,86,40.9254,112,50.1729,1,10,0.8,4.6,1.808,0.68209,0.836215,12,19,7,1,36,190000
2019-12-19 07:01:41.43,9530,100415,37.82,12.5,86,40.9257,112,50.1547,1,10,0.8,4.6,2.428,0.682095,0.8359117,12,19,7,1,40,750000
2019-12-19 07:01:45.81,9531,100416,39.64,12.5,86,40.926,112,50.1443,1,10,0.8,5.3,2.545,0.6821,0.8357383,12,19,7,1,45,130000
2019-12-19 07:01:51.01,9532,100417,36.91,12.5,86,40.9263,112,50.1187,1,10,0.8,4.9,2.37,0.682105,0.8353117,12,19,7,1,50,330000
2019-12-19 07:01:57.18,9533,100418,15.41,12.5,86,40.9264,112,50.0983,1,10,0.8,4.6,0.992,0.6821066,0.8349717,12,19,7,1,56,500000
2019-12-19 07:02:01.52,9534,100419,26.9,12.5,86,40.9265,112,50.0888,1,10,0.8,4.5,1.728,0.6821083,0.8348133,12,19,7,2,0,840000
2019-12-19 07:02:06.23,9535,100420,22.18,12.49,86,40.927,112,50.0673,1,10,0.8,5,1.425,0.6821166,0.834455,12,19,7,2,5,550000
2019-12-19 07:02:10.57,9536,100421,18.94,12.49,86,40.9271,112,50.0507,1,10,0.8,4.7,1.218,0.6821183,0.8341783,12,19,7,2,9,890000
2019-12-19 07:02:14.79,9537,100422,18.82,12.49,86,40.9272,112,50.0339,1,10,0.8,4.3,1.21,0.68212,0.8338984,12,19,7,2,14,110000
2019-12-19 07:02:19.07,9538,100423,21.78,12.49,86,40.9274,112,50.011,1,10,0.8,4.1,1.4,0.6821233,0.8335167,12,19,7,2,18,390000
2019-12-19 07:02:23.37,9539,100424,27.41,12.49,86,40.9276,112,49.9959,1,10,0.8,4.3,1.761,0.6821267,0.833265,12,19,7,2,22,690000
2019-12-19 07:02:27.79,9540,100425,26.78,12.49,86,40.9277,112,49.981,1,10,0.8,4.4,1.721,0.6821283,0.8330166,12,19,7,2,27,100000
2019-12-19 07:02:34.97,9541,100426,16.43,12.49,86,40.9278,112,49.9526,1,10,0.8,4.4,1.057,0.68213,0.8325433,12,19,7,2,34,290000
2019-12-19 07:02:39.32,9542,100427,11.2,12.49,86,40.9278,112,49.9437,1,10,0.8,4.6,0.722,0.68213,0.832395,12,19,7,2,38,640000
2019-12-19 07:02:43.4,9543,100428,14.78,12.49,86,40.9279,112,49.9253,1,10,0.8,4.3,0.952,0.6821317,0.8320883,12,19,7,2,42,720000
2019-12-19 07:02:47.44,9544,100429,37.13,12.49,86,40.928,112,49.909,1,10,0.8,4.2,2.384,0.6821334,0.8318166,12,19,7,2,46,760000
2019-12-19 07:02:51.57,9545,100430,25.99,12.49,86,40.9283,112,49.8929,1,10,0.8,3.9,1.67,0.6821383,0.8315483,12,19,7,2,50,890000
2019-12-19 07:02:56,9546,100431,22.35,12.49,86,40.9284,112,49.8699,1,10,0.8,3.9,1.436,0.68214,0.831165,12,19,7,2,55,320000
2019-12-19 07:03:00.2,9547,100432,21.84,12.49,86,40.9285,112,49.8514,1,10,0.8,3.8,1.404,0.6821417,0.8308566,12,19,7,2,59,520000
2019-12-19 07:03:04.22,9548,100433,21.44,12.49,86,40.9285,112,49.8339,1,10,0.8,3.6,1.378,0.6821417,0.830565,12,19,7,3,3,530000
2019-12-19 07:03:09.04,9549,100434,22.12,12.49,86,40.9284,112,49.8137,1,10,0.8,3.6,1.422,0.68214,0.8302284,12,19,7,3,8,360000
2019-12-19 07:03:13.97,9550,100435,25.31,12.48,86,40.9282,112,49.7901,1,10,0.8,3.7,1.626,0.6821366,0.829835,12,19,7,3,13,290000
2019-12-19 07:03:18.59,9551,100436,24.74,12.49,86,40.9283,112,49.7766,1,10,0.8,3.7,1.59,0.6821383,0.82961,12,19,7,3,17,910000
2019-12-19 07:03:26.45,9552,100437,17.91,12.48,86,40.9282,112,49.754,1,10,0.8,3.8,1.152,0.6821366,0.8292334,12,19,7,3,25,770000
2019-12-19 07:03:31.14,9553,100438,14.84,12.49,86,40.9282,112,49.7383,1,10,0.8,3.8,0.955,0.6821366,0.8289717,12,19,7,3,30,460000
2019-12-19 07:03:35.27,9554,100439,13.42,12.48,86,40.9284,112,49.7235,1,10,0.8,3.6,0.864,0.68214,0.828725,12,19,7,3,34,590000
2019-12-19 07:03:42.77,9555,100440,18.48,12.48,86,40.9287,112,49.7094,1,10,0.8,3.8,1.188,0.682145,0.82849,12,19,7,3,42,90000
2019-12-19 07:03:47.55,9556,100441,17.8,12.47,86,40.9288,112,49.6907,1,10,0.8,4.1,1.145,0.6821466,0.8281783,12,19,7,3,46,870000
2019-12-19 07:03:51.98,9557,100442,23.14,12.48,86,40.9289,112,49.6731,1,10,0.8,4.5,1.487,0.6821483,0.827885,12,19,7,3,51,300000
2019-12-19 07:03:57.96,9558,100443,29.4,12.48,86,40.929,112,49.6491,1,10,0.8,4.2,1.888,0.68215,0.827485,12,19,7,3,57,280000
2019-12-19 07:04:02.37,9559,100444,23.37,12.46,86,40.929,112,49.6328,1,10,0.8,4.1,1.502,0.68215,0.8272134,12,19,7,4,1,690000
2019-12-19 07:04:08.13,9560,100445,18.14,12.46,86,40.9287,112,49.6005,1,10,0.8,3,1.167,0.682145,0.826675,12,19,7,4,7,450000
2019-12-19 07:04:12.73,9561,100446,23.49,12.47,86,40.9287,112,49.5909,1,10,0.8,3.4,1.509,0.682145,0.826515,12,19,7,4,12,50000
2019-12-19 07:04:17.1,9562,100447,23.49,12.47,86,40.9287,112,49.5669,1,10,0.8,3.3,1.509,0.682145,0.826115,12,19,7,4,16,420000
2019-12-19 07:04:23.17,9563,100448,17.23,12.47,86,40.9287,112,49.5446,1,9,0.8,2.9,1.108,0.682145,0.8257434,12,19,7,4,22,490000
2019-12-19 07:04:56.09,9564,100449,18.94,12.48,86,40.929,112,49.53,1,10,0.8,3.3,1.218,0.68215,0.8254999,12,19,7,4,55,410000
2019-12-19 07:05:01.01,9565,100450,42.48,12.46,86,40.9291,112,49.5085,1,10,0.8,3.2,2.727,0.6821517,0.8251417,12,19,7,5,0,330000
2019-12-19 07:05:10.28,9566,100451,35.94,12.47,86,40.9289,112,49.4903,1,10,0.8,3.2,2.308,0.6821483,0.8248383,12,19,7,5,9,600000
2019-12-19 07:05:16.76,9567,100452,21.21,12.45,86,40.9287,112,49.4797,1,10,0.8,3.2,1.363,0.682145,0.8246616,12,19,7,5,16,70000
2019-12-19 07:05:20.85,9568,100453,20.41,12.45,86,40.9287,112,49.4639,1,10,0.8,3,1.312,0.682145,0.8243983,12,19,7,5,20,170000
2019-12-19 07:05:25.55,9569,100454,16.49,12.45,86,40.9289,112,49.4403,1,10,0.8,2.8,1.061,0.6821483,0.824005,12,19,7,5,24,870000
2019-12-19 07:05:30.21,9570,100455,15.98,12.45,86,40.929,112,49.4173,1,10,0.8,2.6,1.028,0.68215,0.8236217,12,19,7,5,29,530000
2019-12-19 07:05:35.41,9571,100456,25.08,12.46,86,40.9287,112,49.3968,1,10,0.8,2.3,1.611,0.682145,0.82328,12,19,7,5,34,730000
2019-12-19 07:05:39.71,9572,100457,27.52,12.46,86,40.9284,112,49.3847,1,10,0.8,2.4,1.768,0.68214,0.8230783,12,19,7,5,39,30000
2019-12-19 07:05:45.2,9573,100458,17,12.44,86,40.9284,112,49.3729,1,10,0.8,2.3,1.094,0.68214,0.8228816,12,19,7,5,44,520000
2019-12-19 07:05:49.53,9574,100459,30.54,12.45,86,40.9286,112,49.3528,1,10,0.8,2.2,1.961,0.6821434,0.8225466,12,19,7,5,48,850000
2019-12-19 07:05:53.95,9575,100460,38.22,12.47,86,40.9282,112,49.3304,1,10,0.8,2,2.454,0.6821366,0.8221733,12,19,7,5,53,270000
2019-12-19 07:05:58.85,9576,100461,45.67,12.47,86,40.9278,112,49.3108,1,10,0.8,3,2.931,0.68213,0.8218466,12,19,7,5,58,170000
2019-12-19 07:06:03.27,9577,100462,51.92,12.46,86,40.9271,112,49.2938,1,10,0.8,3.2,3.332,0.6821183,0.8215634,12,19,7,6,2,590000
2019-12-19 07:06:09.31,9578,100463,17.57,12.47,86,40.9262,112,49.2808,1,10,0.8,3.5,1.13,0.6821034,0.8213466,12,19,7,6,8,630000
2019-12-19 07:06:15.33,9579,100464,36.74,12.47,86,40.9256,112,49.2693,1,10,0.8,3.6,2.359,0.6820934,0.821155,12,19,7,6,14,650000
2019-12-19 07:06:20.06,9580,100465,60.57,12.47,86,40.9245,112,49.2541,1,10,0.8,3.3,3.886,0.682075,0.8209017,12,19,7,6,19,380000
2019-12-19 07:06:26.21,9581,100466,48.74,12.47,86,40.9233,112,49.242,1,10,0.8,3,3.128,0.682055,0.8207,12,19,7,6,25,530000
2019-12-19 07:06:30.49,9582,100467,38.22,12.48,86,40.9227,112,49.2383,1,10,0.8,2.9,2.454,0.682045,0.8206383,12,19,7,6,29,810000
2019-12-19 07:06:34.71,9583,100468,57.27,12.47,86,40.922,112,49.2298,1,10,0.8,3.2,3.675,0.6820334,0.8204966,12,19,7,6,34,30000
2019-12-19 07:06:39.56,9584,100469,54.88,12.47,86,40.9208,112,49.2152,1,10,0.8,3.2,3.522,0.6820134,0.8202533,12,19,7,6,38,880000
2019-12-19 07:08:06.69,9586,100471,19.51,12.45,86,40.9194,112,49.1673,1,10,0.8,4.1,1.254,0.68199,0.819455,12,19,7,8,6,10000
2019-12-19 07:08:10.87,9587,100472,16.21,12.45,86,40.9189,112,49.1626,1,10,0.8,4,1.043,0.6819817,0.8193767,12,19,7,8,10,180000
2019-12-19 07:08:14.5,9588,100473,20.36,12.45,86,40.918,112,49.1509,1,10,0.8,3.8,1.309,0.6819666,0.8191817,12,19,7,8,13,820000
2019-12-19 07:08:18.26,9589,100474,25.99,12.45,86,40.9168,112,49.1391,1,10,0.8,3.3,1.67,0.6819467,0.818985,12,19,7,8,17,580000
2019-12-19 07:08:22.26,9590,100475,31.73,12.44,86,40.916,112,49.1273,1,10,0.8,3.3,2.038,0.6819334,0.8187883,12,19,7,8,21,580000
2019-12-19 07:08:26.2,9591,100476,34.07,12.45,86,40.9153,112,49.1152,1,10,0.8,3.2,2.188,0.6819217,0.8185866,12,19,7,8,25,520000
2019-12-19 07:08:30.35,9592,100477,27.35,12.44,86,40.9145,112,49.1014,1,10,0.8,2.7,1.757,0.6819084,0.8183566,12,19,7,8,29,670000
2019-12-19 07:08:34.91,9593,100478,35.89,12.45,86,40.9134,112,49.0851,1,10,0.8,2.6,2.304,0.6818899,0.818085,12,19,7,8,34,230000
2019-12-19 07:08:39.05,9594,100479,35.89,12.45,86,40.9127,112,49.0723,1,10,0.8,2.9,2.304,0.6818783,0.8178717,12,19,7,8,38,370000
2019-12-19 07:08:43.32,9595,100480,9.72,12.43,86,40.9118,112,49.0598,1,10,0.8,3.1,0.627,0.6818634,0.8176633,12,19,7,8,42,640000
2019-12-19 07:08:46.86,9596,100481,26.56,12.45,86,40.9115,112,49.0551,1,10,0.8,3.1,1.706,0.6818583,0.817585,12,19,7,8,46,180000
2019-12-19 07:08:50.92,9597,100482,29.97,12.45,86,40.9103,112,49.038,1,10,0.8,2.9,1.925,0.6818383,0.8173,12,19,7,8,50,230000
2019-12-19 07:08:54.81,9598,100483,25.19,12.45,86,40.9099,112,49.0313,1,10,0.8,3.3,1.619,0.6818317,0.8171883,12,19,7,8,54,130000
2019-12-19 07:08:58.86,9599,100484,26.79,12.44,86,40.909,112,49.0192,1,10,0.8,3.7,1.721,0.6818167,0.8169867,12,19,7,8,58,180000
2019-12-19 07:09:02.79,9600,100485,25.99,12.44,86,40.9082,112,49.0084,1,10,0.8,3.9,1.67,0.6818034,0.8168066,12,19,7,9,2,110000
2019-12-19 07:09:06.75,9601,100486,26.33,12.45,86,40.9073,112,48.9977,1,10,0.8,3.9,1.692,0.6817883,0.8166283,12,19,7,9,6,70000
2019-12-19 07:09:10.63,9602,100487,25.82,12.45,86,40.9065,112,48.9849,1,10,0.8,3.9,1.659,0.681775,0.816415,12,19,7,9,9,950000
2019-12-19 07:09:16.11,9603,100488,27.01,12.44,86,40.9051,112,48.9676,1,10,0.8,4.1,1.735,0.6817517,0.8161267,12,19,7,9,15,430000
2019-12-19 07:09:20,9604,100489,21.21,12.44,86,40.9044,112,48.9583,1,10,0.8,3.9,1.364,0.68174,0.8159717,12,19,7,9,19,320000
2019-12-19 07:09:23.81,9605,100490,16.21,12.45,86,40.9037,112,48.9481,1,10,0.8,3.9,1.043,0.6817284,0.8158017,12,19,7,9,23,130000
2019-12-19 07:09:27.53,9606,100491,14.84,12.44,86,40.9026,112,48.9358,1,10,0.8,3.6,0.955,0.68171,0.8155966,12,19,7,9,26,850000
2019-12-19 07:09:31.37,9607,100492,18.6,12.44,86,40.9017,112,48.9171,1,10,0.8,4.3,1.196,0.681695,0.815285,12,19,7,9,30,690000
2019-12-19 07:09:35.25,9608,100493,19.73,12.44,86,40.9008,112,48.8998,1,10,0.8,5.3,1.269,0.68168,0.8149966,12,19,7,9,34,570000
2019-12-19 07:09:41.82,9609,100494,21.27,12.45,86,40.8995,112,48.8878,1,10,0.8,5,1.367,0.6816584,0.8147966,12,19,7,9,41,140000
2019-12-19 07:09:47.86,9610,100495,19.51,12.45,86,40.8991,112,48.8786,1,10,0.8,5.2,1.254,0.6816517,0.8146434,12,19,7,9,47,180000
2019-12-19 07:09:51.95,9611,100496,22.18,12.44,86,40.8981,112,48.8661,1,10,0.8,5.4,1.426,0.681635,0.814435,12,19,7,9,51,270000
2019-12-19 07:09:56.35,9612,100497,23.09,12.45,86,40.8973,112,48.8567,1,10,0.8,5.2,1.484,0.6816217,0.8142784,12,19,7,9,55,670000
2019-12-19 07:10:00.28,9613,100498,32.25,12.45,86,40.8966,112,48.8482,1,10,0.8,4.9,2.071,0.68161,0.8141367,12,19,7,9,59,600000
2019-12-19 07:10:05.05,9614,100499,29.46,12.44,86,40.8955,112,48.8392,1,10,0.8,4.6,1.892,0.6815917,0.8139866,12,19,7,10,4,370000
2019-12-19 07:10:08.98,9615,100500,32.7,12.44,86,40.8947,112,48.8257,1,10,0.8,4.3,2.1,0.6815783,0.8137617,12,19,7,10,8,300000
2019-12-19 07:10:13.16,9616,100501,29.35,12.44,86,40.8937,112,48.8137,1,10,0.8,4.1,1.885,0.6815617,0.8135617,12,19,7,10,12,480000
2019-12-19 07:10:17.66,9617,100502,31.11,12.45,86,40.8929,112,48.7998,1,10,0.8,3.7,1.998,0.6815483,0.81333,12,19,7,10,16,980000
2019-12-19 07:10:21.79,9618,100503,20.93,12.45,86,40.8922,112,48.7914,1,10,0.8,3.4,1.345,0.6815366,0.8131901,12,19,7,10,21,110000
2019-12-19 07:10:25.65,9619,100504,23.26,12.45,86,40.8913,112,48.7819,1,10,0.8,3.1,1.495,0.6815217,0.8130316,12,19,7,10,24,970000
2019-12-19 07:10:29.34,9620,100505,29.29,12.45,86,40.8903,112,48.7718,1,10,0.8,2.7,1.881,0.681505,0.8128634,12,19,7,10,28,660000
2019-12-19 07:10:35.79,9621,100506,14.73,12.45,86,40.8891,112,48.7575,1,10,0.8,1.9,0.948,0.681485,0.812625,12,19,7,10,35,110000
2019-12-19 07:10:39.77,9622,100507,23.26,12.45,86,40.8884,112,48.7495,1,10,0.8,0.9,1.495,0.6814734,0.8124917,12,19,7,10,39,90000
2019-12-19 07:10:43.27,9623,100508,21.16,12.45,86,40.8875,112,48.7389,1,10,0.8,0.8,1.36,0.6814583,0.812315,12,19,7,10,42,590000
2019-12-19 07:10:46.99,9624,100509,20.3,12.45,86,40.8866,112,48.7293,1,10,0.8,0.6,1.305,0.6814434,0.812155,12,19,7,10,46,310000
2019-12-19 07:10:50.63,9625,100510,15.81,12.45,86,40.8859,112,48.7225,1,10,0.8,0.4,1.017,0.6814317,0.8120417,12,19,7,10,49,950000
2019-12-19 07:10:54.33,9626,100511,15.98,12.45,86,40.8849,112,48.7148,1,10,0.8,0.2,1.028,0.681415,0.8119134,12,19,7,10,53,650000
2019-12-19 07:10:58.23,9627,100512,19.62,12.45,86,40.8839,112,48.7157,1,10,0.8,0,1.262,0.6813983,0.8119283,12,19,7,10,57,550000
2019-12-19 07:11:02.16,9628,100513,21.21,12.44,86,40.883,112,48.7181,1,10,0.8,0,1.364,0.6813833,0.8119684,12,19,7,11,1,480000
2019-12-19 07:11:05.96,9629,100514,19.34,12.45,86,40.882,112,48.7241,1,10,0.8,-0.3,1.243,0.6813667,0.8120683,12,19,7,11,5,280000
2019-12-19 07:11:09.94,9630,100515,19.85,12.44,86,40.8813,112,48.7362,1,10,0.8,-0.5,1.276,0.681355,0.81227,12,19,7,11,9,260000
2019-12-19 07:11:13.91,9631,100516,20.98,12.45,86,40.8806,112,48.7526,1,10,0.8,-0.8,1.349,0.6813433,0.8125434,12,19,7,11,13,220000
2019-12-19 07:11:17.84,9632,100517,13.99,12.45,86,40.88,112,48.7602,1,10,0.8,-1,0.901,0.6813334,0.81267,12,19,7,11,17,150000
2019-12-19 07:11:21.3,9633,100518,12.23,12.45,86,40.879,112,48.7695,1,10,0.8,-1.1,0.788,0.6813166,0.812825,12,19,7,11,20,620000
2019-12-19 07:11:25.11,9634,100519,18.71,12.44,86,40.8782,112,48.7796,1,10,0.8,-1.2,1.203,0.6813034,0.8129933,12,19,7,11,24,430000
2019-12-19 07:11:28.8,9635,100520,18.94,12.45,86,40.8776,112,48.7829,1,10,0.8,-1.4,1.218,0.6812934,0.8130484,12,19,7,11,28,120000
2019-12-19 07:11:32.33,9636,100521,14.39,12.45,86,40.8766,112,48.7922,1,10,0.8,-1.5,0.926,0.6812766,0.8132033,12,19,7,11,31,650000
2019-12-19 07:11:35.79,9637,100522,23.2,12.45,86,40.8759,112,48.7943,1,10,0.8,-1.7,1.491,0.681265,0.8132383,12,19,7,11,35,110000
2019-12-19 07:11:39.72,9638,100523,38.1,12.44,86,40.8753,112,48.798,1,10,0.8,-1.9,2.446,0.681255,0.8133,12,19,7,11,39,40000
2019-12-19 07:11:44.71,9639,100524,40.78,12.44,86,40.8743,112,48.8039,1,10,0.8,-2.1,2.618,0.6812383,0.8133984,12,19,7,11,44,20000
2019-12-19 07:11:49.09,9640,100525,52.15,12.44,86,40.8737,112,48.8065,1,10,0.8,-2.3,3.347,0.6812283,0.8134416,12,19,7,11,48,400000
2019-12-19 07:11:57.04,9641,100526,45.16,12.43,86,40.8727,112,48.8094,1,10,0.8,-2.8,2.899,0.6812117,0.81349,12,19,7,11,56,360000
2019-12-19 07:12:02.4,9642,100527,38.62,12.44,86,40.8722,112,48.8098,1,10,0.8,-2.6,2.479,0.6812033,0.8134966,12,19,7,12,1,720000
2019-12-19 07:12:09.23,9643,100528,21.21,12.45,86,40.8708,112,48.8145,1,10,0.8,-3.4,1.364,0.68118,0.813575,12,19,7,12,8,540000
2019-12-19 07:12:13.55,9644,100529,20.81,12.44,86,40.8703,112,48.8162,1,10,0.8,-3.1,1.338,0.6811717,0.8136034,12,19,7,12,12,870000
2019-12-19 07:12:19.36,9645,100530,9.44,12.44,86,40.8689,112,48.8154,1,10,0.8,-3.5,0.609,0.6811483,0.81359,12,19,7,12,18,680000
2019-12-19 07:12:24.28,9646,100531,8.47,12.44,86,40.8682,112,48.8175,1,10,0.8,-3.1,0.547,0.6811366,0.813625,12,19,7,12,23,600000
2019-12-19 07:12:29.54,9647,100532,8.41,12.44,86,40.8675,112,48.823,1,10,0.8,-3,0.543,0.681125,0.8137167,12,19,7,12,28,850000
2019-12-19 07:12:33.75,9648,100533,15.18,12.44,86,40.867,112,48.8235,1,10,0.8,-3.1,0.977,0.6811167,0.813725,12,19,7,12,33,70000
2019-12-19 07:12:38.48,9649,100534,27.35,12.44,86,40.8657,112,48.8268,1,10,0.8,-3,1.757,0.681095,0.81378,12,19,7,12,37,800000
2019-12-19 07:12:43.64,9650,100535,33.73,12.43,86,40.8648,112,48.8262,1,10,0.8,-2.9,2.166,0.68108,0.81377,12,19,7,12,42,960000
2019-12-19 07:12:50.62,9651,100536,25.88,12.44,86,40.8631,112,48.8234,1,10,0.8,-3.5,1.663,0.6810516,0.8137234,12,19,7,12,49,940000
2019-12-19 07:12:55.33,9652,100537,29.57,12.44,86,40.8625,112,48.8246,1,10,0.8,-3.3,1.9,0.6810417,0.8137434,12,19,7,12,54,650000
2019-12-19 07:13:00.78,9653,100538,43.05,12.43,86,40.8614,112,48.8266,1,10,0.8,-3.4,2.764,0.6810234,0.8137766,12,19,7,13,0,100000
2019-12-19 07:13:09.47,9654,100539,23.43,12.43,86,40.8604,112,48.8375,1,10,0.8,-4,1.506,0.6810066,0.8139583,12,19,7,13,8,790000
2019-12-19 07:13:14.33,9655,100540,39.07,12.44,86,40.8596,112,48.8414,1,10,0.8,-4,2.508,0.6809933,0.8140233,12,19,7,13,13,650000
2019-12-19 07:13:18.95,9656,100541,38.28,12.43,86,40.8587,112,48.8541,1,10,0.8,-4.1,2.457,0.6809783,0.814235,12,19,7,13,18,270000
2019-12-19 07:13:24.62,9657,100542,15.41,12.43,86,40.8578,112,48.8661,1,10,0.8,-4.3,0.992,0.6809634,0.814435,12,19,7,13,23,940000
2019-12-19 07:13:28.77,9658,100543,24.17,12.44,86,40.8575,112,48.8688,1,10,0.8,-4,1.553,0.6809583,0.81448,12,19,7,13,28,80000
2019-12-19 07:13:33.36,9659,100544,52.72,12.43,86,40.8564,112,48.8826,1,10,0.8,-4.1,3.383,0.68094,0.81471,12,19,7,13,32,680000
2019-12-19 07:13:39.95,9660,100545,18.03,12.43,86,40.8555,112,48.8973,1,10,0.8,-4.5,1.159,0.680925,0.814955,12,19,7,13,39,270000
2019-12-19 07:13:44.5,9661,100546,40.89,12.43,86,40.855,112,48.9023,1,10,0.8,-4.3,2.625,0.6809166,0.8150384,12,19,7,13,43,820000
2019-12-19 07:14:16.32,9662,100547,22.86,12.44,86,40.8542,112,48.9208,1,10,0.8,-4.4,1.469,0.6809033,0.8153466,12,19,7,14,15,640000
2019-12-19 07:14:21.33,9663,100548,21.84,12.44,86,40.854,112,48.9337,1,10,0.8,-4,1.404,0.6809,0.8155617,12,19,7,14,20,650000
2019-12-19 07:14:25.95,9664,100549,19.62,12.43,86,40.8538,112,48.9534,1,10,0.8,-4,1.261,0.6808967,0.81589,12,19,7,14,25,270000
2019-12-19 07:14:32.53,9665,100550,11.71,12.43,86,40.8535,112,48.9744,1,10,0.8,-4.5,0.755,0.6808917,0.81624,12,19,7,14,31,840000
2019-12-19 07:14:36.93,9666,100551,35.03,12.43,86,40.8532,112,48.9827,1,10,0.8,-4.3,2.25,0.6808866,0.8163783,12,19,7,14,36,250000
2019-12-19 07:14:42.55,9667,100552,12.62,12.43,86,40.853,112,49.001,1,10,0.8,-4.6,0.813,0.6808834,0.8166834,12,19,7,14,41,870000
2019-12-19 07:14:47.34,9668,100553,25.36,12.44,86,40.853,112,49.0159,1,10,0.8,-4.5,1.63,0.6808834,0.8169317,12,19,7,14,46,660000
2019-12-19 07:14:51.98,9669,100554,41.23,12.44,86,40.8527,112,49.0359,1,10,0.8,-4.7,2.647,0.6808783,0.817265,12,19,7,14,51,300000
2019-12-19 07:14:56.66,9670,100555,49.14,12.43,86,40.8523,112,49.0508,1,10,0.8,-4.7,3.154,0.6808717,0.8175134,12,19,7,14,55,980000
2019-12-19 07:15:00.77,9671,100556,40.04,12.44,86,40.8518,112,49.0621,1,10,0.8,-4.8,2.57,0.6808634,0.8177016,12,19,7,15,0,90000
2019-12-19 07:15:07.91,9672,100557,17.34,12.44,86,40.8512,112,49.0855,1,10,0.8,-5.1,1.116,0.6808533,0.8180916,12,19,7,15,7,230000
2019-12-19 07:15:12.31,9673,100558,50.33,12.43,86,40.8507,112,49.0963,1,10,0.8,-5.1,3.23,0.680845,0.8182716,12,19,7,15,11,630000
2019-12-19 07:15:17.06,9674,100559,53.86,12.42,86,40.85,112,49.1116,1,10,0.8,-5.2,3.456,0.6808333,0.8185266,12,19,7,15,16,380000
2019-12-19 07:15:23.54,9675,100560,62.05,12.42,86,40.8494,112,49.1259,1,10,0.8,-5.4,3.981,0.6808234,0.818765,12,19,7,15,22,860000
2019-12-19 07:15:28.46,9676,100561,66.03,12.42,86,40.8492,112,49.1319,1,10,0.8,-5.3,4.237,0.6808201,0.818865,12,19,7,15,27,780000
2019-12-19 07:16:39.3,9677,100562,73.54,12.43,86,40.848,112,49.13,1,10,0.8,-5.4,4.718,0.6808,0.8188334,12,19,7,16,38,620000
2019-12-19 07:17:01.41,9678,100563,56.48,12.41,86,40.8475,112,49.1301,1,10,0.8,-5.3,3.624,0.6807917,0.818835,12,19,7,17,0,730000
2019-12-19 07:17:07.67,9679,100564,29.52,12.43,86,40.8469,112,49.1477,1,10,0.8,-5.3,1.896,0.6807817,0.8191283,12,19,7,17,6,990000
2019-12-19 07:17:11.99,9680,100565,28.26,12.42,86,40.8466,112,49.1574,1,10,0.8,-5.3,1.816,0.6807766,0.81929,12,19,7,17,11,310000
2019-12-19 07:17:16.61,9681,100566,38.73,12.43,86,40.8461,112,49.1711,1,10,0.8,-5.4,2.487,0.6807683,0.8195183,12,19,7,17,15,920000
2019-12-19 07:17:21.64,9682,100567,42.37,12.42,86,40.8453,112,49.188,1,10,0.8,-5.6,2.72,0.680755,0.8198,12,19,7,17,20,960000
2019-12-19 07:17:30.48,9683,100568,32.99,12.42,86,40.8445,112,49.2079,1,10,0.8,-6,2.118,0.6807417,0.8201317,12,19,7,17,29,800000
2019-12-19 07:17:35.04,9684,100569,36.23,12.41,86,40.8439,112,49.2217,1,10,0.8,-5.9,2.326,0.6807317,0.8203617,12,19,7,17,34,360000
2019-12-19 07:17:39.7,9685,100570,30.94,12.4,86,40.8432,112,49.2377,1,10,0.8,-6,1.987,0.68072,0.8206283,12,19,7,17,39,20000
2019-12-19 07:17:46.64,9686,100571,12.23,12.42,86,40.8421,112,49.2627,1,10,0.8,-6.7,0.788,0.6807016,0.821045,12,19,7,17,45,960000
2019-12-19 07:17:51.12,9687,100572,25.82,12.41,86,40.8415,112,49.2775,1,10,0.8,-6.6,1.659,0.6806917,0.8212917,12,19,7,17,50,440000
2019-12-19 07:17:55.64,9688,100573,35.55,12.41,86,40.841,112,49.2931,1,10,0.8,-6.6,2.282,0.6806833,0.8215516,12,19,7,17,54,960000
2019-12-19 07:18:00.41,9689,100574,30.31,12.41,86,40.8403,112,49.316,1,10,0.8,-6.9,1.947,0.6806717,0.8219334,12,19,7,17,59,730000
2019-12-19 07:18:05.3,9690,100575,23.83,12.41,86,40.8397,112,49.3338,1,10,0.8,-7,1.531,0.6806616,0.8222301,12,19,7,18,4,620000
2019-12-19 07:18:12.12,9691,100576,17.46,12.39,86,40.8387,112,49.3565,1,10,0.8,-7.2,1.123,0.680645,0.8226083,12,19,7,18,11,440000
2019-12-19 07:18:17.33,9692,100577,12,12.41,86,40.838,112,49.3689,1,10,0.8,-6.9,0.773,0.6806334,0.822815,12,19,7,18,16,640000
2019-12-19 07:18:21.59,9693,100578,12.57,12.41,86,40.8375,112,49.3812,1,10,0.8,-6.8,0.809,0.680625,0.82302,12,19,7,18,20,910000
2019-12-19 07:18:26.59,9694,100579,9.5,12.42,86,40.8369,112,49.3982,1,10,0.8,-6.7,0.613,0.680615,0.8233034,12,19,7,18,25,910000
2019-12-19 07:18:30.95,9695,100580,9.61,12.4,86,40.8363,112,49.4113,1,10,0.8,-6.7,0.62,0.680605,0.8235217,12,19,7,18,30,270000
2019-12-19 07:18:35.97,9696,100581,10.29,12.42,86,40.8358,112,49.4269,1,10,0.8,-6.7,0.664,0.6805966,0.8237817,12,19,7,18,35,290000
2019-12-19 07:18:40.74,9697,100582,11.71,12.41,86,40.8352,112,49.4392,1,10,0.8,-6.7,0.755,0.6805867,0.8239867,12,19,7,18,40,60000
2019-12-19 07:18:45.49,9698,100583,18.43,12.41,86,40.8344,112,49.4567,1,10,0.8,-6.7,1.185,0.6805734,0.8242783,12,19,7,18,44,810000
2019-12-19 07:18:50.1,9699,100584,16.43,12.42,86,40.8339,112,49.473,1,10,0.8,-6.8,1.057,0.680565,0.82455,12,19,7,18,49,420000
2019-12-19 07:18:55.45,9700,100585,17.34,12.41,86,40.8334,112,49.4851,1,10,0.8,-6.8,1.116,0.6805566,0.8247517,12,19,7,18,54,770000
2019-12-19 07:18:59.98,9701,100586,16.32,12.4,86,40.8328,112,49.4999,1,10,0.8,-6.8,1.05,0.6805467,0.8249983,12,19,7,18,59,300000
2019-12-19 07:19:04.45,9702,100587,15.75,12.42,86,40.8323,112,49.5133,1,10,0.8,-6.9,1.014,0.6805383,0.8252217,12,19,7,19,3,770000
2019-12-19 07:19:08.81,9703,100588,12.79,12.41,86,40.832,112,49.5276,1,10,0.8,-7,0.824,0.6805334,0.82546,12,19,7,19,8,130000
2019-12-19 07:19:13.34,9704,100589,8.47,12.41,86,40.8312,112,49.5484,1,10,0.8,-6.9,0.547,0.68052,0.8258066,12,19,7,19,12,660000
2019-12-19 07:19:18.02,9705,100590,10.63,12.41,86,40.8308,112,49.564,1,10,0.8,-6.9,0.685,0.6805134,0.8260666,12,19,7,19,17,340000
2019-12-19 07:19:22.1,9706,100591,15.75,12.41,86,40.8304,112,49.5793,1,10,0.8,-6.9,1.014,0.6805066,0.8263217,12,19,7,19,21,420000
2019-12-19 07:19:27.04,9707,100592,12.57,12.41,86,40.8298,112,49.5978,1,10,0.8,-7.1,0.809,0.6804966,0.82663,12,19,7,19,26,360000
2019-12-19 07:19:31.32,9708,100593,9.15,12.41,86,40.8293,112,49.6142,1,10,0.8,-7.2,0.591,0.6804883,0.8269034,12,19,7,19,30,640000
2019-12-19 07:19:35.47,9709,100594,10.8,12.42,86,40.829,112,49.6308,1,10,0.8,-7.2,0.696,0.6804833,0.82718,12,19,7,19,34,790000
2019-12-19 07:19:40.03,9710,100595,11.43,12.42,86,40.8283,112,49.6474,1,10,0.8,-7.2,0.736,0.6804717,0.8274566,12,19,7,19,39,350000
2019-12-19 07:19:44.51,9711,100596,14.16,12.42,86,40.8279,112,49.6623,1,10,0.8,-7.2,0.912,0.680465,0.827705,12,19,7,19,43,830000
2019-12-19 07:19:48.68,9712,100597,13.25,12.42,86,40.8274,112,49.676,1,10,0.8,-7.2,0.853,0.6804567,0.8279333,12,19,7,19,48,0
2019-12-19 07:19:53.53,9713,100598,10.41,12.42,86,40.8268,112,49.6968,1,10,0.8,-7.3,0.671,0.6804467,0.82828,12,19,7,19,52,850000
2019-12-19 07:19:57.71,9714,100599,10.97,12.41,86,40.8263,112,49.7069,1,10,0.8,-7.4,0.707,0.6804383,0.8284483,12,19,7,19,57,30000
2019-12-19 07:20:02.27,9715,100600,18.65,12.42,86,40.8255,112,49.7271,1,10,0.8,-7.3,1.2,0.680425,0.828785,12,19,7,20,1,580000
2019-12-19 07:20:19.3,9716,100601,19.28,12.43,86,40.8254,112,49.7366,1,10,0.8,-7.3,1.24,0.6804234,0.8289433,12,19,7,20,18,610000
2019-12-19 07:20:23.38,9717,100602,23.49,12.42,86,40.8251,112,49.7483,1,10,0.8,-7.3,1.509,0.6804183,0.8291383,12,19,7,20,22,700000
2019-12-19 07:20:29.28,9718,100603,17.46,12.42,86,40.8245,112,49.7669,1,10,0.8,-7.8,1.123,0.6804083,0.8294483,12,19,7,20,28,600000
2019-12-19 07:20:33.58,9719,100604,20.25,12.41,86,40.8245,112,49.7724,1,10,0.8,-7.3,1.302,0.6804083,0.82954,12,19,7,20,32,900000
2019-12-19 07:20:37.75,9720,100605,18.6,12.42,86,40.8242,112,49.7817,1,10,0.8,-7.2,1.196,0.6804034,0.829695,12,19,7,20,37,70000
2019-12-19 07:20:42.1,9721,100606,30.2,12.42,86,40.8238,112,49.8006,1,10,0.8,-7.3,1.94,0.6803966,0.83001,12,19,7,20,41,420000
2019-12-19 07:20:46.13,9722,100607,27.24,12.41,86,40.8236,112,49.8128,1,10,0.8,-7.4,1.75,0.6803934,0.8302134,12,19,7,20,45,450000
2019-12-19 07:20:49.85,9723,100608,23.71,12.41,86,40.8234,112,49.8192,1,10,0.8,-7.4,1.524,0.68039,0.83032,12,19,7,20,49,170000
2019-12-19 07:20:53.58,9724,100609,28.83,12.41,86,40.8231,112,49.8321,1,10,0.8,-7.4,1.852,0.680385,0.830535,12,19,7,20,52,900000
2019-12-19 07:20:57.89,9725,100610,21.61,12.42,86,40.8225,112,49.8495,1,10,0.8,-7.6,1.389,0.680375,0.830825,12,19,7,20,57,210000
2019-12-19 07:21:02.12,9726,100611,20.81,12.41,86,40.8222,112,49.8633,1,10,0.8,-7.5,1.338,0.68037,0.831055,12,19,7,21,1,440000
2019-12-19 07:21:06.49,9727,100612,20.81,12.41,86,40.8216,112,49.8741,1,10,0.8,-7.5,1.338,0.68036,0.831235,12,19,7,21,5,810000
2019-12-19 07:21:13.75,9728,100613,18.08,12.4,86,40.821,112,49.891,1,10,0.8,-8,1.163,0.68035,0.8315166,12,19,7,21,13,70000
2019-12-19 07:21:18.38,9729,100614,22.69,12.41,86,40.8207,112,49.8951,1,10,0.8,-7.5,1.458,0.680345,0.831585,12,19,7,21,17,700000
2019-12-19 07:21:24.46,9730,100615,25.71,12.41,86,40.8205,112,49.9024,1,10,0.8,-7.6,1.652,0.6803417,0.8317067,12,19,7,21,23,780000
2019-12-19 07:21:29.01,9731,100616,32.3,12.4,86,40.82,112,49.9207,1,10,0.8,-7.7,2.075,0.6803333,0.8320117,12,19,7,21,28,330000
2019-12-19 07:21:33.47,9732,100617,29.86,12.4,86,40.8197,112,49.9336,1,10,0.8,-7.8,1.918,0.6803283,0.8322267,12,19,7,21,32,790000
2019-12-19 07:21:37.64,9733,100618,24.57,12.39,86,40.8193,112,49.9426,1,10,0.8,-7.8,1.579,0.6803217,0.8323766,12,19,7,21,36,960000
2019-12-19 07:21:42,9734,100619,22.8,12.39,86,40.8187,112,49.9596,1,10,0.8,-7.8,1.466,0.6803116,0.8326599,12,19,7,21,41,320000
2019-12-19 07:21:46.03,9735,100620,18.03,12.39,86,40.8183,112,49.972,1,10,0.8,-7.8,1.159,0.680305,0.8328666,12,19,7,21,45,350000
2019-12-19 07:21:50.54,9736,100621,17.34,12.4,86,40.8179,112,49.9868,1,10,0.8,-7.8,1.116,0.6802984,0.8331134,12,19,7,21,49,860000
2019-12-19 07:21:54.15,9737,100622,12,12.4,86,40.8176,112,49.9982,1,10,0.8,-7.8,0.773,0.6802934,0.8333034,12,19,7,21,53,470000
2019-12-19 07:21:58.55,9738,100623,13.48,12.41,86,40.8171,112,50.0132,1,10,0.8,-7.9,0.868,0.680285,0.8335533,12,19,7,21,57,860000
2019-12-19 07:22:02.68,9739,100624,11.88,12.42,86,40.8169,112,50.0252,1,10,0.8,-7.8,0.766,0.6802816,0.8337534,12,19,7,22,2,0
2019-12-19 07:22:06.71,9740,100625,11.2,12.42,86,40.8164,112,50.0372,1,10,0.8,-7.8,0.722,0.6802733,0.8339534,12,19,7,22,6,30000
2019-12-19 07:22:10.74,9741,100626,11.09,12.42,86,40.8159,112,50.0497,1,10,0.8,-7.8,0.715,0.680265,0.8341617,12,19,7,22,10,60000
2019-12-19 07:22:14.95,9742,100627,17.63,12.41,86,40.8156,112,50.0672,1,10,0.8,-7.7,1.134,0.68026,0.8344534,12,19,7,22,14,270000
2019-12-19 07:22:19.24,9743,100628,11.32,12.42,86,40.8152,112,50.0816,1,10,0.8,-7.8,0.729,0.6802534,0.8346933,12,19,7,22,18,560000
2019-12-19 07:22:23.08,9744,100629,10.75,12.42,86,40.8149,112,50.0947,1,10,0.8,-8,0.693,0.6802483,0.8349117,12,19,7,22,22,400000
2019-12-19 07:22:27.15,9745,100630,8.93,12.41,86,40.8144,112,50.109,1,10,0.8,-7.6,0.576,0.68024,0.83515,12,19,7,22,26,470000
2019-12-19 07:22:31.21,9746,100631,13.19,12.41,86,40.8141,112,50.1234,1,10,0.8,-7.5,0.85,0.680235,0.83539,12,19,7,22,30,530000
2019-12-19 07:22:35.19,9747,100632,16.83,12.41,86,40.8135,112,50.1375,1,10,0.8,-7.3,1.083,0.680225,0.835625,12,19,7,22,34,510000
2019-12-19 07:22:38.98,9748,100633,21.21,12.41,86,40.8129,112,50.1503,1,10,0.8,-7.3,1.364,0.680215,0.8358383,12,19,7,22,38,300000
2019-12-19 07:22:45.17,9749,100634,14.5,12.39,86,40.812,112,50.1699,1,10,0.8,-7.7,0.933,0.6802,0.836165,12,19,7,22,44,490000
2019-12-19 07:22:49.39,9750,100635,14.5,12.4,86,40.8119,112,50.1816,1,10,0.8,-6.5,0.933,0.6801984,0.83636,12,19,7,22,48,710000
2019-12-19 07:22:53.41,9751,100636,12.62,12.41,86,40.8115,112,50.1927,1,10,0.8,-6.3,0.813,0.6801917,0.836545,12,19,7,22,52,730000
2019-12-19 07:22:57.7,9752,100637,10.18,12.4,86,40.8111,112,50.1995,1,10,0.8,-5.9,0.656,0.680185,0.8366583,12,19,7,22,57,20000
2019-12-19 07:23:01.98,9753,100638,10.06,12.41,86,40.8106,112,50.2193,1,10,0.8,-5.9,0.649,0.6801766,0.8369883,12,19,7,23,1,300000
2019-12-19 07:23:05.85,9754,100639,8.02,12.39,86,40.8103,112,50.2284,1,10,0.8,-6,0.518,0.6801717,0.83714,12,19,7,23,5,170000
2019-12-19 07:23:09.65,9755,100640,10.86,12.39,86,40.8099,112,50.2411,1,10,0.8,-6.1,0.7,0.680165,0.8373517,12,19,7,23,8,970000
2019-12-19 07:23:13.92,9756,100641,8.53,12.39,86,40.8092,112,50.2592,1,10,0.8,-6.1,0.551,0.6801533,0.8376534,12,19,7,23,13,230000
2019-12-19 07:23:17.78,9757,100642,14.73,12.4,86,40.8089,112,50.269,1,10,0.8,-6.1,0.948,0.6801483,0.8378166,12,19,7,23,17,100000
2019-12-19 07:23:22.02,9758,100643,13.48,12.39,86,40.8085,112,50.2855,1,10,0.8,-6,0.868,0.6801416,0.8380917,12,19,7,23,21,340000
2019-12-19 07:23:26.09,9759,100644,14.5,12.4,86,40.808,112,50.298,1,10,0.8,-6,0.933,0.6801333,0.8383,12,19,7,23,25,410000
2019-12-19 07:23:29.78,9760,100645,16.09,12.4,86,40.8077,112,50.3078,1,10,0.8,-6,1.035,0.6801283,0.8384634,12,19,7,23,29,100000
2019-12-19 07:23:33.54,9761,100646,15.41,12.4,86,40.8074,112,50.3229,1,10,0.8,-6,0.992,0.6801234,0.838715,12,19,7,23,32,860000
2019-12-19 07:23:37.42,9762,100647,14.67,12.4,86,40.8071,112,50.3379,1,10,0.8,-6,0.944,0.6801183,0.838965,12,19,7,23,36,740000
2019-12-19 07:23:41.48,9763,100648,19.62,12.39,86,40.8068,112,50.3499,1,10,0.8,-6,1.262,0.6801134,0.839165,12,19,7,23,40,800000
2019-12-19 07:23:45.24,9764,100649,30.31,12.4,86,40.8065,112,50.3597,1,10,0.8,-5.9,1.947,0.6801083,0.8393283,12,19,7,23,44,560000
2019-12-19 07:23:49.15,9765,100650,27.41,12.4,86,40.806,112,50.3705,1,10,0.8,-5.9,1.761,0.6801,0.8395083,12,19,7,23,48,470000
2019-12-19 07:23:56.88,9766,100651,18.03,12.37,86,40.8052,112,50.387,1,10,0.8,-7,1.159,0.6800866,0.8397834,12,19,7,23,56,200000
2019-12-19 07:24:01.22,9767,100652,16.61,12.39,86,40.8051,112,50.3966,1,10,0.8,-6.3,1.068,0.680085,0.8399433,12,19,7,24,0,540000
2019-12-19 07:24:05.53,9768,100653,12,12.39,86,40.8048,112,50.4088,1,10,0.8,-6.3,0.773,0.68008,0.8401466,12,19,7,24,4,850000
2019-12-19 07:24:09.56,9769,100654,17,12.37,86,40.8044,112,50.4195,1,10,0.8,-6.4,1.094,0.6800734,0.840325,12,19,7,24,8,880000
2019-12-19 07:24:13.52,9770,100655,13.36,12.37,86,40.8041,112,50.4327,1,10,0.8,-6.4,0.86,0.6800683,0.840545,12,19,7,24,12,840000
2019-12-19 07:24:17.45,9771,100656,10.92,12.38,86,40.8036,112,50.4443,1,10,0.8,-6.4,0.704,0.68006,0.8407383,12,19,7,24,16,770000
2019-12-19 07:24:21.38,9772,100657,13.02,12.38,86,40.8031,112,50.4585,1,10,0.8,-6.5,0.839,0.6800517,0.840975,12,19,7,24,20,700000
2019-12-19 07:24:25.77,9773,100658,14.22,12.39,86,40.8027,112,50.4698,1,10,0.8,-6.6,0.915,0.680045,0.8411634,12,19,7,24,25,90000
2019-12-19 07:24:29.84,9774,100659,17.69,12.38,86,40.8022,112,50.4831,1,10,0.8,-6.6,1.138,0.6800366,0.841385,12,19,7,24,29,160000
2019-12-19 07:24:33.65,9775,100660,18.82,12.39,86,40.8018,112,50.4947,1,10,0.8,-6.6,1.21,0.68003,0.8415784,12,19,7,24,32,970000
2019-12-19 07:24:37.84,9776,100661,12.23,12.4,86,40.8013,112,50.5076,1,10,0.8,-6.6,0.788,0.6800217,0.8417933,12,19,7,24,37,160000
2019-12-19 07:24:41.95,9777,100662,11.77,12.38,86,40.8007,112,50.523,1,10,0.8,-6.9,0.758,0.6800117,0.8420499,12,19,7,24,41,270000
2019-12-19 07:24:45.9,9778,100663,10.63,12.4,86,40.8003,112,50.5348,1,10,0.8,-7,0.685,0.680005,0.8422467,12,19,7,24,45,210000
2019-12-19 07:24:53.02,9779,100664,8.36,12.39,86,40.8001,112,50.547,1,10,0.8,-6.8,0.54,0.6800016,0.84245,12,19,7,24,52,340000
2019-12-19 07:24:56.98,9780,100665,15.18,12.38,86,40.7996,112,50.5583,1,10,0.8,-6.8,0.977,0.6799934,0.8426383,12,19,7,24,56,300000
2019-12-19 07:25:04.31,9781,100666,14.56,12.39,86,40.7989,112,50.5767,1,10,0.8,-7.5,0.937,0.6799817,0.842945,12,19,7,25,3,630000
2019-12-19 07:25:10.45,9782,100667,23.15,12.38,86,40.7983,112,50.5848,1,10,0.8,-7,1.488,0.6799717,0.84308,12,19,7,25,9,770000
2019-12-19 07:25:14.84,9783,100668,35.66,12.38,86,40.798,112,50.589,1,10,0.8,-7,2.29,0.6799667,0.84315,12,19,7,25,14,160000
2019-12-19 07:25:19.16,9784,100669,33.1,12.37,86,40.797,112,50.6021,1,10,0.8,-6.9,2.126,0.67995,0.8433683,12,19,7,25,18,480000
2019-12-19 11:37:02.22,9785,100670,-0.06,12.85,86,40.5545,112,52.6936,1,11,0.7,-6.4,0,0.6759083,0.8782266,12,19,11,37,1,540000
