"TOA5","43467","CR800","43467","CR800.Std.32.02","CPU:AWI_V2.1_Katrin.CR8","5929","OperatorView"
"TIMESTAMP","RECORD","Counter","DepthCm","BattVolts","latitude_a","latitude_b","Longitude_a","Longitude_b","fix_quality","nmbr_satellites","HDOP","altitudeB","DepthVolts","LatitudeDDDDD","LongitudeDDDDD","month","dayofmonth","hourofday","minutes","seconds","microseconds"
"TS","RN","","","","degrees","minutes","degrees","minutes","unitless","","","","","","","","","","","",""
"","","Smp","Smp","Smp","Smp","Smp","Smp","Smp","Smp","Smp","Smp","Smp","Smp","Smp","Smp","Smp","Smp","Smp","Smp","Smp","Smp"
"2020-01-23 06:02:42.86",11283,100001,14.66,12.59,87,25.9906,94,6.9185,1,11,0.7,-9.8,0.944,0.4331767,0.1153083,1,23,6,2,42,180000
"2020-01-23 06:08:33.96",11284,100002,16.65,12.52,87,25.9817,94,6.7598,1,11,0.7,-9.6,1.071,0.4330284,0.1126633,1,23,6,8,33,280000
"2020-01-23 06:08:38.37",11285,100003,22.79,12.53,87,25.9818,94,6.7877,1,11,0.7,-9.6,1.465,0.43303,0.1131283,1,23,6,8,37,690000
"2020-01-23 06:08:42.72",11286,100004,10.97,12.53,87,25.9823,94,6.8147,1,11,0.7,-9.8,0.707,0.4330383,0.1135783,1,23,6,8,42,40000
"2020-01-23 06:08:46.94",11287,100005,8.64,12.52,87,25.9828,94,6.8406,1,11,0.7,-9.9,0.558,0.4330467,0.11401,1,23,6,8,46,260000
"2020-01-23 06:08:50.77",11288,100006,11.99,12.51,87,25.9835,94,6.867,1,11,0.7,-10,0.773,0.4330583,0.11445,1,23,6,8,50,90000
"2020-01-23 06:08:54.53",11289,100007,14.04,12.52,87,25.9842,94,6.9028,1,11,0.7,-10,0.904,0.43307,0.1150467,1,23,6,8,53,850000
"2020-01-23 06:08:58.47",11290,100008,10.85,12.52,87,25.9852,94,6.9296,1,11,0.7,-10,0.7,0.4330867,0.1154933,1,23,6,8,57,790000
"2020-01-23 06:09:02.32",11291,100009,10.17,12.52,87,25.9856,94,6.9615,1,11,0.7,-10.2,0.656,0.4330933,0.116025,1,23,6,9,1,640000
"2020-01-23 06:09:06.54",11292,100010,7.956,12.51,87,25.9864,94,6.9844,1,11,0.7,-10.3,0.514,0.4331067,0.1164067,1,23,6,9,5,860000
"2020-01-23 06:09:10.94",11293,100011,7.671,12.51,87,25.9869,94,7.0034,1,11,0.7,-10.3,0.496,0.433115,0.1167233,1,23,6,9,10,260000
"2020-01-23 06:09:16.3",11294,100012,9.15,12.51,87,25.9873,94,7.0237,1,11,0.7,-10.3,0.59,0.4331217,0.1170617,1,23,6,9,15,620000
"2020-01-23 06:09:20.47",11295,100013,10.85,12.51,87,25.9881,94,7.0493,1,11,0.7,-10.3,0.7,0.433135,0.1174883,1,23,6,9,19,790000
"2020-01-23 06:09:24.33",11296,100014,11.42,12.51,87,25.989,94,7.0751,1,11,0.7,-10.3,0.736,0.43315,0.1179183,1,23,6,9,23,650000
"2020-01-23 06:09:28.87",11297,100015,10.97,12.51,87,25.9896,94,7.099,1,11,0.7,-10.3,0.707,0.43316,0.1183167,1,23,6,9,28,190000
"2020-01-23 06:09:33.3",11298,100016,11.76,12.51,87,25.9904,94,7.1313,1,11,0.7,-10.3,0.758,0.4331733,0.118855,1,23,6,9,32,620000
"2020-01-23 06:09:37.56",11299,100017,9.26,12.51,87,25.9909,94,7.1561,1,11,0.7,-10.4,0.598,0.4331817,0.1192683,1,23,6,9,36,880000
"2020-01-23 06:09:42.18",11300,100018,9.95,12.51,87,25.9914,94,7.1786,1,11,0.7,-10.7,0.641,0.43319,0.1196433,1,23,6,9,41,500000
"2020-01-23 06:09:46.9",11301,100019,15,12.51,87,25.9919,94,7.2147,1,11,0.7,-10.7,0.966,0.4331983,0.120245,1,23,6,9,46,220000
"2020-01-23 06:09:51.67",11302,100020,17.56,12.51,87,25.9919,94,7.2493,1,11,0.7,-10.7,1.13,0.4331983,0.1208217,1,23,6,9,50,990000
"2020-01-23 06:09:56.59",11303,100021,14.83,12.51,87,25.9918,94,7.2882,1,11,0.7,-10.8,0.955,0.4331967,0.12147,1,23,6,9,55,910000
"2020-01-23 06:10:01.36",11304,100022,18.36,12.51,87,25.9917,94,7.3213,1,11,0.7,-10.8,1.181,0.433195,0.1220217,1,23,6,10,0,680000
"2020-01-23 06:10:06.19",11305,100023,7.444,12.51,87,25.9919,94,7.3473,1,11,0.7,-10.9,0.481,0.4331983,0.122455,1,23,6,10,5,510000
"2020-01-23 06:10:10.34",11306,100024,10.97,12.51,87,25.992,94,7.3837,1,11,0.7,-10.9,0.707,0.4332,0.1230617,1,23,6,10,9,660000
"2020-01-23 06:10:14.22",11307,100025,9.83,12.5,87,25.9922,94,7.4079,1,11,0.7,-10.9,0.634,0.4332033,0.123465,1,23,6,10,13,540000
"2020-01-23 06:10:19.12",11308,100026,10.06,12.5,87,25.9927,94,7.4545,1,11,0.7,-11.1,0.649,0.4332117,0.1242417,1,23,6,10,18,440000
"2020-01-23 06:10:24.43",11309,100027,12.45,12.5,87,25.9929,94,7.4947,1,11,0.7,-11,0.802,0.433215,0.1249117,1,23,6,10,23,750000
"2020-01-23 06:10:28.41",11310,100028,15.18,12.5,87,25.9932,94,7.5211,1,11,0.7,-11.4,0.977,0.43322,0.1253517,1,23,6,10,27,730000
"2020-01-23 06:10:32.71",11311,100029,11.08,12.5,87,25.9933,94,7.5527,1,11,0.7,-11.5,0.714,0.4332217,0.1258783,1,23,6,10,32,30000
"2020-01-23 06:10:37.46",11312,100030,5.113,12.5,87,25.9934,94,7.5958,1,11,0.7,-11.5,0.332,0.4332233,0.1265967,1,23,6,10,36,780000
"2020-01-23 06:10:41.61",11313,100031,5.852,12.5,87,25.9934,94,7.6245,1,11,0.7,-11.5,0.379,0.4332233,0.127075,1,23,6,10,40,930000
"2020-01-23 06:10:45.87",11314,100032,4.374,12.5,87,25.9935,94,7.6605,1,11,0.7,-11.5,0.284,0.433225,0.127675,1,23,6,10,45,190000
"2020-01-23 06:10:50.2",11315,100033,7.103,12.5,87,25.9937,94,7.6932,1,11,0.7,-11.6,0.459,0.4332284,0.12822,1,23,6,10,49,520000
"2020-01-23 06:10:55.83",11316,100034,11.76,12.5,87,25.9942,94,7.7451,1,11,0.7,-11.5,0.758,0.4332366,0.129085,1,23,6,10,55,150000
"2020-01-23 06:11:00.01",11317,100035,27.57,12.49,87,25.9945,94,7.7689,1,11,0.7,-11.5,1.771,0.4332417,0.1294817,1,23,6,10,59,330000
"2020-01-23 06:11:06.67",11318,100036,9.04,12.49,87,25.9957,94,7.8105,1,11,0.7,-11.6,0.583,0.4332617,0.130175,1,23,6,11,5,990000
"2020-01-23 06:11:11.67",11319,100037,10.85,12.49,87,25.9961,94,7.8382,1,11,0.7,-11.5,0.7,0.4332683,0.1306367,1,23,6,11,10,990000
"2020-01-23 06:11:16.45",11320,100038,38.37,12.49,87,25.9968,94,7.8667,1,11,0.7,-11.4,2.463,0.43328,0.1311117,1,23,6,11,15,770000
"2020-01-23 06:11:21.33",11321,100039,35.87,12.49,87,25.997,94,7.8897,1,11,0.7,-11.3,2.303,0.4332833,0.131495,1,23,6,11,20,650000
"2020-01-23 06:11:26.68",11322,100040,40.08,12.49,87,25.9973,94,7.9146,1,11,0.7,-11.4,2.573,0.4332883,0.13191,1,23,6,11,25,990000
"2020-01-23 06:11:32.4",11323,100041,15.52,12.49,87,25.9974,94,7.9385,1,11,0.7,-11.5,0.998,0.43329,0.1323083,1,23,6,11,31,710000
"2020-01-23 06:11:36.76",11324,100042,19.95,12.49,87,25.9973,94,7.9627,1,11,0.7,-11.5,1.283,0.4332883,0.1327117,1,23,6,11,36,80000
"2020-01-23 06:11:41.86",11325,100043,43.71,12.49,87,25.9967,94,8.003199,1,11,0.7,-11.7,2.806,0.4332784,0.1333867,1,23,6,11,41,180000
"2020-01-23 06:11:47.45",11326,100044,30.64,12.48,87,25.9957,94,8.0323,1,11,0.7,-11.6,1.968,0.4332617,0.1338717,1,23,6,11,46,770000
"2020-01-23 06:11:52.27",11327,100045,21.09,12.48,87,25.9955,94,8.040399,1,11,0.7,-11.7,1.356,0.4332584,0.1340067,1,23,6,11,51,580000
"2020-01-23 06:11:56.35",11328,100046,17.45,12.48,87,25.9944,94,8.0722,1,11,0.7,-11.7,1.122,0.43324,0.1345367,1,23,6,11,55,660000
"2020-01-23 06:12:00.66",11329,100047,21.43,12.48,87,25.9935,94,8.0933,1,11,0.7,-11.7,1.377,0.433225,0.1348883,1,23,6,11,59,970000
"2020-01-23 06:12:05.89",11330,100048,29.73,12.48,87,25.9922,94,8.1186,1,11,0.7,-11.7,1.91,0.4332033,0.13531,1,23,6,12,5,210000
"2020-01-23 06:12:10.69",11331,100049,20.75,12.48,87,25.991,94,8.1309,1,11,0.7,-11.7,1.334,0.4331833,0.135515,1,23,6,12,10,10000
"2020-01-23 06:12:15.19",11332,100050,18.25,12.48,87,25.9899,94,8.148501,1,11,0.7,-11.7,1.173,0.433165,0.1358083,1,23,6,12,14,510000
"2020-01-23 06:12:19.25",11333,100051,12.33,12.48,87,25.9888,94,8.1595,1,11,0.7,-11.7,0.794,0.4331466,0.1359917,1,23,6,12,18,570000
"2020-01-23 06:12:23.96",11334,100052,6.023,12.48,87,25.9868,94,8.1746,1,11,0.7,-11.7,0.39,0.4331133,0.1362433,1,23,6,12,23,280000
"2020-01-23 06:12:27.97",11335,100053,20.46,12.48,87,25.9853,94,8.185701,1,11,0.7,-11.7,1.316,0.4330883,0.1364283,1,23,6,12,27,290000
"2020-01-23 06:12:32.85",11336,100054,19.04,12.48,87,25.9836,94,8.1955,1,11,0.7,-11.6,1.224,0.43306,0.1365917,1,23,6,12,32,170000
"2020-01-23 06:12:40.21",11337,100055,22.79,12.48,87,25.9808,94,8.213101,1,11,0.7,-11.6,1.465,0.4330134,0.136885,1,23,6,12,39,530000
"2020-01-23 06:12:45.98",11338,100056,39.22,12.48,87,25.9787,94,8.2295,1,11,0.7,-11.6,2.518,0.4329783,0.1371583,1,23,6,12,45,300000
"2020-01-23 06:12:51.68",11339,100057,16.99,12.48,87,25.9769,94,8.2453,1,11,0.7,-11.6,1.093,0.4329483,0.1374217,1,23,6,12,51,0
"2020-01-23 06:12:56.1",11340,100058,14.15,12.47,87,25.9757,94,8.2578,1,11,0.7,-11.7,0.911,0.4329284,0.13763,1,23,6,12,55,410000
"2020-01-23 06:13:00.43",11341,100059,9.66,12.47,87,25.9739,94,8.2775,1,11,0.7,-11.7,0.623,0.4328984,0.1379583,1,23,6,12,59,750000
"2020-01-23 06:13:05.13",11342,100060,15.06,12.47,87,25.9725,94,8.293,1,11,0.7,-11.9,0.969,0.432875,0.1382167,1,23,6,13,4,450000
"2020-01-23 06:13:10.85",11343,100061,22.11,12.47,87,25.9705,94,8.3186,1,11,0.7,-11.9,1.421,0.4328417,0.1386433,1,23,6,13,10,170000
"2020-01-23 06:13:16.17",11344,100062,21.43,12.47,87,25.969,94,8.3333,1,11,0.7,-11.9,1.378,0.4328166,0.1388883,1,23,6,13,15,490000
"2020-01-23 06:13:22.51",11345,100063,21.32,12.47,87,25.967,94,8.3545,1,11,0.7,-11.9,1.37,0.4327833,0.1392417,1,23,6,13,21,830000
"2020-01-23 06:13:27.02",11346,100064,20.46,12.47,87,25.9658,94,8.3692,1,11,0.7,-12,1.316,0.4327633,0.1394867,1,23,6,13,26,340000
"2020-01-23 06:13:32.3",11347,100065,3.92,12.47,87,25.9641,94,8.395701,1,11,0.7,-11.7,0.255,0.432735,0.1399283,1,23,6,13,31,620000
"2020-01-23 06:13:36.58",11348,100066,11.59,12.47,87,25.963,94,8.4145,1,11,0.7,-11.7,0.747,0.4327167,0.1402417,1,23,6,13,35,900000
"2020-01-23 06:13:42.36",11349,100067,17.68,12.47,87,25.9615,94,8.440699,1,11,0.7,-11.4,1.137,0.4326917,0.1406783,1,23,6,13,41,680000
"2020-01-23 06:13:46.68",11350,100068,10.74,12.47,87,25.9605,94,8.4521,1,11,0.7,-11.4,0.692,0.432675,0.1408683,1,23,6,13,46,0
"2020-01-23 06:13:51.48",11351,100069,11.88,12.47,87,25.9586,94,8.477199,1,11,0.7,-11.3,0.765,0.4326433,0.1412867,1,23,6,13,50,800000
"2020-01-23 06:13:55.84",11352,100070,29.84,12.46,87,25.9572,94,8.486,1,11,0.7,-11.3,1.917,0.43262,0.1414333,1,23,6,13,55,150000
"2020-01-23 06:14:05.9",11353,100071,18.3,12.46,87,25.9544,94,8.4951,1,11,0.7,-11.1,1.177,0.4325733,0.141585,1,23,6,14,5,220000
"2020-01-23 06:14:13.05",11354,100072,20.58,12.46,87,25.953,94,8.498299,1,11,0.7,-11.1,1.323,0.43255,0.1416383,1,23,6,14,12,370000
"2020-01-23 06:14:17.8",11355,100073,18.02,12.46,87,25.9509,94,8.5105,1,11,0.7,-10.9,1.159,0.432515,0.1418417,1,23,6,14,17,120000
"2020-01-23 06:14:22.47",11356,100074,14.61,12.46,87,25.9488,94,8.5279,1,11,0.7,-10.8,0.94,0.43248,0.1421317,1,23,6,14,21,790000
"2020-01-23 06:14:28.73",11357,100075,34.39,12.46,87,25.9463,94,8.5458,1,11,0.7,-10.7,2.208,0.4324384,0.14243,1,23,6,14,28,50000
"2020-01-23 06:14:34.22",11358,100076,18.59,12.46,87,25.945,94,8.564299,1,11,0.7,-10.7,1.195,0.4324166,0.1427383,1,23,6,14,33,540000
"2020-01-23 06:14:40.17",11359,100077,13.98,12.46,87,25.9431,94,8.5912,1,11,0.7,-10.8,0.9,0.432385,0.1431867,1,23,6,14,39,490000
"2020-01-23 06:14:45.5",11360,100078,19.04,12.46,87,25.9417,94,8.616901,1,11,0.7,-10.7,1.225,0.4323617,0.143615,1,23,6,14,44,820000
"2020-01-23 06:14:50.02",11361,100079,15.4,12.46,87,25.9402,94,8.6383,1,11,0.7,-10.9,0.991,0.4323367,0.1439717,1,23,6,14,49,340000
"2020-01-23 06:14:54.88",11362,100080,23.48,12.46,87,25.9387,94,8.6599,1,11,0.7,-10.7,1.509,0.4323116,0.1443317,1,23,6,14,54,200000
"2020-01-23 06:14:59.37",11363,100081,7.274,12.45,87,25.9375,94,8.6796,1,11,0.7,-10.9,0.47,0.4322916,0.14466,1,23,6,14,58,690000
"2020-01-23 06:15:03.86",11364,100082,14.67,12.46,87,25.936,94,8.7058,1,11,0.7,-10.9,0.944,0.4322667,0.1450967,1,23,6,15,3,180000
"2020-01-23 06:15:08.6",11365,100083,14.38,12.46,87,25.9343,94,8.7337,1,11,0.7,-10.8,0.926,0.4322383,0.1455617,1,23,6,15,7,910000
"2020-01-23 06:15:12.93",11366,100084,10.97,12.45,87,25.9328,94,8.7586,1,11,0.7,-10.8,0.707,0.4322133,0.1459767,1,23,6,15,12,250000
"2020-01-23 06:15:17.31",11367,100085,12.56,12.45,87,25.931,94,8.7871,1,11,0.7,-10.9,0.809,0.4321833,0.1464517,1,23,6,15,16,630000
"2020-01-23 06:15:21.78",11368,100086,14.72,12.45,87,25.9297,94,8.8137,1,11,0.7,-10.7,0.948,0.4321617,0.146895,1,23,6,15,21,100000
"2020-01-23 06:15:25.89",11369,100087,9.44,12.45,87,25.9283,94,8.8382,1,11,0.7,-10.9,0.609,0.4321384,0.1473033,1,23,6,15,25,210000
"2020-01-23 06:15:30.65",11370,100088,18.59,12.45,87,25.9266,94,8.870401,1,11,0.7,-10.8,1.195,0.43211,0.14784,1,23,6,15,29,970000
"2020-01-23 06:15:35.2",11371,100089,17.96,12.45,87,25.9258,94,8.894301,1,11,0.7,-10.6,1.155,0.4320967,0.1482384,1,23,6,15,34,520000
"2020-01-23 06:15:43.08",11372,100090,8.81,12.45,87,25.9227,94,8.9501,1,11,0.7,-10.6,0.569,0.432045,0.1491683,1,23,6,15,42,400000
"2020-01-23 06:15:47.64",11373,100091,12.9,12.45,87,25.9206,94,8.9604,1,11,0.7,-10.7,0.831,0.43201,0.14934,1,23,6,15,46,960000
"2020-01-23 06:15:53.17",11374,100092,27.57,12.45,87,25.9188,94,8.9746,1,11,0.7,-10.6,1.771,0.43198,0.1495767,1,23,6,15,52,490000
"2020-01-23 06:15:58.08",11375,100093,36.44,12.45,87,25.9168,94,8.9869,1,11,0.7,-10.7,2.34,0.4319467,0.1497817,1,23,6,15,57,400000
"2020-01-23 06:16:04.94",11376,100094,29.34,12.44,87,25.9144,94,9.0028,1,11,0.7,-10.6,1.884,0.4319067,0.1500467,1,23,6,16,4,260000
"2020-01-23 06:16:10.58",11377,100095,25.53,12.45,87,25.9125,94,9.0139,1,11,0.7,-10.6,1.64,0.431875,0.1502317,1,23,6,16,9,900000
"2020-01-23 06:16:17.63",11378,100096,15.63,12.45,87,25.9097,94,9.024201,1,11,0.7,-10.6,1.006,0.4318284,0.1504033,1,23,6,16,16,950000
"2020-01-23 06:16:25.64",11379,100097,11.2,12.44,87,25.9074,94,9.026301,1,11,0.7,-10.7,0.722,0.43179,0.1504383,1,23,6,16,24,960000
"2020-01-23 06:16:30.27",11380,100098,17.23,12.44,87,25.9062,94,9.027701,1,11,0.7,-10.5,1.108,0.43177,0.1504617,1,23,6,16,29,590000
"2020-01-23 06:16:35.29",11381,100099,15.52,12.44,87,25.9048,94,9.034099,1,11,0.7,-10.5,0.999,0.4317467,0.1505683,1,23,6,16,34,600000
"2020-01-23 06:16:39.86",11382,100100,22.06,12.44,87,25.9034,94,9.0529,1,11,0.7,-10.3,1.418,0.4317233,0.1508817,1,23,6,16,39,180000
"2020-01-23 06:16:44.75",11383,100101,10.97,12.44,87,25.9014,94,9.0756,1,11,0.7,-10.1,0.707,0.43169,0.15126,1,23,6,16,44,70000
"2020-01-23 06:16:49.08",11384,100102,16.77,12.44,87,25.9001,94,9.0903,1,11,0.7,-10.1,1.079,0.4316684,0.151505,1,23,6,16,48,400000
"2020-01-23 06:16:54.02",11385,100103,20.69,12.44,87,25.8983,94,9.1133,1,11,0.7,-10.2,1.33,0.4316383,0.1518883,1,23,6,16,53,340000
"2020-01-23 06:16:59.71",11386,100104,13.81,12.44,87,25.8969,94,9.1288,1,11,0.7,-10.1,0.889,0.431615,0.1521467,1,23,6,16,59,30000
"2020-01-23 06:17:04.98",11387,100105,8.7,12.44,87,25.8958,94,9.1536,1,11,0.7,-9.9,0.561,0.4315967,0.15256,1,23,6,17,4,300000
"2020-01-23 06:17:09.12",11388,100106,7.787,12.44,87,25.895,94,9.1718,1,11,0.7,-9.6,0.503,0.4315834,0.1528633,1,23,6,17,8,440000
"2020-01-23 06:17:13.58",11389,100107,9.61,12.43,87,25.8936,94,9.195599,1,11,0.7,-9.6,0.62,0.43156,0.15326,1,23,6,17,12,900000
"2020-01-23 06:17:17.71",11390,100108,10.46,12.44,87,25.8922,94,9.2156,1,11,0.7,-9.8,0.674,0.4315367,0.1535933,1,23,6,17,17,30000
"2020-01-23 06:17:21.57",11391,100109,9.21,12.44,87,25.8906,94,9.237701,1,11,0.7,-10.2,0.594,0.43151,0.1539617,1,23,6,17,20,880000
"2020-01-23 06:17:25.62",11392,100110,8.81,12.43,87,25.8893,94,9.2591,1,11,0.7,-10.1,0.569,0.4314883,0.1543183,1,23,6,17,24,940000
"2020-01-23 06:17:29.5",11393,100111,6.878,12.43,87,25.8883,94,9.2889,1,11,0.7,-9.9,0.445,0.4314717,0.154815,1,23,6,17,28,810000
"2020-01-23 06:17:34.37",11394,100112,7.162,12.43,87,25.8865,94,9.314999,1,11,0.7,-10.1,0.463,0.4314417,0.15525,1,23,6,17,33,690000
"2020-01-23 06:17:38.36",11395,100113,6.707,12.43,87,25.8855,94,9.3287,1,11,0.7,-10.2,0.434,0.431425,0.1554783,1,23,6,17,37,680000
"2020-01-23 06:17:42.39",11396,100114,6.764,12.43,87,25.8843,94,9.3525,1,11,0.7,-10.1,0.437,0.431405,0.155875,1,23,6,17,41,700000
"2020-01-23 06:19:48.48",11397,100115,12.28,12.41,87,25.8791,94,9.3167,1,11,0.7,-10.1,0.791,0.4313184,0.1552783,1,23,6,19,47,800000
"2020-01-23 06:19:52.31",11398,100116,15.86,12.41,87,25.8779,94,9.335,1,11,0.7,-10.1,1.021,0.4312983,0.1555833,1,23,6,19,51,620000
"2020-01-23 06:19:56.01",11399,100117,11.31,12.41,87,25.8769,94,9.3499,1,11,0.7,-10.1,0.729,0.4312816,0.1558317,1,23,6,19,55,320000
"2020-01-23 06:20:00.24",11400,100118,14.95,12.41,87,25.8758,94,9.3639,1,11,0.7,-10.1,0.962,0.4312633,0.156065,1,23,6,19,59,550000
"2020-01-23 06:23:26.25",11401,100119,30.19,12.38,87,25.87,94,9.272101,1,11,0.7,-9.9,1.939,0.4311667,0.154535,1,23,6,23,25,570000
"2020-01-23 06:23:31.84",11402,100120,26.38,12.39,87,25.8678,94,9.294,1,11,0.7,-9.6,1.695,0.43113,0.1549,1,23,6,23,31,160000
"2020-01-23 06:23:36.85",11403,100121,33.04,12.38,87,25.8664,94,9.307901,1,11,0.7,-9.4,2.122,0.4311066,0.1551317,1,23,6,23,36,160000
"2020-01-23 06:23:42.86",11404,100122,57.49,12.38,87,25.8652,94,9.3209,1,11,0.7,-9.3,3.689,0.4310866,0.1553483,1,23,6,23,42,180000
"2020-01-23 06:23:50.57",11405,100123,52.6,12.38,87,25.864,94,9.3378,1,11,0.7,-9.3,3.376,0.4310667,0.15563,1,23,6,23,49,890000
"2020-01-23 06:23:56.03",11406,100124,18.25,12.38,87,25.8631,94,9.3526,1,11,0.7,-9.3,1.174,0.4310517,0.1558767,1,23,6,23,55,350000
"2020-01-23 06:24:01.22",11407,100125,18.88,12.38,87,25.8617,94,9.3827,1,11,0.7,-9.3,1.214,0.4310283,0.1563783,1,23,6,24,0,540000
"2020-01-23 06:24:09.79",11408,100126,18.82,12.38,87,25.8603,94,9.428001,1,11,0.7,-9.2,1.21,0.431005,0.1571333,1,23,6,24,9,100000
"2020-01-23 06:24:14.37",11409,100127,23.82,12.38,87,25.8591,94,9.439999,1,11,0.7,-9.2,1.531,0.430985,0.1573333,1,23,6,24,13,690000
"2020-01-23 06:24:20.76",11410,100128,24.96,12.38,87,25.8574,94,9.4641,1,11,0.7,-9,1.604,0.4309567,0.157735,1,23,6,24,20,80000
"2020-01-23 06:24:27.41",11411,100129,15.75,12.38,87,25.8557,94,9.4843,1,11,0.7,-8.9,1.013,0.4309283,0.1580717,1,23,6,24,26,730000
"2020-01-23 06:24:31.56",11412,100130,24.85,12.38,87,25.8548,94,9.4965,1,11,0.7,-8.9,1.597,0.4309133,0.158275,1,23,6,24,30,880000
"2020-01-23 06:24:36.12",11413,100131,25.99,12.38,87,25.8534,94,9.5227,1,11,0.7,-8.9,1.67,0.43089,0.1587117,1,23,6,24,35,430000
"2020-01-23 06:24:41.23",11414,100132,59.2,12.38,87,25.8521,94,9.546699,1,11,0.7,-8.8,3.799,0.4308683,0.1591117,1,23,6,24,40,540000
"2020-01-23 06:25:34.45",11415,100133,34.97,12.37,87,25.8496,94,9.5448,1,10,0.8,-9.4,2.246,0.4308267,0.15908,1,23,6,25,33,770000
"2020-01-23 06:26:33.88",11416,100134,48.91,12.36,87,25.8475,94,9.5268,1,11,0.7,-8.8,3.139,0.4307917,0.15878,1,23,6,26,33,200000
"2020-01-23 06:26:40.56",11417,100135,16.43,12.36,87,25.8457,94,9.547,1,11,0.7,-8.7,1.057,0.4307617,0.1591167,1,23,6,26,39,880000
"2020-01-23 06:26:48.31",11418,100136,18.37,12.37,87,25.8441,94,9.567799,1,11,0.7,-8.7,1.181,0.430735,0.1594633,1,23,6,26,47,630000
"2020-01-23 06:26:59.57",11419,100137,57.78,12.36,87,25.8424,94,9.5827,1,11,0.7,-8.6,3.708,0.4307066,0.1597117,1,23,6,26,58,890000
"2020-01-23 06:27:13.03",11420,100138,25.31,12.35,87,25.8406,94,9.5933,1,11,0.7,-8.6,1.626,0.4306766,0.1598883,1,23,6,27,12,350000
"2020-01-23 06:27:23.52",11421,100139,28.49,12.35,87,25.8384,94,9.623901,1,11,0.7,-8.5,1.83,0.43064,0.1603983,1,23,6,27,22,840000
"2020-01-23 06:27:33.53",11422,100140,23.26,12.35,87,25.8362,94,9.6379,1,11,0.7,-8.6,1.495,0.4306034,0.1606317,1,23,6,27,32,850000
"2020-01-23 06:27:40.03",11423,100141,14.27,12.35,87,25.8347,94,9.6501,1,11,0.7,-8.5,0.919,0.4305783,0.160835,1,23,6,27,39,350000
"2020-01-23 06:27:48.14",11424,100142,24.11,12.35,87,25.832,94,9.6767,1,11,0.7,-8.4,1.55,0.4305334,0.1612783,1,23,6,27,47,460000
"2020-01-23 06:27:55.1",11425,100143,18.42,12.35,87,25.8307,94,9.7128,1,11,0.7,-8.6,1.185,0.4305116,0.16188,1,23,6,27,54,420000
"2020-01-23 06:28:01.71",11426,100144,20.98,12.34,87,25.8296,94,9.753199,1,11,0.7,-8.5,1.349,0.4304933,0.1625533,1,23,6,28,1,30000
"2020-01-23 06:28:10.43",11427,100145,44.42,12.34,87,25.8287,94,9.7923,1,11,0.7,-8.3,2.851,0.4304783,0.163205,1,23,6,28,9,750000
"2020-01-23 06:28:21.37",11428,100146,17,12.34,87,25.8278,94,9.8177,1,11,0.7,-8.3,1.094,0.4304634,0.1636283,1,23,6,28,20,690000
"2020-01-23 06:29:00.45",11429,100147,28.15,12.34,87,25.8272,94,9.8147,1,11,0.7,-8.3,1.808,0.4304533,0.1635783,1,23,6,28,59,770000
"2020-01-23 06:29:05.39",11430,100148,28.21,12.34,87,25.8272,94,9.8323,1,11,0.7,-8.2,1.812,0.4304533,0.1638717,1,23,6,29,4,710000
"2020-01-23 06:29:11.86",11431,100149,11.14,12.34,87,25.8272,94,9.8385,1,11,0.7,-8.1,0.718,0.4304533,0.163975,1,23,6,29,11,180000
"2020-01-23 06:29:44.34",11432,100150,42.54,12.33,87,25.8262,94,9.8397,1,11,0.7,-8,2.731,0.4304367,0.163995,1,23,6,29,43,660000
"2020-01-23 06:30:14.37",11433,100151,66.72,12.33,87,25.8255,94,9.8558,1,11,0.7,-7.7,4.281,0.430425,0.1642633,1,23,6,30,13,690000
"2020-01-23 06:30:28.92",11434,100152,35.32,12.33,87,25.8247,94,9.879599,1,11,0.7,-7.4,2.268,0.4304117,0.16466,1,23,6,30,28,240000
"2020-01-23 06:30:37.73",11435,100153,44.42,12.33,87,25.8231,94,9.9141,1,11,0.7,-7.5,2.851,0.430385,0.165235,1,23,6,30,37,50000
"2020-01-23 06:30:44.5",11436,100154,30.31,12.33,87,25.8214,94,9.936401,1,11,0.7,-7.6,1.947,0.4303566,0.1656067,1,23,6,30,43,820000
"2020-01-23 06:30:50.89",11437,100155,38.9,12.33,87,25.82,94,9.95,1,11,0.7,-7.7,2.498,0.4303333,0.1658333,1,23,6,30,50,210000
"2020-01-23 06:30:57.34",11438,100156,27.47,12.33,87,25.8186,94,9.9647,1,11,0.7,-7.7,1.765,0.43031,0.1660783,1,23,6,30,56,660000
"2020-01-23 06:31:22.9",11439,100157,23.83,12.33,87,25.8178,94,9.9625,1,11,0.7,-7.9,1.531,0.4302967,0.1660417,1,23,6,31,22,220000
"2020-01-23 06:31:27.7",11440,100158,21.55,12.33,87,25.8171,94,9.982,1,11,0.7,-8,1.386,0.430285,0.1663667,1,23,6,31,27,20000
"2020-01-23 06:31:37.62",11441,100159,37.77,12.32,87,25.8157,94,9.9959,1,11,0.7,-7.9,2.425,0.4302617,0.1665983,1,23,6,31,36,940000
"2020-01-23 06:31:44.74",11442,100160,45.56,12.32,87,25.8146,94,10.0094,1,11,0.7,-7.8,2.924,0.4302434,0.1668233,1,23,6,31,44,60000
"2020-01-23 06:31:55.27",11443,100161,25.76,12.32,87,25.8118,94,10.0175,1,11,0.7,-7.5,1.655,0.4301967,0.1669583,1,23,6,31,54,580000
"2020-01-23 06:32:01.2",11444,100162,37.99,12.32,87,25.8101,94,10.0206,1,11,0.7,-7.9,2.439,0.4301683,0.16701,1,23,6,32,0,520000
"2020-01-23 06:32:06.43",11445,100163,10.52,12.32,87,25.8083,94,10.0216,1,11,0.7,-8.1,0.678,0.4301383,0.1670267,1,23,6,32,5,750000
"2020-01-23 06:32:15.23",11446,100164,13.59,12.32,87,25.8062,94,10.0232,1,11,0.7,-8.2,0.875,0.4301033,0.1670533,1,23,6,32,14,550000
"2020-01-23 06:32:21.01",11447,100165,33.84,12.32,87,25.8047,94,10.0192,1,11,0.7,-8.1,2.173,0.4300784,0.1669867,1,23,6,32,20,330000
"2020-01-23 06:32:26.59",11448,100166,33.16,12.32,87,25.8026,94,10.0173,1,11,0.7,-7.9,2.129,0.4300433,0.166955,1,23,6,32,25,910000
"2020-01-23 06:32:36.02",11449,100167,20.87,12.32,87,25.8008,94,10.0176,1,11,0.7,-7.9,1.342,0.4300133,0.16696,1,23,6,32,35,340000
"2020-01-23 06:32:41.27",11450,100168,17.8,12.32,87,25.7996,94,10.0132,1,11,0.7,-8,1.145,0.4299933,0.1668867,1,23,6,32,40,590000
"2020-01-23 06:32:46.06",11451,100169,18.88,12.32,87,25.798,94,10.0181,1,11,0.7,-8.1,1.214,0.4299666,0.1669683,1,23,6,32,45,380000
"2020-01-23 06:32:50.12",11452,100170,23.66,12.32,87,25.797,94,10.0244,1,11,0.7,-7.9,1.521,0.42995,0.1670733,1,23,6,32,49,440000
"2020-01-23 06:32:54.94",11453,100171,12.91,12.31,87,25.7952,94,10.039,1,11,0.7,-8,0.831,0.42992,0.1673167,1,23,6,32,54,260000
"2020-01-23 06:32:59.59",11454,100172,13.25,12.32,87,25.7942,94,10.0493,1,11,0.7,-8,0.853,0.4299034,0.1674883,1,23,6,32,58,910000
"2020-01-23 06:35:04.06",11455,100173,19.74,12.3,87,25.7855,94,9.9258,1,11,0.7,-7.9,1.269,0.4297584,0.16543,1,23,6,35,3,380000
"2020-01-23 08:01:10.57",11456,100174,-0.06,12.6,87,25.7848,94,9.8941,1,10,0.8,-8.6,0,0.4297466,0.1649017,1,23,8,1,9,890000
