"TOA5","35279","CR800","35279","CR800.Std.27.04","CPU:AWI_V2.1_Anja.CR8","15615","OperatorView"
"TIMESTAMP","RECORD","Counter","DepthCm","BattVolts","latitude_a","latitude_b","Longitude_a","Longitude_b","fix_quality","nmbr_satellites","HDOP","altitudeB","DepthVolts","LatitudeDDDDD","LongitudeDDDDD","month","dayofmonth","hourofday","minutes","seconds","microseconds"
"TS","RN","","","","degrees","minutes","degrees","minutes","unitless","","","","","","","","","","","",""
"","","Smp","Smp","Smp","Smp","Smp","Smp","Smp","Smp","Smp","Smp","Smp","Smp","Smp","Smp","Smp","Smp","Smp","Smp","Smp","Smp"
"2020-02-23 07:00:07.09",28622,100005,76.43,12.74,88,33.9616,61,50.8434,6,8,1.2,-100.9,5.035,0.5660267,0.84739,2,23,7.000,0,6,410000
"2020-02-23 07:00:11.37",28623,100006,70.66,12.74,88,34.1089,62,33.691,1,11,0.8,-98.7,4.657,0.5684816,0.5615167,2,23,7.000,0,10,690000
"2020-02-23 07:00:20.43",28624,100007,56.75,12.74,88,34.0786,62,33.027,1,7.000,1,-98.5,3.748,0.5679767,0.55045,2,23,7.000,0,19,750000
"2020-02-23 07:00:24.59",28625,100008,56.75,12.73,88,34.0762,62,32.628,6,8,1.2,-98.2,3.748,0.5679366,0.5438,2,23,7.000,0,23,910000
"2020-02-23 07:00:28.83",28626,100009,65.61,12.73,88,34.0669,62,32.2911,1,6,0.9,-98,4.327,0.5677816,0.538185,2,23,7.000,0,28,150000
"2020-02-23 07:00:32.76",28627,100010,66.51,12.73,88,34.0616,62,32.181,1,6,1,-97.8,4.386,0.5676934,0.53635,2,23,7.000,0,32,80000
"2020-02-23 07:00:36.9",28628,100011,68.30,12.73,88,34.052,62,32.0305,1,7.000,1.2,-97.4,4.503,0.5675333,0.5338417,2,23,7.000,0,36,220000
"2020-02-23 07:00:40.41",28629,100012,56.3,12.73,88,34.0484,62,32.0319,1,6,1,-97,3.718,0.5674734,0.533865,2,23,7.000,0,39,730000
"2020-02-23 07:00:44.2",28630,100013,40.6,12.73,88,34.047,62,31.9742,1,6,1.2,-96.6,2.692,0.56745,0.5329033,2,23,7.000,0,43,520000
"2020-02-23 07:00:47.79",28631,100014,33.15,12.73,88,34.0448,62,31.9179,1,5,1.2,-96.3,2.204,0.5674133,0.531965,2,23,7.000,0,47,110000
"2020-02-23 07:00:51.07",28632,100015,24.91,12.73,88,34.0405,62,31.7249,1,6,1.2,-96.2,1.665,0.5673417,0.5287483,2,23,7.000,0,50,390000
"2020-02-23 07:00:54.5",28633,100016,29.5,12.73,88,34.042,62,32.1354,1,5,1.2,-95.4,1.966,0.5673666,0.53559,2,23,7.000,0,53,820000
"2020-02-23 07:00:57.44",28634,100017,18.74,12.73,88,34.0411,62,32.0982,1,7.000,1.2,-95.2,1.261,0.5673516,0.53497,2,23,7.000,0,56,760000
"2020-02-23 07:01:00.44",28635,100018,11.79,12.73,88,34.0414,62,32.1423,1,5,1.2,-94.8,0.81,0.5673567,0.535705,2,23,7.000,0,59,760000
"2020-02-23 07:01:03.21",28636,100019,15.26,12.73,88,34.0393,62,32.0466,1,6,1,-94.6,1.034,0.5673216,0.53411,2,23,7.000,1,2,530000
"2020-02-23 07:01:05.76",28637,100020,40.72,12.73,88,34.0379,62,32.0166,1,6,1,-94.5,2.699,0.5672983,0.53361,2,23,7.000,1,5,80000
"2020-02-23 07:01:08.46",28638,100021,28.21,12.73,88,34.038,62,32.134,1,7.000,1,-94.2,1.881,0.5673,0.5355666,2,23,7.000,1,7.000,780000
"2020-02-23 07:01:11.42",28639,100022,29.73,12.73,88,34.0395,62,32.1659,1,5,1.2,-93.5,1.98,0.567325,0.5360984,2,23,7.000,1,10,740000
"2020-02-23 07:01:14.04",28640,100023,26.98,12.73,88,34.0423,62,32.4049,1,6,1.2,-92.4,1.801,0.5673717,0.5400817,2,23,7.000,1,13,360000
"2020-02-23 07:01:16.69",28641,100024,28.16,12.73,88,34.0416,62,32.344,1,5,1.2,-92,1.878,0.56736,0.5390667,2,23,7.000,1,16,10000
"2020-02-23 07:01:19.46",28642,100025,32.31,12.73,88,34.0394,62,32.1701,1,5,1.2,-92.1,2.149,0.5673233,0.5361683,2,23,7.000,1,18,770000
"2020-02-23 07:01:22.02",28643,100026,31.52,12.73,88,34.0391,62,32.1098,1,6,1.4,-91.5,2.098,0.5673183,0.5351633,2,23,7.000,1,21,340000
"2020-02-23 07:01:24.65",28644,100027,37.46,12.73,88,34.0387,62,32.0014,1,6,2.1,-91.3,2.486,0.5673116,0.5333567,2,23,7.000,1,23,970000
"2020-02-23 07:01:27.85",28645,100028,44.98,12.73,88,34.0386,62,31.9034,1,6,1.2,-90.9,2.978,0.56731,0.5317233,2,23,7.000,1,27,170000
"2020-02-23 07:01:31.01",28646,100029,47.89,12.73,88,34.0388,62,31.8099,1,4,2.1,-90.5,3.168,0.5673133,0.530165,2,23,7.000,1,30,330000
"2020-02-23 07:01:33.85",28647,100030,43.52,12.73,88,34.0388,62,31.7311,1,5,1.2,-90.1,2.882,0.5673133,0.5288517,2,23,7.000,1,33,170000
"2020-02-23 07:01:37.64",28648,100031,40.38,12.73,88,34.04,62,31.8686,1,5,1.2,-89.3,2.677,0.5673334,0.5311434,2,23,7.000,1,36,960000
"2020-02-23 07:01:41.12",28649,100032,36.01,12.73,88,34.0397,62,31.8094,1,6,1.2,-89.1,2.391,0.5673283,0.5301567,2,23,7.000,1,40,440000
"2020-02-23 07:01:43.87",28650,100033,25.41,12.73,88,34.042,62,32.0838,1,5,1.2,-88,1.698,0.5673666,0.53473,2,23,7.000,1,43,190000
"2020-02-23 07:01:46.7",28651,100034,18.18,12.73,88,34.0431,62,31.9393,1,5,1.2,-87.2,1.225,0.567385,0.5323217,2,23,7.000,1,46,20000
"2020-02-23 07:01:49.62",28652,100035,13.41,12.72,88,34.0465,62,32.0644,1,7.000,1.2,-85.4,0.91,0.5674417,0.5344067,2,23,7.000,1,48,940000
"2020-02-23 07:01:52.48",28653,100036,14.25,12.73,88,34.047,62,31.9722,1,6,1.2,-84.7,0.97,0.56745,0.53287,2,23,7.000,1,51,790000
"2020-02-23 07:01:55.61",28654,100037,20.08,12.72,88,34.0476,62,31.8058,1,6,1.2,-83.7,1.349,0.56746,0.5300966,2,23,7.000,1,54,930000
"2020-02-23 07:01:58.5",28655,100038,9.99,12.73,88,34.0474,62,31.6741,1,5,2.1,-83.2,0.69,0.5674567,0.5279017,2,23,7.000,1,57,810000
"2020-02-23 07:02:01.19",28656,100039,19.86,12.73,88,34.0475,62,31.5645,1,5,2.1,-82.5,1.335,0.5674583,0.526075,2,23,7.000,2,0,510000
"2020-02-23 07:02:05.22",28657,100040,24.34,12.72,88,34.0445,62,30.9789,1,6,1.1,-82.3,1.628,0.5674083,0.516315,2,23,7.000,2,4,540000
"2020-02-23 07:02:09.61",28658,100041,25.02,12.72,88,34.046,62,30.8086,1,6,2.1,-80.8,1.672,0.5674334,0.5134767,2,23,7.000,2,8,930000
"2020-02-23 07:02:12.52",28659,100042,21.09,12.72,88,34.0456,62,30.7901,1,6,2.1,-80.4,1.415,0.5674267,0.5131683,2,23,7.000,2,11,840000
"2020-02-23 07:02:15.24",28660,100043,14.59,12.72,88,34.0456,62,30.8277,1,6,1.2,-79.5,0.99,0.5674267,0.513795,2,23,7.000,2,14,560000
"2020-02-23 07:02:18.51",28661,100044,12.79,12.72,88,34.0453,62,30.6893,1,8,0.9,-78.9,0.87,0.5674217,0.5114883,2,23,7.000,2,17,820000
"2020-02-23 07:02:21.39",28662,100045,10.61,12.72,88,34.0421,62,30.2605,1,6,1,-80,0.73,0.5673683,0.5043417,2,23,7.000,2,20,710000
"2020-02-23 07:02:24.23",28663,100046,12.12,12.72,88,34.0428,62,30.2498,1,5,1.2,-79.6,0.83,0.56738,0.5041633,2,23,7.000,2,23,550000
"2020-02-23 07:02:27.21",28664,100047,16.83,12.72,88,34.0463,62,30.5557,1,6,1.2,-77.5,1.137,0.5674383,0.5092617,2,23,7.000,2,26,530000
"2020-02-23 07:02:30.09",28665,100048,17.17,12.72,88,34.0498,62,30.7925,1,5,1.2,-75.3,1.159,0.5674966,0.5132083,2,23,7.000,2,29,410000
"2020-02-23 07:02:33.05",28666,100049,15.04,12.72,88,34.0507,62,30.7559,1,7.000,1.2,-74.4,1.019,0.5675117,0.5125983,2,23,7.000,2,32,370000
"2020-02-23 07:02:35.81",28667,100050,13.02,12.72,88,34.0533,62,30.9321,1,5,1.2,-72.1,0.89,0.567555,0.515535,2,23,7.000,2,35,130000
"2020-02-23 07:02:38.58",28668,100051,15.82,12.72,88,34.0541,62,30.807,1,6,1.2,-70.8,1.071,0.5675684,0.51345,2,23,7.000,2,37,900000
"2020-02-23 07:02:41.36",28669,100052,12.01,12.72,88,34.0544,62,30.7944,1,8,1.2,-70.2,0.82,0.5675734,0.51324,2,23,7.000,2,40,680000
"2020-02-23 07:02:44.09",28670,100053,11.79,12.72,88,34.0544,62,30.7732,1,8,1.3,-69.2,0.81,0.5675734,0.5128866,2,23,7.000,2,43,410000
"2020-02-23 07:02:46.85",28671,100054,14.31,12.72,88,34.0563,62,31.0313,1,7.000,1.2,-66.8,0.97,0.567605,0.5171883,2,23,7.000,2,46,170000
"2020-02-23 07:02:49.67",28672,100055,21.54,12.71,88,34.0565,62,31.0303,1,6,1.2,-66.2,1.445,0.5676083,0.5171717,2,23,7.000,2,48,990000
"2020-02-23 07:02:52.41",28673,100056,16.61,12.72,88,34.0593,62,30.8376,1,7.000,1.2,-64,1.122,0.567655,0.51396,2,23,7.000,2,51,730000
"2020-02-23 07:02:55.24",28674,100057,19.41,12.71,88,34.059,62,30.8612,1,6,1.2,-63.3,1.305,0.56765,0.5143533,2,23,7.000,2,54,560000
"2020-02-23 07:02:58.13",28675,100058,15.88,12.72,88,34.0624,62,31.1504,1,7.000,1.2,-60.6,1.074,0.5677067,0.5191733,2,23,7.000,2,57,450000
"2020-02-23 07:03:01.01",28676,100059,13.58,12.71,88,34.0633,62,31.0036,1,6,1,-59,0.92,0.5677217,0.5167267,2,23,7.000,3,0,330000
"2020-02-23 07:03:04.08",28677,100060,16.83,12.71,88,34.0647,62,30.9241,1,6,1.2,-57.5,1.137,0.567745,0.5154017,2,23,7.000,3,3,400000
"2020-02-23 07:03:06.81",28678,100061,13.47,12.72,88,34.0651,62,30.8787,6,7.000,1.2,-56.8,0.92,0.5677517,0.514645,2,23,7.000,3,6,130000
"2020-02-23 07:03:09.73",28679,100062,21.26,12.72,88,34.0612,62,31.0534,1,7.000,1.3,-55.5,1.427,0.5676867,0.5175567,2,23,7.000,3,9,50000
"2020-02-23 07:03:13.22",28680,100063,15.09,12.71,88,34.0599,62,31.0382,1,6,1.5,"NAN",1.023,0.567665,0.5173034,2,23,7.000,3,12,540000
"2020-02-23 07:03:20.77",28681,100064,18.63,12.71,88,34.0628,62,30.6153,6,7.000,1.3,-52.5,1.254,0.5677134,0.510255,2,23,7.000,3,20,90000
"2020-02-23 07:03:24.29",28682,100065,19.8,12.72,88,34.0654,62,30.4541,6,6,1.3,-52.2,1.331,0.5677566,0.5075683,2,23,7.000,3,23,610000
"2020-02-23 07:03:26.89",28683,100066,21.32,12.71,88,34.0679,62,30.2929,6,7.000,1.3,-51.9,1.43,0.5677984,0.5048817,2,23,7.000,3,26,210000
"2020-02-23 07:03:30.12",28684,100067,32.08,12.71,88,34.0705,62,30.1317,6,6,1.3,-51.6,2.134,0.5678416,0.502195,2,23,7.000,3,29,440000
"2020-02-23 07:03:33.25",28685,100068,20.25,12.71,88,34.0731,62,29.9705,6,6,1.3,-51.4,1.361,0.567885,0.4995084,2,23,7.000,3,32,570000
"2020-02-23 07:03:36.22",28686,100069,15.93,12.7,88,34.0756,62,29.8092,6,6,1.3,-51.1,1.078,0.5679266,0.49682,2,23,7.000,3,35,540000
"2020-02-23 07:03:39.16",28687,100070,15.6,12.71,88,34.0457,62,28.7666,6,6,1.2,-117,1.056,0.5674284,0.4794434,2,23,7.000,3,38,480000
"2020-02-23 07:03:42.06",28688,100071,19.41,12.71,88,34.0516,62,28.9435,6,6,1.2,-110.6,1.305,0.5675267,0.4823917,2,23,7.000,3,41,380000
"2020-02-23 07:03:45",28689,100072,17.73,12.7,88,34.0527,62,28.8584,1,5,2.1,-107.3,1.195,0.567545,0.4809733,2,23,7.000,3,44,320000
"2020-02-23 07:03:47.92",28690,100073,29.73,12.7,88,34.0546,62,28.8225,6,5,1.6,-104.8,1.98,0.5675766,0.480375,2,23,7.000,3,47,240000
"2020-02-23 07:03:51.71",28691,100074,18.85,12.7,88,34.0593,62,28.9857,1,7.000,0.9,-98.4,1.269,0.567655,0.483095,2,23,7.000,3,51,30000
"2020-02-23 07:03:56.21",28692,100075,17.56,12.7,88,34.063,62,29.2152,1,6,2.1,-92.4,1.184,0.5677166,0.48692,2,23,7.000,3,55,530000
"2020-02-23 07:04:02.69",28693,100076,21.09,12.7,88,34.0709,62,30.1179,1,7.000,1.2,-72.4,1.416,0.5678483,0.501965,2,23,7.000,4,2,10000
"2020-02-23 07:04:05.75",28694,100077,23.34,12.7,88,34.0701,62,30.0408,1,5,2.1,-71.1,1.562,0.567835,0.50068,2,23,7.000,4,5,70000
"2020-02-23 07:04:09.21",28695,100078,24.79,12.7,88,34.0691,62,29.9982,1,5,2.1,-69.4,1.658,0.5678184,0.49997,2,23,7.000,4,8,530000
"2020-02-23 07:04:12.36",28696,100079,30.51,12.7,88,34.0688,62,29.966,1,8,1.1,-67.3,2.032,0.5678133,0.4994333,2,23,7.000,4,11,680000
"2020-02-23 07:04:15.11",28697,100080,30.63,12.7,88,34.0728,62,29.5717,1,8,1,-60.5,2.039,0.56788,0.4928616,2,23,7.000,4,14,430000
"2020-02-23 07:04:19.03",28698,100081,29.84,12.7,88,34.0748,62,29.3482,1,8,1.1,-56.2,1.988,0.5679133,0.4891367,2,23,7.000,4,18,350000
"2020-02-23 07:04:22",28699,100082,25.13,12.7,88,34.0776,62,29.1167,1,8,1,-52.2,1.68,0.56796,0.4852783,2,23,7.000,4,21,320000
"2020-02-23 07:04:24.97",28700,100083,25.8,12.7,88,34.0806,62,28.8592,1,6,1.1,-47.9,1.724,0.56801,0.4809866,2,23,7.000,4,24,290000
"2020-02-23 07:04:31",28701,100084,35.67,12.7,88,34.0863,62,28.6279,1,7.000,1.9,-37,2.369,0.568105,0.4771317,2,23,7.000,4,30,320000
"2020-02-23 07:04:34.03",28702,100085,21.65,12.7,88,34.0889,62,28.4622,1,7.000,1.2,-31.1,1.452,0.5681484,0.47437,2,23,7.000,4,33,350000
"2020-02-23 07:04:37.06",28703,100086,26.81,12.7,88,34.0894,62,28.2686,1,6,1.9,-26,1.79,0.5681566,0.4711433,2,23,7.000,4,36,380000
"2020-02-23 07:04:40.18",28704,100087,27.6,12.7,88,34.0864,62,28.2812,1,7.000,1.2,-22.4,1.841,0.5681066,0.4713534,2,23,7.000,4,39,500000
"2020-02-23 07:04:43.28",28705,100088,26.31,12.7,88,34.0845,62,28.1712,1,7.000,1.2,-18.8,1.757,0.568075,0.46952,2,23,7.000,4,42,600000
"2020-02-23 07:04:46.09",28706,100089,20.31,12.7,88,34.0838,62,28.0775,1,7.000,1.3,-16.7,1.364,0.5680634,0.4679583,2,23,7.000,4,45,410000
"2020-02-23 07:04:49.99",28707,100090,20.31,12.7,88,34.082,62,28.0725,1,6,1.3,-13.6,1.364,0.5680333,0.467875,2,23,7.000,4,49,310000
"2020-02-23 07:04:52.77",28708,100091,25.13,12.7,88,34.0781,62,27.9797,1,6,1.3,-16.1,1.68,0.5679683,0.4663283,2,23,7.000,4,52,90000
"2020-02-23 07:04:56.34",28709,100092,23,12.7,88,34.0748,62,27.951,1,5,1.9,-16.5,1.54,0.5679133,0.46585,2,23,7.000,4,55,660000
"2020-02-23 07:04:59.09",28710,100093,21.99,12.7,88,34.0714,62,28.1238,1,7.000,1.3,-15.6,1.474,0.5678567,0.46873,2,23,7.000,4,58,410000
"2020-02-23 07:05:02",28711,100094,15.93,12.7,88,34.0663,62,28.0127,1,6,1.3,-18,1.078,0.5677717,0.4668783,2,23,7.000,5,1,320000
"2020-02-23 07:05:05.08",28712,100095,16.89,12.7,88,34.0684,62,28.6721,1,6,1.1,-10.2,1.14,0.5678067,0.4778684,2,23,7.000,5,4,400000
"2020-02-23 07:05:08.06",28713,100096,27.2,12.7,88,34.0663,62,28.7936,1,6,1.1,-9.6,1.815,0.5677717,0.4798933,2,23,7.000,5,7.000,380000
"2020-02-23 07:05:10.89",28714,100097,31.86,12.7,88,34.0643,62,28.8666,1,10,0.9,-11.3,2.12,0.5677384,0.48111,2,23,7.000,5,10,210000
"2020-02-23 07:05:13.36",28715,100098,24.57,12.69,88,34.0619,62,28.8314,1,9,0.8,-13.6,1.643,0.5676984,0.4805233,2,23,7.000,5,12,680000
"2020-02-23 07:05:15.76",28716,100099,20.64,12.69,88,34.0628,62,28.6244,1,7.000,1.1,-12.3,1.386,0.5677134,0.4770733,2,23,7.000,5,15,80000
"2020-02-23 07:05:18.18",28717,100100,22.16,12.7,88,34.0611,62,28.6791,1,10,0.8,-12.1,1.485,0.567685,0.477985,2,23,7.000,5,17,500000
"2020-02-23 07:05:20.5",28718,100101,26.25,12.7,88,34.0599,62,28.7049,1,8,0.9,-13.6,1.753,0.567665,0.478415,2,23,7.000,5,19,810000
"2020-02-23 07:05:22.8",28719,100102,30.18,12.7,88,34.0591,62,28.6905,1,7.000,1,-13.3,2.01,0.5676517,0.478175,2,23,7.000,5,22,120000
"2020-02-23 07:05:25.13",28720,100103,39.6,12.7,88,34.0612,62,28.5652,1,7.000,0.9,-5.7,2.626,0.5676867,0.4760867,2,23,7.000,5,24,450000
"2020-02-23 07:05:29.23",28721,100104,30.18,12.7,88,34.0628,62,27.9911,1,7.000,1.1,5.8,2.01,0.5677134,0.4665184,2,23,7.000,5,28,550000
"2020-02-23 07:05:31.67",28722,100105,26.59,12.7,88,34.0642,62,27.9387,1,6,1.1,11.2,1.775,0.5677367,0.465645,2,23,7.000,5,30,990000
"2020-02-23 07:05:33.65",28723,100106,21.32,12.69,88,34.0634,62,28.065,1,6,1.1,12.2,1.43,0.5677233,0.46775,2,23,7.000,5,32,970000
"2020-02-23 07:05:35.96",28724,100107,9.32,12.7,88,34.0643,62,28.07,1,6,1.1,15.3,0.65,0.5677384,0.4678334,2,23,7.000,5,35,280000
"2020-02-23 07:05:38.3",28725,100108,15.37,12.69,88,34.065,62,28.4765,1,7.000,1,20,1.041,0.56775,0.4746083,2,23,7.000,5,37,620000
"2020-02-23 07:05:51.57",28726,100109,19.41,12.69,88,34.0691,62,28.5541,1,5,5.5,39.1,1.306,0.5678184,0.4759017,2,23,7.000,5,50,890000
"2020-02-23 07:05:53.7",28727,100110,18.35,12.69,88,34.0703,62,28.4382,1,5,1.9,42.8,1.236,0.5678384,0.47397,2,23,7.000,5,53,20000
"2020-02-23 07:05:55.85",28728,100111,16.27,12.69,88,34.0703,62,28.494,1,6,1.3,47.2,1.1,0.5678384,0.4749,2,23,7.000,5,55,170000
"2020-02-23 07:05:58.12",28729,100112,11.22,12.69,88,34.0675,62,28.6109,1,7.000,1.1,46.4,0.77,0.5677917,0.4768483,2,23,7.000,5,57,440000
"2020-02-23 07:05:59.98",28730,100113,13.8,12.69,88,34.0673,62,28.6863,1,7.000,1.3,50.4,0.94,0.5677883,0.478105,2,23,7.000,5,59,300000
"2020-02-23 07:06:01.77",28731,100114,11.9,12.69,88,34.0659,62,28.9951,1,6,1.1,52.8,0.81,0.567765,0.4832517,2,23,7.000,6,1,90000
"2020-02-23 07:06:03.71",28732,100115,10.94,12.69,88,34.0669,62,29.3749,1,6,1.1,58,0.75,0.5677816,0.4895817,2,23,7.000,6,3,30000
"2020-02-23 07:06:05.55",28733,100116,8.53,12.69,88,34.0651,62,29.5356,1,6,1.9,58.2,0.59,0.5677517,0.49226,2,23,7.000,6,4,870000
"2020-02-23 07:06:07.43",28734,100117,9.88,12.69,88,34.065,62,29.5337,1,6,1.9,59.9,0.68,0.56775,0.4922284,2,23,7.000,6,6,750000
"2020-02-23 07:06:09.24",28735,100118,8.65,12.69,88,34.0647,62,29.5261,6,8,1.9,61.4,0.60,0.567745,0.4921017,2,23,7.000,6,8,560000
"2020-02-23 07:06:11.16",28736,100119,8.65,12.69,88,34.0558,62,30.4855,1,7.000,1.3,65,0.60,0.5675967,0.5080917,2,23,7.000,6,10,480000
"2020-02-23 07:06:12.75",28737,100120,10.1,12.69,88,34.0612,62,30.5405,1,7.000,1.1,69.9,0.70,0.5676867,0.5090084,2,23,7.000,6,12,70000
"2020-02-23 07:06:14.63",28738,100121,20.42,12.69,88,34.0654,62,30.7493,1,8,1.1,76.2,1.372,0.5677566,0.5124883,2,23,7.000,6,13,950000
"2020-02-23 07:06:16.45",28739,100122,18.35,12.69,88,34.0629,62,30.7746,1,9,1.2,76.6,1.236,0.567715,0.51291,2,23,7.000,6,15,770000
"2020-02-23 07:06:18.38",28740,100123,17.62,12.69,88,34.0609,62,31.1246,1,7.000,1.1,79.9,1.188,0.5676817,0.5187433,2,23,7.000,6,17,700000
"2020-02-23 07:06:20.33",28741,100124,20.08,12.69,88,34.057,62,31.2159,1,7.000,1,81.3,1.35,0.5676166,0.520265,2,23,7.000,6,19,650000
"2020-02-23 07:06:22.19",28742,100125,16.61,12.69,88,34.0591,62,31.2624,1,7.000,1.2,86.5,1.122,0.5676517,0.52104,2,23,7.000,6,21,510000
"2020-02-23 07:06:24.05",28743,100126,14.36,12.69,88,34.0591,62,31.0861,1,6,1.2,90,0.98,0.5676517,0.5181016,2,23,7.000,6,23,370000
"2020-02-23 07:06:26.2",28744,100127,15.88,12.69,88,34.0598,62,30.7087,1,6,1.2,96.6,1.074,0.5676633,0.5118117,2,23,7.000,6,25,520000
"2020-02-23 07:06:28.2",28745,100128,17.34,12.69,88,34.0587,62,30.9173,1,6,1.2,98.9,1.17,0.567645,0.5152883,2,23,7.000,6,27,520000
"2020-02-23 07:06:30.37",28746,100129,11.45,12.69,88,34.0587,62,30.6761,1,6,1.2,104.1,0.79,0.567645,0.5112683,2,23,7.000,6,29,690000
"2020-02-23 07:06:32.27",28747,100130,9.77,12.69,88,34.0552,62,30.7259,1,8,1.2,104.5,0.68,0.5675867,0.5120984,2,23,7.000,6,31,590000
"2020-02-23 07:06:43.37",28748,100131,7.748,12.69,88,34.053,62,30.7259,1,6,1.1,121.6,0.54,0.56755,0.5120984,2,23,7.000,6,42,690000
"2020-02-23 07:06:45.42",28749,100132,11.79,12.69,88,34.0529,62,30.513,1,6,1.1,129.3,0.81,0.5675483,0.50855,2,23,7.000,6,44,740000
"2020-02-23 07:06:47.3",28750,100133,10.22,12.69,88,34.057,62,30.7569,1,7.000,1,134.6,0.70,0.5676166,0.512615,2,23,7.000,6,46,620000
"2020-02-23 07:06:49.31",28751,100134,10.22,12.69,88,34.0623,62,31.022,1,7.000,1.3,143.2,0.70,0.567705,0.5170333,2,23,7.000,6,48,630000
"2020-02-23 07:06:51.19",28752,100135,10.89,12.69,88,34.0665,62,31.2931,1,5,1.3,150.2,0.75,0.567775,0.5215517,2,23,7.000,6,50,510000
"2020-02-23 07:06:52.87",28753,100136,12.01,12.69,88,34.0658,62,31.2833,1,6,1.1,153.2,0.82,0.5677633,0.5213884,2,23,7.000,6,52,190000
"2020-02-23 07:06:54.68",28754,100137,12.63,12.69,88,34.0665,62,31.1738,1,6,1.1,159.1,0.86,0.567775,0.5195633,2,23,7.000,6,54,0
"2020-02-23 07:06:56.57",28755,100138,13.8,12.68,88,34.0654,62,31.1452,1,6,1.1,162.5,0.94,0.5677566,0.5190866,2,23,7.000,6,55,890000
"2020-02-23 07:06:58.57",28756,100139,12.79,12.68,88,34.0635,62,31.2055,1,6,1.1,163.4,0.87,0.567725,0.5200916,2,23,7.000,6,57,890000
"2020-02-23 07:07:00.99",28757,100140,13.86,12.68,88,34.0661,62,31.5925,1,6,1.1,167,0.94,0.5677683,0.5265416,2,23,7.000,7.000,0,310000
"2020-02-23 07:07:03.5",28758,100141,13.58,12.69,88,34.0691,62,31.9689,1,6,1.1,170.5,0.92,0.5678184,0.532815,2,23,7.000,7.000,2,810000
"2020-02-23 07:07:05.37",28759,100142,13.19,12.68,88,34.0685,62,32.0286,1,6,1.1,171,0.90,0.5678083,0.53381,2,23,7.000,7.000,4,690000
"2020-02-23 07:07:07.29",28760,100143,14.2,12.69,88,34.069,62,32.0463,1,6,1.1,174,0.96,0.5678167,0.534105,2,23,7.000,7.000,6,610000
"2020-02-23 07:07:09.26",28761,100144,19.19,12.68,88,34.0675,62,32.1471,1,6,1.1,173.8,1.291,0.5677917,0.535785,2,23,7.000,7.000,8,580000
"2020-02-23 07:07:11.21",28762,100145,29.39,12.69,88,34.0674,62,32.2238,1,6,1.1,176.6,1.958,0.56779,0.5370634,2,23,7.000,7.000,10,530000
"2020-02-23 07:07:12.92",28763,100146,29.9,12.68,88,34.067,62,32.1915,1,6,1.1,179.2,1.991,0.5677834,0.536525,2,23,7.000,7.000,12,240000
"2020-02-23 07:07:14.76",28764,100147,24.23,12.68,88,34.0665,62,32.2323,1,6,1.1,180.4,1.621,0.567775,0.537205,2,23,7.000,7.000,14,80000
"2020-02-23 07:07:16.59",28765,100148,17.84,12.68,88,34.0653,62,32.352,1,7.000,1,180,1.203,0.567755,0.5392,2,23,7.000,7.000,15,910000
"2020-02-23 07:07:18.41",28766,100149,18.91,12.68,88,34.0652,62,32.4013,1,6,1.1,180.3,1.273,0.5677534,0.5400216,2,23,7.000,7.000,17,730000
"2020-02-23 07:07:22.23",28767,100150,15.93,12.68,88,34.066,62,32.6292,1,6,1.1,185.9,1.078,0.5677667,0.54382,2,23,7.000,7.000,21,550000
"2020-02-23 07:07:24.24",28768,100151,22.21,12.68,88,34.066,62,32.7788,1,6,1.1,187.3,1.489,0.5677667,0.5463134,2,23,7.000,7.000,23,560000
"2020-02-23 07:07:26.03",28769,100152,21.54,12.68,88,34.0662,62,32.8284,1,6,1.1,189.2,1.445,0.56777,0.54714,2,23,7.000,7.000,25,350000
"2020-02-23 07:07:27.82",28770,100153,19.97,12.68,88,34.0667,62,32.9433,1,6,1.1,192.5,1.342,0.5677784,0.549055,2,23,7.000,7.000,27,140000
"2020-02-23 07:07:29.61",28771,100154,21.21,12.68,88,34.0695,62,32.8425,1,6,1.1,202.1,1.423,0.567825,0.547375,2,23,7.000,7.000,28,930000
"2020-02-23 07:07:31.38",28772,100155,27.26,12.68,88,34.0699,62,32.775,1,6,1.1,205.5,1.819,0.5678317,0.54625,2,23,7.000,7.000,30,700000
"2020-02-23 07:07:33.21",28773,100156,34.94,12.68,88,34.0703,62,32.683,1,6,1.1,211,2.321,0.5678384,0.5447166,2,23,7.000,7.000,32,530000
"2020-02-23 07:07:35.13",28774,100157,36.79,12.68,88,34.0699,62,32.6908,1,6,1.1,214,2.442,0.5678317,0.5448466,2,23,7.000,7.000,34,450000
"2020-02-23 07:07:37.19",28775,100158,23.45,12.68,88,34.0697,62,32.6769,1,6,1.1,217,1.57,0.5678283,0.544615,2,23,7.000,7.000,36,510000
"2020-02-23 07:07:39.25",28776,100159,20.59,12.68,88,34.0685,62,32.7829,1,6,1.1,217.1,1.383,0.5678083,0.5463817,2,23,7.000,7.000,38,570000
"2020-02-23 07:07:43.49",28777,100160,15.26,12.68,88,34.0692,62,32.8686,1,6,1.1,222.6,1.034,0.56782,0.54781,2,23,7.000,7.000,42,800000
"2020-02-23 07:07:45.26",28778,100161,20.31,12.68,88,34.0707,62,32.7467,1,7.000,1.1,228.6,1.364,0.567845,0.5457783,2,23,7.000,7.000,44,580000
"2020-02-23 07:07:47.05",28779,100162,23.9,12.68,88,34.0701,62,32.8203,1,7.000,1.1,232.3,1.599,0.567835,0.547005,2,23,7.000,7.000,46,370000
"2020-02-23 07:07:48.77",28780,100163,21.82,12.68,88,34.0682,62,32.8391,1,6,1.1,233.9,1.463,0.5678033,0.5473183,2,23,7.000,7.000,48,90000
"2020-02-23 07:07:50.57",28781,100164,18.74,12.68,88,34.0677,62,32.7731,1,5,1.3,237.9,1.262,0.567795,0.5462183,2,23,7.000,7.000,49,890000
"2020-02-23 07:07:52.47",28782,100165,18.18,12.68,88,34.0673,62,32.7105,1,5,1.3,240.5,1.225,0.5677883,0.545175,2,23,7.000,7.000,51,780000
"2020-02-23 07:07:54.35",28783,100166,12.4,12.68,88,34.065,62,32.7439,1,8,1.3,240.4,0.85,0.56775,0.5457317,2,23,7.000,7.000,53,670000
"2020-02-23 07:07:56.24",28784,100167,16.83,12.68,88,34.0628,62,32.6297,1,6,1.2,242,1.137,0.5677134,0.5438283,2,23,7.000,7.000,55,560000
"2020-02-23 07:08:02.7",28785,100168,10.89,12.68,88,34.0596,62,32.1414,1,7.000,1.2,253.3,0.75,0.56766,0.53569,2,23,7.000,8,2,20000
"2020-02-23 07:08:04.55",28786,100169,10.66,12.68,88,34.0622,62,32.2538,1,7.000,1.2,260,0.73,0.5677033,0.5375633,2,23,7.000,8,3,870000
"2020-02-23 07:08:06.27",28787,100170,10.16,12.68,88,34.0636,62,32.3402,1,7.000,1.2,263.5,0.70,0.5677267,0.5390033,2,23,7.000,8,5,590000
"2020-02-23 07:08:08.08",28788,100171,12.01,12.68,88,34.0656,62,32.5218,1,6,1.3,270.5,0.82,0.56776,0.54203,2,23,7.000,8,7.000,400000
"2020-02-23 07:08:09.89",28789,100172,9.77,12.68,88,34.067,62,32.6925,1,7.000,1.1,277.1,0.68,0.5677834,0.544875,2,23,7.000,8,9,210000
"2020-02-23 07:08:11.96",28790,100173,13.02,12.68,88,34.0641,62,32.5945,1,7.000,1.3,281.2,0.89,0.567735,0.5432417,2,23,7.000,8,11,280000
"2020-02-23 07:08:14.21",28791,100174,35.67,12.67,88,34.0626,62,32.5283,1,5,1.3,284.5,2.369,0.56771,0.5421383,2,23,7.000,8,13,530000
"2020-02-23 07:08:21.17",28792,100175,34.55,12.68,88,34.0622,62,32.6927,1,6,1.1,299.1,2.296,0.5677033,0.5448783,2,23,7.000,8,20,490000
"2020-02-23 07:08:25.1",28793,100176,37.91,12.68,88,34.0623,62,32.9507,1,6,1.1,302.2,2.516,0.567705,0.5491783,2,23,7.000,8,24,420000
"2020-02-23 07:08:30.39",28794,100177,57.2,12.67,88,34.0596,62,33.0982,1,6,1.1,306.1,3.777,0.56766,0.5516367,2,23,7.000,8,29,710000
"2020-02-23 07:08:36.57",28795,100178,64.27,12.67,88,34.058,62,32.792,1,6,1.3,318.8,4.239,0.5676333,0.5465334,2,23,7.000,8,35,890000
"2020-02-23 07:08:39.16",28796,100179,58.89,12.68,88,34.0593,62,32.7292,1,6,1.9,321.8,3.887,0.567655,0.5454866,2,23,7.000,8,38,480000
"2020-02-23 07:08:41.55",28797,100180,48.23,12.67,88,34.0602,62,33.068,1,6,1.1,324.5,3.19,0.56767,0.5511333,2,23,7.000,8,40,870000
"2020-02-23 07:08:44.17",28798,100181,34.1,12.67,88,34.0592,62,33.2117,1,6,1.1,325.9,2.266,0.5676534,0.5535284,2,23,7.000,8,43,490000
"2020-02-23 07:08:47.17",28799,100182,39.37,12.67,88,34.0569,62,33.2313,1,5,1.3,327.2,2.611,0.567615,0.553855,2,23,7.000,8,46,490000
"2020-02-23 07:08:51.12",28800,100183,43.69,12.68,88,34.0593,62,33.3152,1,7.000,1.3,336.1,2.893,0.567655,0.5552533,2,23,7.000,8,50,440000
"2020-02-23 07:08:58.66",28801,100184,47.22,12.67,88,34.0543,62,33.2906,1,7.000,1.2,343.3,3.124,0.5675716,0.5548433,2,23,7.000,8,57,980000
"2020-02-23 07:09:04.64",28802,100185,48.57,12.67,88,34.0536,62,33.3452,1,6,1.3,351.4,3.212,0.56756,0.5557534,2,23,7.000,9,3,960000
"2020-02-23 07:09:06.88",28803,100186,51.15,12.67,88,34.0536,62,33.2452,1,5,1.9,354.8,3.381,0.56756,0.5540867,2,23,7.000,9,6,200000
"2020-02-23 07:09:09.2",28804,100187,64.94,12.67,88,34.053,62,33.1176,1,7.000,1.3,359.3,4.283,0.56755,0.55196,2,23,7.000,9,8,520000
"2020-02-23 07:09:11.63",28805,100188,56.14,12.67,88,34.0539,62,33.1744,1,7.000,1.3,366.4,3.708,0.567565,0.5529067,2,23,7.000,9,10,950000
"2020-02-23 07:09:13.97",28806,100189,42.96,12.67,88,34.0528,62,33.1821,6,6,1.3,366.5,2.846,0.5675467,0.553035,2,23,7.000,9,13,290000
"2020-02-23 07:09:16.04",28807,100190,37.35,12.67,88,34.0517,62,33.1898,6,7.000,1.3,366.5,2.479,0.5675284,0.5531634,2,23,7.000,9,15,360000
"2020-02-23 07:09:17.86",28808,100191,48.01,12.67,88,34.0506,62,33.1975,6,6,1.3,366.5,3.176,0.56751,0.5532916,2,23,7.000,9,17,180000
"2020-02-23 07:09:19.78",28809,100192,38.25,12.67,88,34.0495,62,33.2052,6,7.000,1.3,366.5,2.538,0.5674916,0.55342,2,23,7.000,9,19,100000
"2020-02-23 07:09:21.79",28810,100193,40.05,12.67,88,34.0484,62,33.2129,6,7.000,1.3,366.6,2.655,0.5674734,0.5535483,2,23,7.000,9,21,110000
"2020-02-23 07:09:23.71",28811,100194,35.78,12.67,88,34.0473,62,33.2205,6,7.000,1.3,366.6,2.376,0.567455,0.553675,2,23,7.000,9,23,30000
"2020-02-23 07:09:26.04",28812,100195,21.88,12.67,88,34.0462,62,33.2282,6,7.000,1.3,366.6,1.467,0.5674366,0.5538033,2,23,7.000,9,25,360000
"2020-02-23 07:09:27.98",28813,100196,23.39,12.67,88,34.0451,62,33.2359,6,8,1.3,366.6,1.566,0.5674183,0.5539316,2,23,7.000,9,27,300000
"2020-02-23 07:09:29.98",28814,100197,23.17,12.67,88,34.044,62,33.2436,6,7.000,1.3,366.7,1.551,0.5674,0.55406,2,23,7.000,9,29,300000
"2020-02-23 07:09:31.99",28815,100198,11.22,12.67,88,34.0429,62,33.2513,6,8,1.3,366.7,0.77,0.5673817,0.5541884,2,23,7.000,9,31,310000
"2020-02-23 07:09:34.04",28816,100199,26.03,12.67,88,34.0418,62,33.259,6,8,1.3,366.7,1.738,0.5673634,0.5543166,2,23,7.000,9,33,360000
"2020-02-23 07:09:36.3",28817,100200,34.72,12.67,88,34.0407,62,33.2667,6,8,1.3,366.8,2.307,0.567345,0.554445,2,23,7.000,9,35,620000
"2020-02-23 07:09:38.35",28818,100201,32.81,12.67,88,34.0396,62,33.2744,6,7.000,1.3,366.8,2.182,0.5673267,0.5545733,2,23,7.000,9,37,670000
"2020-02-23 07:09:40.34",28819,100202,26.03,12.67,88,34.0385,62,33.2821,6,7.000,1.3,366.8,1.738,0.5673084,0.5547017,2,23,7.000,9,39,660000
"2020-02-23 07:09:42.25",28820,100203,16.61,12.66,88,34.0374,62,33.2897,6,7.000,1.3,366.8,1.122,0.56729,0.5548284,2,23,7.000,9,41,570000
"2020-02-23 07:20:06.4",28821,100204,19.41,12.59,88,34.5833,63,57.8276,1,8,0.9,3146.2,1.306,0.5763884,0.9637934,2,23,7.000,20,5,720000
"2020-02-23 07:27:47.74",28822,100205,19.41,12.53,88,34.7691,64,20.3265,1,7.000,1.6,3836,1.306,0.579485,0.338775,2,23,7.000,27,47,60000
"2020-02-23 07:27:55.7",28823,100206,30.63,12.53,88,34.7715,64,19.895,1,5,1.2,3837.7,2.039,0.579525,0.3315834,2,23,7.000,27,55,20000
"2020-02-23 07:27:58.34",28824,100207,32.76,12.53,88,34.7735,64,19.9126,1,5,1.6,3840.7,2.179,0.5795583,0.3318767,2,23,7.000,27,57,660000
"2020-02-23 07:28:00.96",28825,100208,25.36,12.53,88,34.7758,64,19.9464,1,6,1.5,3845,1.695,0.5795966,0.33244,2,23,7.000,28,0,280000
"2020-02-23 07:28:03.39",28826,100209,26.42,12.52,88,34.7704,64,20.5237,1,6,1.1,3855.2,1.764,0.5795067,0.3420617,2,23,7.000,28,2,710000
"2020-02-23 07:28:05.68",28827,100210,35.96,12.53,88,34.7468,64,22.8904,1,6,1.1,3869.5,2.388,0.5791133,0.3815066,2,23,7.000,28,5,0
"2020-02-23 07:28:08.06",28828,100211,35.17,12.53,88,34.744,64,23.2961,1,6,1.1,3876.6,2.336,0.5790666,0.3882684,2,23,7.000,28,7.000,380000
"2020-02-23 07:28:10.11",28829,100212,37.47,12.53,88,34.7423,64,23.4776,1,6,1.1,3882.4,2.487,0.5790383,0.3912934,2,23,7.000,28,9,430000
"2020-02-23 07:28:12.1",28830,100213,25.36,12.53,88,34.7406,64,23.6331,1,6,1.2,3886.9,1.695,0.57901,0.393885,2,23,7.000,28,11,420000
"2020-02-23 07:28:14.82",28831,100214,19.3,12.53,88,34.7413,64,23.7215,1,7.000,1.1,3899.2,1.298,0.5790216,0.3953584,2,23,7.000,28,14,140000
"2020-02-23 07:28:17.36",28832,100215,25.13,12.53,88,34.7435,64,23.7782,1,7.000,1,3903.5,1.68,0.5790584,0.3963033,2,23,7.000,28,16,680000
"2020-02-23 07:28:21.04",28833,100216,32.93,12.53,88,34.7468,64,23.9653,1,6,1.1,3911.4,2.19,0.5791133,0.3994217,2,23,7.000,28,20,360000
"2020-02-23 07:28:23.67",28834,100217,34.33,12.52,88,34.7532,64,23.9066,1,5,1.2,3917.6,2.281,0.57922,0.3984434,2,23,7.000,28,22,990000
"2020-02-23 07:28:26.37",28835,100218,34.56,12.52,88,34.756,64,23.8278,1,5,1.6,3921.3,2.296,0.5792667,0.39713,2,23,7.000,28,25,690000
"2020-02-23 07:28:28.95",28836,100219,31.3,12.52,88,34.7612,64,23.7909,1,6,1.2,3926.6,2.083,0.5793533,0.396515,2,23,7.000,28,28,270000
"2020-02-23 07:28:31.05",28837,100220,21.88,12.52,88,34.7634,64,23.7091,1,7.000,1.5,3930.5,1.467,0.57939,0.3951517,2,23,7.000,28,30,370000
"2020-02-23 07:28:33.36",28838,100221,27.15,12.53,88,34.7664,64,23.6813,1,7.000,1.3,3935.3,1.812,0.57944,0.3946883,2,23,7.000,28,32,680000
"2020-02-23 07:28:35.53",28839,100222,12.24,12.53,88,34.7705,64,23.6581,1,7.000,1.6,3938.9,0.84,0.5795084,0.3943017,2,23,7.000,28,34,840000
"2020-02-23 07:28:38.38",28840,100223,14.48,12.52,88,34.7749,64,23.6284,1,7.000,1.5,3945.1,0.98,0.5795816,0.3938067,2,23,7.000,28,37,700000
"2020-02-23 07:28:41.27",28841,100224,30.74,12.52,88,34.779,64,23.5843,1,7.000,1.1,3950.7,2.047,0.57965,0.3930716,2,23,7.000,28,40,590000
"2020-02-23 07:28:43.82",28842,100225,30.63,12.52,88,34.7828,64,23.527,1,7.000,0.9,3957.1,2.039,0.5797133,0.3921167,2,23,7.000,28,43,140000
"2020-02-23 07:28:45.74",28843,100226,15.71,12.52,88,34.7853,64,23.4818,1,6,1,3960.4,1.064,0.579755,0.3913633,2,23,7.000,28,45,60000
"2020-02-23 07:28:47.92",28844,100227,14.14,12.52,88,34.7879,64,23.4609,1,6,1.1,3963.2,0.96,0.5797984,0.391015,2,23,7.000,28,47,240000
"2020-02-23 07:28:49.91",28845,100228,17.06,12.52,88,34.7909,64,23.4146,1,6,1,3966.3,1.152,0.5798484,0.3902434,2,23,7.000,28,49,230000
"2020-02-23 07:28:51.81",28846,100229,10.5,12.52,88,34.7937,64,23.3885,1,6,1,3969.3,0.72,0.579895,0.3898083,2,23,7.000,28,51,130000
"2020-02-23 07:28:53.78",28847,100230,12.46,12.52,88,34.7961,64,23.3515,1,7.000,0.9,3972.9,0.85,0.579935,0.3891916,2,23,7.000,28,53,100000
"2020-02-23 07:28:55.84",28848,100231,18.12,12.52,88,34.799,64,23.2996,1,6,1.1,3976.2,1.221,0.5799834,0.3883267,2,23,7.000,28,55,160000
"2020-02-23 07:28:57.72",28849,100232,12.35,12.52,88,34.8015,64,23.2257,1,6,1.1,3979.6,0.84,0.580025,0.387095,2,23,7.000,28,57,40000
"2020-02-23 07:28:59.81",28850,100233,17.62,12.52,88,34.8036,64,23.16,1,6,1.1,3983.5,1.188,0.58006,0.386,2,23,7.000,28,59,130000
"2020-02-23 07:29:01.78",28851,100234,16.89,12.52,88,34.8049,64,23.0877,1,6,1.1,3987.5,1.141,0.5800817,0.384795,2,23,7.000,29,1,100000
"2020-02-23 07:29:03.73",28852,100235,21.88,12.52,88,34.8072,64,23.0071,1,7.000,1,3991.3,1.467,0.58012,0.3834516,2,23,7.000,29,3,50000
"2020-02-23 07:29:05.58",28853,100236,19.13,12.52,88,34.8098,64,22.9436,1,6,1.1,3994.9,1.287,0.5801633,0.3823933,2,23,7.000,29,4,900000
"2020-02-23 07:29:07.31",28854,100237,14.26,12.52,88,34.811,64,22.9173,1,6,1.1,3996.6,0.97,0.5801833,0.381955,2,23,7.000,29,6,630000
"2020-02-23 07:29:09.29",28855,100238,16.39,12.52,88,34.8134,64,22.8743,1,6,1.1,4000.6,1.108,0.5802233,0.3812384,2,23,7.000,29,8,610000
"2020-02-23 07:29:11.38",28856,100239,25.02,12.52,88,34.8153,64,22.7993,1,6,1.1,4004.7,1.673,0.580255,0.3799883,2,23,7.000,29,10,700000
"2020-02-23 07:29:13.26",28857,100240,14.14,12.52,88,34.8175,64,22.7591,1,6,1.1,4008.3,0.96,0.5802917,0.3793183,2,23,7.000,29,12,580000
"2020-02-23 07:29:14.87",28858,100241,14.65,12.52,88,34.8192,64,22.7151,1,6,1.1,4012,0.99,0.58032,0.378585,2,23,7.000,29,14,190000
"2020-02-23 07:29:16.7",28859,100242,9.15,12.52,88,34.8212,64,22.6689,1,6,1.1,4015.7,0.64,0.5803534,0.377815,2,23,7.000,29,16,10000
"2020-02-23 07:29:18.27",28860,100243,10.55,12.52,88,34.8221,64,22.6467,1,6,1.1,4017.5,0.73,0.5803684,0.377445,2,23,7.000,29,17,590000
"2020-02-23 07:29:20",28861,100244,14.93,12.52,88,34.8249,64,22.6028,1,7.000,1.1,4021.2,1.012,0.580415,0.3767133,2,23,7.000,29,19,320000
"2020-02-23 07:29:21.71",28862,100245,15.43,12.52,88,34.8267,64,22.5727,1,8,1.1,4024.9,1.045,0.580445,0.3762117,2,23,7.000,29,21,30000
"2020-02-23 07:29:23.31",28863,100246,13.69,12.52,88,34.8281,64,22.5652,1,8,1,4026.6,0.93,0.5804683,0.3760867,2,23,7.000,29,22,630000
"2020-02-23 07:29:26.24",28864,100247,25.58,12.52,88,34.8311,64,22.5258,1,7.000,1,4031.8,1.709,0.5805184,0.37543,2,23,7.000,29,25,560000
"2020-02-23 07:29:28.33",28865,100248,18.63,12.52,88,34.8314,64,22.5863,1,7.000,1,4029.5,1.254,0.5805234,0.3764383,2,23,7.000,29,27,650000
"2020-02-23 07:29:30.12",28866,100249,17.06,12.52,88,34.832,64,22.6342,1,7.000,1,4028.7,1.152,0.5805333,0.3772367,2,23,7.000,29,29,440000
"2020-02-23 07:29:32.43",28867,100250,18.52,12.52,88,34.8336,64,22.5951,1,7.000,0.9,4031.7,1.247,0.58056,0.376585,2,23,7.000,29,31,750000
"2020-02-23 07:29:34.84",28868,100251,23.79,12.52,88,34.8361,64,22.5152,1,7.000,1,4036.4,1.592,0.5806017,0.3752533,2,23,7.000,29,34,160000
"2020-02-23 07:29:37.23",28869,100252,20.31,12.52,88,34.8385,64,22.4667,1,7.000,1,4039.7,1.364,0.5806417,0.374445,2,23,7.000,29,36,550000
"2020-02-23 07:29:39.58",28870,100253,17.06,12.52,88,34.842,64,22.4326,1,7.000,1,4044.8,1.152,0.5807,0.3738767,2,23,7.000,29,38,890000
"2020-02-23 07:29:41.25",28871,100254,18.29,12.51,88,34.8436,64,22.3923,1,6,1.1,4046.6,1.232,0.5807267,0.373205,2,23,7.000,29,40,570000
"2020-02-23 07:29:42.98",28872,100255,16.44,12.52,88,34.8468,64,22.3253,1,6,1.1,4050.5,1.111,0.58078,0.3720884,2,23,7.000,29,42,300000
"2020-02-23 07:29:44.65",28873,100256,17.62,12.52,88,34.8485,64,22.1423,1,6,1.1,4058.3,1.188,0.5808084,0.3690383,2,23,7.000,29,43,970000
"2020-02-23 07:29:46.33",28874,100257,15.32,12.52,88,34.8492,64,22.1456,1,6,1.1,4059.8,1.038,0.58082,0.3690933,2,23,7.000,29,45,650000
"2020-02-23 07:29:48.04",28875,100258,14.98,12.51,88,34.8491,64,22.2015,1,6,1.1,4063.4,1.016,0.5808183,0.370025,2,23,7.000,29,47,360000
"2020-02-23 07:29:49.72",28876,100259,26.54,12.52,88,34.8503,64,22.1687,1,6,1.1,4066.6,1.772,0.5808383,0.3694783,2,23,7.000,29,49,40000
"2020-02-23 07:29:51.68",28877,100260,22.67,12.51,88,34.8519,64,22.1123,1,7.000,1.1,4069.5,1.518,0.580865,0.3685384,2,23,7.000,29,51,0
"2020-02-23 07:29:53.67",28878,100261,15.38,12.51,88,34.854,64,22.0857,1,7.000,1.1,4072.5,1.042,0.5809,0.368095,2,23,7.000,29,52,990000
"2020-02-23 07:29:56.29",28879,100262,13.69,12.52,88,34.855,64,22.1052,1,7.000,1.1,4075.6,0.93,0.5809166,0.36842,2,23,7.000,29,55,610000
"2020-02-23 07:29:57.95",28880,100263,18.18,12.51,88,34.8561,64,22.1652,1,7.000,1.5,4079.1,1.225,0.580935,0.36942,2,23,7.000,29,57,270000
"2020-02-23 07:29:59.61",28881,100264,14.37,12.52,88,34.858,64,22.1485,1,7.000,1.1,4082.2,0.98,0.5809667,0.3691417,2,23,7.000,29,58,930000
"2020-02-23 07:30:01.22",28882,100265,17.28,12.51,88,34.8582,64,22.1406,1,7.000,1.1,4083.6,1.166,0.58097,0.36901,2,23,7.000,30,0,540000
"2020-02-23 07:30:02.97",28883,100266,19.75,12.51,88,34.8592,64,22.1512,1,7.000,1.1,4086.8,1.328,0.5809867,0.3691867,2,23,7.000,30,2,290000
"2020-02-23 07:30:04.76",28884,100267,17.79,12.51,88,34.8624,64,22.1144,1,6,1.1,4090.1,1.199,0.58104,0.3685733,2,23,7.000,30,4,80000
"2020-02-23 07:30:06.44",28885,100268,16.61,12.51,88,34.8631,64,22.087,1,6,1.1,4091.8,1.122,0.5810516,0.3681167,2,23,7.000,30,5,760000
"2020-02-23 07:30:08.22",28886,100269,24.46,12.51,88,34.8648,64,22.0454,1,7.000,1.1,4094.9,1.636,0.58108,0.3674234,2,23,7.000,30,7.000,540000
"2020-02-23 07:30:09.91",28887,100270,18.41,12.51,88,34.8683,64,22.0224,1,7.000,1.1,4098.2,1.24,0.5811384,0.36704,2,23,7.000,30,9,230000
"2020-02-23 07:30:11.71",28888,100271,18.85,12.51,88,34.8718,64,21.9786,1,7.000,1.1,4102,1.269,0.5811967,0.36631,2,23,7.000,30,11,30000
"2020-02-23 07:30:14.37",28889,100272,14.48,12.51,88,34.8835,64,21.8844,1,7.000,0.9,4119.8,0.98,0.5813916,0.36474,2,23,7.000,30,13,690000
"2020-02-23 07:30:16.49",28890,100273,14.7,12.51,88,34.8812,64,21.9041,1,6,1.5,4124.2,1.00,0.5813533,0.3650684,2,23,7.000,30,15,810000
"2020-02-23 07:30:18.14",28891,100274,16.72,12.51,88,34.8808,64,21.8999,1,6,1.5,4125.7,1.13,0.5813466,0.3649984,2,23,7.000,30,17,460000
"2020-02-23 07:30:19.8",28892,100275,15.83,12.51,88,34.8802,64,21.8994,1,7.000,0.9,4127.5,1.071,0.5813367,0.36499,2,23,7.000,30,19,120000
"2020-02-23 07:30:21.5",28893,100276,14.82,12.51,88,34.8787,64,21.9107,1,7.000,0.9,4128.8,1.005,0.5813116,0.3651783,2,23,7.000,30,20,820000
"2020-02-23 07:30:23.23",28894,100277,20.87,12.51,88,34.8777,64,21.9047,1,7.000,0.9,4130.9,1.401,0.581295,0.3650783,2,23,7.000,30,22,550000
"2020-02-23 07:30:25.06",28895,100278,23.12,12.51,88,34.8792,64,21.7627,1,7.000,0.9,4137.7,1.548,0.58132,0.3627116,2,23,7.000,30,24,380000
"2020-02-23 07:30:26.78",28896,100279,19.86,12.51,88,34.883,64,21.631,1,8,1.1,4144.9,1.335,0.5813834,0.3605167,2,23,7.000,30,26,100000
"2020-02-23 07:30:28.62",28897,100280,13.02,12.51,88,34.8869,64,21.6452,1,7.000,0.9,4147.4,0.89,0.5814484,0.3607534,2,23,7.000,30,27,940000
"2020-02-23 07:30:30.83",28898,100281,11.56,12.51,88,34.8874,64,21.502,1,8,0.9,4149.3,0.79,0.5814567,0.3583667,2,23,7.000,30,30,150000
"2020-02-23 07:40:43.8",28903,100001,64.84,12.21,88,34.7943,62,8.1986,1,10,0.7,0.8,4.277,0.579905,0.1366433,2,23,7.000,41,58,410000
