"TOA5","CR800 Series","CR800","12103","CR800.Std.08","CPU:GPSProbeNew_BCE.CR8","60029","OperatorView"
"TIMESTAMP","RECORD","Counter","DepthCm","BattVolts","latitude_a","latitude_b","Longitude_a","Longitude_b","fix_quality","nmbr_satellites","altitudeB","DepthVolts","LatitudeDDDDD","LongitudeDDDDD","month","dayofmonth","hourofday","minutes","seconds","microseconds"
"TS","RN","","","","degrees","minutes","degrees","minutes","unitless","","","","","","","","","","",""
"","","Smp","Smp","Smp","Smp","Smp","Smp","Smp","Smp","Smp","Smp","Smp","Smp","Smp","Smp","Smp","Smp","Smp","Smp","Smp"
"2000-05-23 07:51:23.25",79090,100002,-0.215,13.64,87,7.8933,114,45.141,1,8,2.1,0.007,0.131555,0.75235,5,23,7,51,23,860000
"2000-05-23 07:51:23.5",79091,100003,123.6,13.64,87,7.8929,114,45.1401,1,8,2.9,7.863,0.1315483,0.752335,5,23,7,51,29,370000
"2000-05-23 07:51:24.25",79092,100004,11.88,13.55,87,7.8731,114,45.0402,1,10,5.8,0.775,0.1312183,0.75067,5,23,7,53,59,520000
"2000-05-23 07:51:25.25",79093,100005,8.78,13.56,87,7.8736,114,45.0361,1,10,5.7,0.578,0.1312267,0.7506016,5,23,7,54,4,420000
"2000-05-23 07:51:26.25",79094,100006,13.37,13.56,87,7.8745,114,45.0249,1,10,5.7,0.869,0.1312417,0.750415,5,23,7,54,6,940000
"2000-05-23 07:51:27.25",79095,100007,22.48,13.55,87,7.8755,114,45.0178,1,10,5.3,1.448,0.1312583,0.7502967,5,23,7,54,10,450000
"2000-05-23 07:51:28.25",79096,100008,16.41,13.53,87,7.8762,114,45.0169,1,10,5.2,1.062,0.13127,0.7502816,5,23,7,54,45,890000
"2000-05-23 07:51:29.25",79097,100009,15.83,13.53,87,7.8772,114,45.0097,1,10,5.2,1.026,0.1312867,0.7501617,5,23,7,54,49,190000
"2000-05-23 07:51:30",79098,100010,3.339,13.53,87,7.8781,114,45.0065,1,10,4.8,0.233,0.1313017,0.7501084,5,23,7,54,52,890000
"2000-05-23 07:51:31",79099,100011,3.74,13.53,87,7.8791,114,45.0022,1,10,5,0.258,0.1313183,0.7500367,5,23,7,54,55,490000
"2000-05-23 07:51:32",79100,100012,3.625,13.53,87,7.8798,114,44.9991,1,10,5.2,0.251,0.13133,0.749985,5,23,7,54,57,830000
"2000-05-23 07:51:33",79101,100013,4.485,13.53,87,7.8805,114,44.9908,1,10,5.1,0.306,0.1313417,0.7498466,5,23,7,54,59,970000
"2000-05-23 07:51:33.75",79102,100014,4.6,13.52,87,7.8813,114,44.9806,1,10,4.9,0.313,0.131355,0.7496766,5,23,7,55,2,80000
"2000-05-23 07:51:34.5",79103,100015,3.912,13.52,87,7.8821,114,44.9689,1,10,5,0.269,0.1313683,0.7494816,5,23,7,55,4,0
"2000-05-23 07:51:35.25",79104,100016,3.912,13.52,87,7.883,114,44.9589,1,10,4.9,0.269,0.1313833,0.749315,5,23,7,55,6,30000
"2000-05-23 07:51:36",79105,100017,3.568,13.52,87,7.8838,114,44.949,1,10,4.6,0.247,0.1313967,0.74915,5,23,7,55,7,860000
"2000-05-23 07:51:37",79106,100018,3.683,13.52,87,7.8845,114,44.9399,1,10,4.7,0.255,0.1314083,0.7489983,5,23,7,55,9,760000
"2000-05-23 07:51:38",79107,100019,6.09,13.52,87,7.8853,114,44.9277,1,10,4.7,0.407,0.1314217,0.748795,5,23,7,55,11,690000
"2000-05-23 07:51:38.75",79108,100020,5.288,13.52,87,7.886,114,44.9133,1,10,4.7,0.356,0.1314333,0.748555,5,23,7,55,13,610000
"2000-05-23 07:51:39.75",79109,100021,9.3,13.52,87,7.8866,114,44.9048,1,10,4.7,0.611,0.1314433,0.7484133,5,23,7,55,16,230000
"2000-05-23 07:51:40.75",79110,100022,2.995,13.52,87,7.8875,114,44.8935,1,10,4.8,0.211,0.1314583,0.748225,5,23,7,55,19,160000
"2000-05-23 07:51:41.5",79111,100023,3.568,13.52,87,7.8888,114,44.8849,1,10,4.8,0.247,0.13148,0.7480816,5,23,7,55,21,750000
"2000-05-23 07:51:42.25",79112,100024,3.224,13.52,87,7.8898,114,44.8776,1,10,4.9,0.226,0.1314967,0.74796,5,23,7,55,23,950000
"2000-05-23 07:51:43",79113,100025,13.94,13.51,87,7.8908,114,44.8777,1,10,4.8,0.906,0.1315133,0.7479617,5,23,7,55,26,150000
"2000-05-23 07:51:43.75",79114,100026,12.28,13.51,87,7.8926,114,44.8745,1,10,4.9,0.8,0.1315433,0.7479084,5,23,7,55,30,460000
"2000-05-23 07:51:44.5",79115,100027,12.4,13.51,87,7.8933,114,44.877,1,10,5,0.807,0.131555,0.74795,5,23,7,55,34,60000
"2000-05-23 07:51:45.75",79116,100028,15.84,13.51,87,7.8942,114,44.8808,1,10,5,1.026,0.13157,0.7480133,5,23,7,55,36,920000
"2000-05-23 07:51:46.5",79117,100029,15.95,13.51,87,7.8955,114,44.8781,1,10,4.9,1.033,0.1315917,0.7479684,5,23,7,55,40,880000
"2000-05-23 07:51:47.25",79118,100030,10.56,13.51,87,7.8967,114,44.8786,1,10,4.9,0.691,0.1316117,0.7479767,5,23,7,55,43,590000
"2000-05-23 07:51:48.25",79119,100031,13.08,13.51,87,7.8975,114,44.8741,1,10,5.3,0.851,0.131625,0.7479017,5,23,7,55,46,270000
"2000-05-23 07:51:49",79120,100032,14.63,13.51,87,7.8985,114,44.8737,1,10,5.3,0.949,0.1316417,0.747895,5,23,7,55,49,10000
"2000-05-23 07:51:49.75",79121,100033,15.95,13.5,87,7.8997,114,44.8768,1,10,5.3,1.033,0.1316617,0.7479467,5,23,7,55,51,800000
"2000-05-23 07:51:51",79122,100034,16.41,13.51,87,7.9006,114,44.8743,1,10,5.2,1.062,0.1316767,0.747905,5,23,7,55,54,650000
"2000-05-23 07:51:52",79123,100035,16.64,13.49,87,7.9012,114,44.8753,1,10,5.3,1.077,0.1316867,0.7479217,5,23,7,55,57,320000
"2000-05-23 07:51:53",79124,100036,16.92,13.5,87,7.9025,114,44.8775,1,10,5.4,1.095,0.1317083,0.7479583,5,23,7,56,0,100000
"2000-05-23 07:51:54",79125,100037,17.1,13.5,87,7.9035,114,44.8799,1,10,5.5,1.106,0.131725,0.7479984,5,23,7,56,2,910000
"2000-05-23 07:51:55",79126,100038,14.4,13.49,87,7.9044,114,44.8819,1,10,5.3,0.935,0.13174,0.7480317,5,23,7,56,5,650000
"2000-05-23 07:51:55.75",79127,100039,10.91,13.49,87,7.9047,114,44.8851,1,10,5.1,0.713,0.131745,0.748085,5,23,7,56,8,150000
"2000-05-23 07:51:56.75",79128,100040,13.43,13.49,87,7.9057,114,44.884,1,10,5.2,0.873,0.1317617,0.7480667,5,23,7,56,10,950000
"2000-05-23 07:51:57.75",79129,100041,12.4,13.49,87,7.9061,114,44.8864,1,10,5.3,0.807,0.1317683,0.7481067,5,23,7,56,13,440000
"2000-05-23 07:51:58.75",79130,100042,11.54,13.49,87,7.9068,114,44.8907,1,10,5.1,0.753,0.13178,0.7481784,5,23,7,56,15,990000
"2000-05-23 07:52:00.25",79131,100043,11.82,13.49,87,7.9077,114,44.891,1,10,4.9,0.771,0.131795,0.7481833,5,23,7,56,18,660000
"2000-05-23 07:52:01.25",79132,100044,11.94,13.49,87,7.9083,114,44.893,1,10,4.9,0.778,0.131805,0.7482167,5,23,7,56,22,550000
"2000-05-23 07:52:02",79133,100045,15.26,13.49,87,7.9088,114,44.8945,1,10,4.9,0.989,0.1318133,0.7482417,5,23,7,56,25,110000
"2000-05-23 07:52:03.25",79134,100046,14.12,13.49,87,7.9097,114,44.8964,1,10,5.1,0.917,0.1318283,0.7482733,5,23,7,56,27,510000
"2000-05-23 07:52:04.5",79135,100047,16.7,13.49,87,7.9102,114,44.8958,1,10,5.1,1.08,0.1318367,0.7482634,5,23,7,56,29,920000
"2000-05-23 07:52:05.25",79136,100048,17.5,13.49,87,7.911,114,44.9025,1,10,5.1,1.131,0.13185,0.748375,5,23,7,56,32,530000
"2000-05-23 07:52:06.5",79137,100049,17.9,13.49,87,7.9116,114,44.9019,1,10,5.4,1.157,0.13186,0.748365,5,23,7,56,35,80000
"2000-05-23 07:52:07.5",79138,100050,16.06,13.48,87,7.9125,114,44.9039,1,10,5.4,1.04,0.131875,0.7483984,5,23,7,56,37,710000
"2000-05-23 07:52:08.5",79139,100051,16.01,13.48,87,7.913,114,44.9029,1,10,5.4,1.037,0.1318833,0.7483817,5,23,7,56,40,400000
"2000-05-23 07:52:09.75",79140,100052,14.23,13.48,87,7.9138,114,44.9051,1,10,5.2,0.924,0.1318967,0.7484184,5,23,7,56,43,110000
"2000-05-23 07:52:10.5",79141,100053,13.66,13.48,87,7.9146,114,44.907,1,10,5.3,0.888,0.13191,0.74845,5,23,7,56,45,670000
"2000-05-23 07:52:11.5",79142,100054,14.17,13.48,87,7.9152,114,44.9074,1,10,5.4,0.92,0.13192,0.7484567,5,23,7,56,48,270000
"2000-05-23 07:52:12.75",79143,100055,11.13,13.48,87,7.9159,114,44.9075,1,10,5.5,0.727,0.1319317,0.7484583,5,23,7,56,50,800000
"2000-05-23 07:52:13.5",79144,100056,11.94,13.47,87,7.9164,114,44.9059,1,10,5.6,0.778,0.13194,0.7484316,5,23,7,56,53,360000
"2000-05-23 07:52:14.25",79145,100057,10.91,13.48,87,7.9173,114,44.9052,1,10,5.8,0.713,0.131955,0.74842,5,23,7,56,55,910000
"2000-05-23 07:52:15.75",79146,100058,9.42,13.47,87,7.9178,114,44.9059,1,10,6.1,0.618,0.1319633,0.7484316,5,23,7,56,58,450000
"2000-05-23 07:52:16.5",79147,100059,13.54,13.48,87,7.9187,114,44.9099,1,10,6.2,0.88,0.1319783,0.7484983,5,23,7,57,1,100000
"2000-05-23 07:52:17.5",79148,100060,15.03,13.48,87,7.9194,114,44.9119,1,10,6.7,0.975,0.13199,0.7485316,5,23,7,57,4,200000
"2000-05-23 07:52:18.25",79149,100061,11.42,13.48,87,7.9203,114,44.9147,1,10,6.2,0.746,0.132005,0.7485783,5,23,7,57,6,890000
"2000-05-23 07:52:19.25",79150,100062,9.42,13.47,87,7.9208,114,44.9169,1,10,6.2,0.618,0.1320133,0.748615,5,23,7,57,9,450000
"2000-05-23 07:52:20",79151,100063,10.91,13.47,87,7.9216,114,44.9192,1,10,6.1,0.713,0.1320267,0.7486534,5,23,7,57,12,210000
"2000-05-23 07:52:20.75",79152,100064,12.17,13.47,87,7.9224,114,44.9214,1,10,5.9,0.793,0.13204,0.7486899,5,23,7,57,15,70000
"2000-05-23 07:52:21.75",79153,100065,9.19,13.47,87,7.9234,114,44.9211,1,10,6.3,0.604,0.1320567,0.748685,5,23,7,57,17,710000
"2000-05-23 07:52:22.5",79154,100066,10.05,13.47,87,7.9237,114,44.9217,1,10,6.2,0.658,0.1320617,0.748695,5,23,7,57,20,370000
"2000-05-23 07:52:23.25",79155,100067,10.45,13.47,87,7.9245,114,44.9232,1,10,6.3,0.684,0.132075,0.74872,5,23,7,57,23,30000
"2000-05-23 07:52:24",79156,100068,10.1,13.47,87,7.9254,114,44.921,1,10,6.5,0.662,0.13209,0.7486833,5,23,7,57,25,750000
"2000-05-23 07:52:25",79157,100069,10.1,13.47,87,7.9258,114,44.9211,1,10,6.4,0.662,0.1320967,0.748685,5,23,7,57,28,360000
"2000-05-23 07:52:25.75",79158,100070,9.07,13.47,87,7.9265,114,44.9231,1,10,6.5,0.597,0.1321083,0.7487183,5,23,7,57,30,970000
"2000-05-23 07:52:26.75",79159,100071,12.85,13.47,87,7.9273,114,44.9223,1,10,6.5,0.837,0.1321217,0.748705,5,23,7,57,33,800000
"2000-05-23 07:52:27.75",79160,100072,10.85,13.47,87,7.9279,114,44.9219,1,10,6.7,0.709,0.1321317,0.7486984,5,23,7,57,36,540000
"2000-05-23 07:52:28.5",79161,100073,9.99,13.46,87,7.9284,114,44.9205,1,10,6.7,0.655,0.13214,0.748675,5,23,7,57,39,220000
"2000-05-23 07:52:29.25",79162,100074,12.34,13.46,87,7.9295,114,44.9211,1,10,6.7,0.804,0.1321583,0.748685,5,23,7,57,42,850000
"2000-05-23 07:52:30.25",79163,100075,17.78,13.46,87,7.9302,114,44.922,1,10,6.7,1.149,0.13217,0.7487,5,23,7,57,45,810000
"2000-05-23 07:52:31",79164,100076,15.66,13.46,87,7.9302,114,44.9094,1,10,6.8,1.015,0.13217,0.74849,5,23,7,57,51,560000
"2000-05-23 07:52:32",79165,100077,12.28,13.46,87,7.9299,114,44.9019,1,10,6.8,0.8,0.132165,0.748365,5,23,7,57,56,80000
"2000-05-23 07:52:32.75",79166,100078,10.56,13.46,87,7.9295,114,44.8887,1,10,6.5,0.691,0.1321583,0.748145,5,23,7,57,58,640000
"2000-05-23 07:52:34",79167,100079,13.54,13.46,87,7.9294,114,44.8756,1,10,6.5,0.88,0.1321567,0.7479267,5,23,7,58,1,360000
"2000-05-23 07:52:35",79168,100080,17.9,13.46,87,7.9293,114,44.8553,1,10,6.5,1.157,0.132155,0.7475883,5,23,7,58,5,120000
"2000-05-23 07:52:36",79169,100081,10.56,13.46,87,7.9289,114,44.8336,1,10,6.2,0.691,0.1321483,0.7472267,5,23,7,58,8,0
"2000-05-23 07:52:36.75",79170,100082,9.07,13.46,87,7.9285,114,44.8096,1,10,6.2,0.597,0.1321417,0.7468267,5,23,7,58,11,100000
"2000-05-23 07:52:37.5",79171,100083,12.45,13.45,87,7.9281,114,44.7915,1,10,6,0.811,0.132135,0.746525,5,23,7,58,14,120000
"2000-05-23 07:52:38.25",79172,100084,13.2,13.46,87,7.9277,114,44.7719,1,10,6.4,0.858,0.1321283,0.7461984,5,23,7,58,17,60000
"2000-05-23 07:52:39.25",79173,100085,16.29,13.45,87,7.9273,114,44.756,1,10,6.5,1.055,0.1321217,0.7459334,5,23,7,58,19,870000
"2000-05-23 07:52:40.25",79174,100086,13.08,13.45,87,7.9267,114,44.7378,1,10,6.6,0.851,0.1321117,0.74563,5,23,7,58,22,820000
"2000-05-23 07:52:41.25",79175,100087,13.77,13.45,87,7.9259,114,44.7173,1,9,6.7,0.895,0.1320983,0.7452883,5,23,7,58,26,500000
"2000-05-23 07:52:42",79176,100088,12.28,13.45,87,7.9255,114,44.7027,1,9,7,0.8,0.1320917,0.745045,5,23,7,58,29,680000
"2000-05-23 07:52:42.75",79177,100089,12.85,13.45,87,7.9252,114,44.695,1,9,7.2,0.837,0.1320867,0.7449167,5,23,7,58,32,300000
"2000-05-23 07:52:43.5",79178,100090,14.12,13.45,87,7.9246,114,44.6754,1,9,7.4,0.917,0.1320767,0.74459,5,23,7,58,34,950000
"2000-05-23 07:52:44.25",79179,100091,12.97,13.45,87,7.9239,114,44.6604,1,9,7.4,0.844,0.132065,0.74434,5,23,7,58,37,940000
"2000-05-23 07:59:38.25",79180,100092,-0.215,13.45,87,7.9234,114,44.6294,1,9,9.1,0.007,0.1320567,0.7438233,5,23,7,59,38,860000
"2000-05-23 07:59:38.5",79181,100093,8.67,13.45,87,7.9224,114,44.6355,1,10,10.7,0.571,0.13204,0.743925,5,23,7,59,42,440000
"2000-05-23 07:59:39.25",79182,100094,11.42,13.44,87,7.9226,114,44.6133,1,9,11.7,0.746,0.1320433,0.743555,5,23,7,59,45,250000
"2000-05-23 07:59:40",79183,100095,12.4,13.45,87,7.9217,114,44.6038,1,10,11.7,0.808,0.1320283,0.7433967,5,23,7,59,48,170000
"2000-05-23 07:59:40.75",79184,100096,11.82,13.45,87,7.9213,114,44.5825,1,9,12.1,0.771,0.1320217,0.7430417,5,23,7,59,50,850000
"2000-05-23 07:59:41.5",79185,100097,9.99,13.45,87,7.9211,114,44.5746,1,9,12.5,0.655,0.1320183,0.74291,5,23,7,59,53,600000
"2000-05-23 07:59:42.25",79186,100098,9.7,13.44,87,7.9208,114,44.5697,1,9,12.4,0.637,0.1320133,0.7428283,5,23,7,59,56,200000
"2000-05-23 07:59:43",79187,100099,11.48,13.43,87,7.9204,114,44.5592,1,9,12.8,0.749,0.1320067,0.7426533,5,23,7,59,58,780000
"2000-05-23 07:59:43.75",79188,100100,9.99,13.44,87,7.9201,114,44.5393,1,9,13.3,0.655,0.1320017,0.7423217,5,23,8,0,1,860000
"2000-05-23 07:59:44.75",79189,100101,8.9,13.44,87,7.9198,114,44.5333,1,9,13.4,0.586,0.1319967,0.7422217,5,23,8,0,4,410000
"2000-05-23 07:59:45.5",79190,100102,9.19,13.44,87,7.9198,114,44.522,1,9,13.9,0.604,0.1319967,0.7420333,5,23,8,0,7,120000
"2000-05-23 07:59:46.25",79191,100103,7.638,13.44,87,7.9192,114,44.514,1,9,14.2,0.506,0.1319867,0.7419,5,23,8,0,9,900000
"2000-05-23 07:59:47.25",79192,100104,9.64,13.43,87,7.9184,114,44.5052,1,9,14.3,0.633,0.1319733,0.7417533,5,23,8,0,12,540000
"2000-05-23 07:59:48",79193,100105,12.4,13.43,87,7.9182,114,44.4951,1,9,14.5,0.808,0.13197,0.741585,5,23,8,0,15,410000
"2000-05-23 07:59:49",79194,100106,11.02,13.43,87,7.9178,114,44.4792,1,9,14.9,0.72,0.1319633,0.74132,5,23,8,0,17,970000
"2000-05-23 07:59:49.75",79195,100107,10.1,13.43,87,7.9174,114,44.4616,1,9,14.5,0.662,0.1319567,0.7410267,5,23,8,0,20,740000
"2000-05-23 07:59:50.5",79196,100108,14.06,13.43,87,7.9172,114,44.4512,1,9,14.6,0.913,0.1319533,0.7408533,5,23,8,0,23,420000
"2000-05-23 07:59:51.25",79197,100109,17.21,13.43,87,7.9171,114,44.4336,1,9,14.8,1.113,0.1319517,0.74056,5,23,8,0,25,970000
"2000-05-23 07:59:52",79198,100110,17.67,13.43,87,7.9167,114,44.4203,1,9,14.5,1.142,0.131945,0.7403383,5,23,8,0,28,920000
"2000-05-23 07:59:53",79199,100111,16.98,13.43,87,7.9161,114,44.404,1,9,14.6,1.099,0.131935,0.7400666,5,23,8,0,31,780000
"2000-05-23 07:59:54",79200,100112,25.24,13.43,87,7.9156,114,44.39,1,9,14.2,1.622,0.1319267,0.7398333,5,23,8,0,35,130000
"2000-05-23 07:59:54.75",79201,100113,33.38,13.43,87,7.9151,114,44.3811,1,9,14.5,2.139,0.1319183,0.739685,5,23,8,0,38,650000
"2000-05-23 07:59:55.5",79202,100114,27.42,13.43,87,7.9148,114,44.3808,1,9,14.9,1.761,0.1319133,0.73968,5,23,8,0,42,160000
"2000-05-23 07:59:56.5",79203,100115,19.85,13.43,87,7.9145,114,44.3757,1,9,14.2,1.28,0.1319083,0.7395951,5,23,8,0,45,430000
"2000-05-23 07:59:57.25",79204,100116,18.88,13.42,87,7.9139,114,44.3697,1,9,14.5,1.219,0.1318983,0.739495,5,23,8,0,48,190000
"2000-05-23 07:59:58.75",79205,100117,19.68,13.43,87,7.9135,114,44.3578,1,9,14.6,1.27,0.1318917,0.7392967,5,23,8,0,50,930000
"2000-05-23 07:59:59.5",79206,100118,26.44,13.42,87,7.913,114,44.3457,1,9,14.1,1.699,0.1318833,0.739095,5,23,8,0,53,750000
"2000-05-23 08:00:01",79207,100119,25.12,13.42,87,7.9127,114,44.3304,1,9,14.1,1.615,0.1318783,0.73884,5,23,8,0,56,710000
"2000-05-23 08:00:02",79208,100120,32.35,13.42,87,7.9123,114,44.3153,1,9,13.4,2.073,0.1318717,0.7385883,5,23,8,0,59,800000
"2000-05-23 08:00:02.75",79209,100121,43.58,13.42,87,7.9116,114,44.305,1,9,13.7,2.786,0.13186,0.7384167,5,23,8,1,2,970000
"2000-05-23 08:00:03.75",79210,100122,43.81,13.42,87,7.9109,114,44.2898,1,9,14,2.801,0.1318483,0.7381633,5,23,8,1,6,780000
"2000-05-23 08:00:04.5",79211,100123,41.18,13.42,87,7.9105,114,44.2698,1,9,13.8,2.634,0.1318417,0.73783,5,23,8,1,9,870000
"2000-05-23 08:00:05.25",79212,100124,38.54,13.42,87,7.9101,114,44.2657,1,9,14.4,2.466,0.131835,0.7377617,5,23,8,1,13,20000
"2000-05-23 08:00:06.5",79213,100125,20.65,13.42,87,7.9096,114,44.2883,1,9,13.8,1.331,0.1318267,0.7381383,5,23,8,1,19,840000
"2000-05-23 08:00:07.5",79214,100126,9.59,13.42,87,7.9089,114,44.2928,1,9,14,0.629,0.131815,0.7382134,5,23,8,1,22,990000
"2000-05-23 08:00:08.25",79215,100127,7.754,13.41,87,7.9086,114,44.3002,1,9,13.6,0.513,0.13181,0.7383367,5,23,8,1,25,250000
"2000-05-23 08:00:09",79216,100128,9.19,13.41,87,7.9079,114,44.3106,1,9,13.5,0.604,0.1317983,0.73851,5,23,8,1,27,460000
"2000-05-23 08:00:09.75",79217,100129,9.59,13.42,87,7.9073,114,44.3167,1,9,13.6,0.629,0.1317883,0.7386116,5,23,8,1,29,650000
"2000-05-23 08:00:10.5",79218,100130,9.76,13.41,87,7.9067,114,44.3274,1,9,13.7,0.64,0.1317783,0.73879,5,23,8,1,31,990000
"2000-05-23 08:00:11.25",79219,100131,13.31,13.41,87,7.9061,114,44.3336,1,9,14.1,0.866,0.1317683,0.7388933,5,23,8,1,34,550000
"2000-05-23 08:00:12.5",79220,100132,11.59,13.42,87,7.9055,114,44.3359,1,9,14.1,0.757,0.1317583,0.7389317,5,23,8,1,36,960000
"2000-05-23 08:00:13.25",79221,100133,14.92,13.42,87,7.9046,114,44.3406,1,9,13.8,0.968,0.1317433,0.73901,5,23,8,1,39,670000
"2000-05-23 08:00:14",79222,100134,13.89,13.41,87,7.9042,114,44.34,1,9,13.8,0.902,0.1317367,0.739,5,23,8,1,42,100000
"2000-05-23 08:00:15.25",79223,100135,14,13.41,87,7.9037,114,44.3399,1,9,13.7,0.909,0.1317283,0.7389984,5,23,8,1,44,490000
"2000-05-23 08:00:16",79224,100136,13.43,13.41,87,7.9029,114,44.3494,1,9,13.1,0.873,0.131715,0.7391567,5,23,8,1,46,720000
"2000-05-23 08:00:16.75",79225,100137,15.72,13.41,87,7.9024,114,44.3443,1,9,13.1,1.019,0.1317067,0.7390717,5,23,8,1,49,90000
"2000-05-23 08:00:17.5",79226,100138,14.23,13.41,87,7.9018,114,44.3496,1,9,13.1,0.924,0.1316967,0.73916,5,23,8,1,51,450000
"2000-05-23 08:00:18.75",79227,100139,13.54,13.41,87,7.9017,114,44.3538,1,9,12.2,0.88,0.131695,0.73923,5,23,8,1,53,890000
"2000-05-23 08:00:20",79228,100140,15.21,13.41,87,7.9009,114,44.3535,1,9,11.9,0.986,0.1316817,0.739225,5,23,8,1,56,270000
"2000-05-23 08:00:20.75",79229,100141,17.21,13.41,87,7.9,114,44.3611,1,9,11.3,1.113,0.1316667,0.7393516,5,23,8,1,58,710000
"2000-05-23 08:00:21.75",79230,100142,16.07,13.41,87,7.8998,114,44.365,1,9,10.8,1.04,0.1316633,0.7394167,5,23,8,2,1,170000
"2000-05-23 08:00:22.5",79231,100143,11.14,13.41,87,7.8985,114,44.3754,1,9,10.6,0.728,0.1316417,0.73959,5,23,8,2,3,750000
"2000-05-23 08:00:23.25",79232,100144,11.71,13.41,87,7.8983,114,44.3756,1,9,10.4,0.764,0.1316383,0.7395933,5,23,8,2,6,330000
"2000-05-23 08:00:24.75",79233,100145,10.45,13.41,87,7.8974,114,44.3851,1,9,11,0.684,0.1316233,0.7397517,5,23,8,2,8,780000
"2000-05-23 08:00:25.75",79234,100146,12,13.4,87,7.8965,114,44.396,1,9,10.6,0.782,0.1316083,0.7399333,5,23,8,2,11,630000
"2000-05-23 08:00:26.75",79235,100147,12.17,13.41,87,7.8961,114,44.3987,1,9,10.8,0.793,0.1316017,0.7399784,5,23,8,2,14,30000
"2000-05-23 08:00:27.75",79236,100148,12.51,13.4,87,7.8956,114,44.4027,1,9,10.6,0.815,0.1315933,0.740045,5,23,8,2,16,470000
"2000-05-23 08:00:28.75",79237,100149,12.51,13.4,87,7.8946,114,44.4172,1,9,9.9,0.815,0.1315767,0.7402866,5,23,8,2,18,910000
"2000-05-23 08:00:29.25",79238,100150,11.77,13.41,87,7.8942,114,44.4161,1,9,10.2,0.768,0.13157,0.7402683,5,23,8,2,21,380000
"2000-05-23 08:00:30",79239,100151,9.53,13.4,87,7.8933,114,44.4217,1,9,10.6,0.626,0.131555,0.7403616,5,23,8,2,23,910000
"2000-05-23 08:00:31.25",79240,100152,8.38,13.41,87,7.8928,114,44.4244,1,9,10.5,0.553,0.1315467,0.7404067,5,23,8,2,26,430000
"2000-05-23 08:00:32.25",79241,100153,10.22,13.4,87,7.8922,114,44.4259,1,9,10.6,0.669,0.1315367,0.7404317,5,23,8,2,28,840000
"2000-05-23 08:00:33.5",79242,100154,8.84,13.4,87,7.8917,114,44.4291,1,9,10.7,0.582,0.1315283,0.740485,5,23,8,2,31,250000
"2000-05-23 08:00:34.5",79243,100155,8.04,13.4,87,7.8908,114,44.4355,1,9,10,0.531,0.1315133,0.7405917,5,23,8,2,33,660000
"2000-05-23 08:00:35.5",79244,100156,9.88,13.4,87,7.8903,114,44.4373,1,9,10,0.648,0.131505,0.7406217,5,23,8,2,36,180000
"2000-05-23 08:00:36.25",79245,100157,8.61,13.4,87,7.8895,114,44.4421,1,9,10,0.568,0.1314917,0.7407017,5,23,8,2,38,670000
"2000-05-23 08:00:37",79246,100158,8.61,13.4,87,7.8887,114,44.4459,1,9,10.1,0.568,0.1314783,0.740765,5,23,8,2,41,30000
"2000-05-23 08:00:38",79247,100159,8.61,13.4,87,7.8876,114,44.4534,1,9,10.1,0.568,0.13146,0.74089,5,23,8,2,43,550000
"2000-05-23 08:00:39",79248,100160,8.16,13.4,87,7.887,114,44.459,1,9,10,0.538,0.13145,0.7409833,5,23,8,2,46,80000
"2000-05-23 08:00:39.75",79249,100161,7.009,13.4,87,7.8863,114,44.4691,1,9,9.7,0.466,0.1314383,0.7411517,5,23,8,2,48,720000
"2000-05-23 08:00:41.5",79250,100162,4.945,13.4,87,7.8859,114,44.4759,1,9,9.5,0.335,0.1314317,0.741265,5,23,8,2,51,450000
"2000-05-23 08:00:42.25",79251,100163,2.881,13.4,87,7.8851,114,44.4871,1,9,8.8,0.204,0.1314183,0.7414516,5,23,8,2,54,340000
"2000-05-23 08:00:43",79252,100164,3.454,13.4,87,7.8842,114,44.4921,1,9,8.8,0.24,0.1314033,0.741535,5,23,8,2,58,170000
"2000-05-23 08:00:43.75",79253,100165,4.027,13.39,87,7.8831,114,44.4986,1,9,8.9,0.276,0.131385,0.7416433,5,23,8,3,0,740000
"2000-05-23 08:00:44.75",79254,100166,4.257,13.4,87,7.8827,114,44.5068,1,9,8.9,0.291,0.1313783,0.74178,5,23,8,3,3,530000
"2000-05-23 08:00:45.5",79255,100167,4.027,13.39,87,7.8823,114,44.5139,1,9,8.7,0.276,0.1313717,0.7418984,5,23,8,3,6,190000
"2000-05-23 08:00:46.25",79256,100168,2.651,13.39,87,7.8816,114,44.5152,1,9,9.3,0.189,0.13136,0.7419201,5,23,8,3,8,770000
"2000-05-23 08:00:47.25",79257,100169,3.11,13.39,87,7.8812,114,44.5189,1,9,9.5,0.218,0.1313533,0.7419817,5,23,8,3,11,750000
"2000-05-23 08:00:48",79258,100170,7.811,13.39,87,7.8808,114,44.5213,1,9,9.3,0.517,0.1313467,0.7420217,5,23,8,3,14,360000
"2000-05-23 08:00:49",79259,100171,5.518,13.39,87,7.8798,114,44.5233,1,9,9.5,0.371,0.13133,0.742055,5,23,8,3,16,920000
"2000-05-23 08:00:50",79260,100172,4.945,13.39,87,7.8793,114,44.5375,1,9,8.7,0.335,0.1313217,0.7422916,5,23,8,3,19,590000
"2000-05-23 08:00:51",79261,100173,2.078,13.39,87,7.8788,114,44.5374,1,9,8.4,0.153,0.1313133,0.74229,5,23,8,3,22,150000
"2000-05-23 08:00:51.75",79262,100174,4.945,13.39,87,7.878,114,44.5489,1,9,8.2,0.335,0.1313,0.7424816,5,23,8,3,24,740000
"2000-05-23 08:00:52.75",79263,100175,13.77,13.39,87,7.8774,114,44.5526,1,9,8.1,0.895,0.13129,0.7425433,5,23,8,3,27,410000
"2000-05-23 08:00:53.75",79264,100176,20.31,13.39,87,7.8764,114,44.5528,1,9,8.6,1.31,0.1312733,0.7425467,5,23,8,3,30,700000
"2000-05-23 08:00:54.75",79265,100177,18.59,13.39,87,7.8757,114,44.5607,1,9,8.6,1.201,0.1312617,0.7426783,5,23,8,3,34,530000
"2000-05-23 08:00:55.75",79266,100178,17.33,13.39,87,7.8754,114,44.5681,1,9,8.6,1.12,0.1312567,0.7428017,5,23,8,3,39,380000
"2000-05-23 08:00:56.75",79267,100179,13.95,13.39,87,7.8743,114,44.5733,1,9,8.8,0.906,0.1312383,0.7428883,5,23,8,3,42,690000
"2000-05-23 08:00:57.5",79268,100180,17.79,13.39,87,7.8741,114,44.5769,1,9,8.6,1.15,0.131235,0.7429484,5,23,8,3,45,470000
"2000-05-23 08:00:58.25",79269,100181,12.86,13.39,87,7.8731,114,44.588,1,9,8.1,0.837,0.1312183,0.7431334,5,23,8,3,48,80000
"2000-05-23 08:00:59",79270,100182,12.05,13.38,87,7.8722,114,44.5916,1,9,8.3,0.786,0.1312033,0.7431933,5,23,8,3,50,710000
"2000-05-23 08:00:59.75",79271,100183,9.99,13.38,87,7.8715,114,44.5982,1,9,8.1,0.655,0.1311917,0.7433034,5,23,8,3,53,440000
"2000-05-23 08:01:00.5",79272,100184,20.54,13.38,87,7.8707,114,44.6071,1,9,8.8,1.324,0.1311783,0.7434517,5,23,8,3,56,40000
"2000-05-23 08:01:01.25",79273,100185,27.42,13.38,87,7.8698,114,44.6113,1,9,8.7,1.761,0.1311633,0.7435217,5,23,8,3,59,140000
"2000-05-23 08:01:02.5",79274,100186,19.11,13.38,87,7.8698,114,44.6131,1,9,8.8,1.233,0.1311633,0.7435516,5,23,8,4,1,670000
"2000-05-23 08:01:03.25",79275,100187,14.69,13.38,87,7.8691,114,44.6169,1,9,8.9,0.953,0.1311517,0.743615,5,23,8,4,5,50000
"2000-05-23 08:01:04",79276,100188,16.07,13.38,87,7.8684,114,44.6144,1,9,8.5,1.04,0.13114,0.7435733,5,23,8,4,8,210000
"2000-05-23 08:01:05",79277,100189,16.18,13.38,87,7.8675,114,44.619,1,9,8.7,1.048,0.131125,0.74365,5,23,8,4,10,670000
"2000-05-23 08:01:06",79278,100190,11.77,13.38,87,7.8672,114,44.628,1,9,8.4,0.768,0.13112,0.7438,5,23,8,4,13,110000
"2000-05-23 08:01:06.75",79279,100191,14.29,13.38,87,7.8663,114,44.6392,1,9,7.7,0.928,0.131105,0.7439867,5,23,8,4,15,630000
"2000-05-23 08:01:07.75",79280,100192,18.07,13.38,87,7.8661,114,44.6401,1,9,7.7,1.168,0.1311017,0.7440016,5,23,8,4,18,130000
"2000-05-23 08:01:09",79281,100193,19.45,13.38,87,7.8652,114,44.6503,1,9,7.7,1.255,0.1310867,0.7441717,5,23,8,4,21,80000
"2000-05-23 08:01:09.75",79282,100194,16.87,13.38,87,7.8646,114,44.6434,1,9,7.9,1.091,0.1310767,0.7440566,5,23,8,4,23,690000
"2000-05-23 08:01:10.75",79283,100195,18.93,13.38,87,7.8639,114,44.6578,1,9,7.8,1.222,0.131065,0.7442967,5,23,8,4,26,670000
"2000-05-23 08:01:11.5",79284,100196,25.47,13.38,87,7.8633,114,44.658,1,9,7.4,1.637,0.131055,0.7443,5,23,8,4,32,70000
"2000-05-23 08:01:12.5",79285,100197,19.74,13.38,87,7.8624,114,44.6587,1,9,7.3,1.273,0.13104,0.7443116,5,23,8,4,34,910000
"2000-05-23 08:01:13.25",79286,100198,10.91,13.38,87,7.8615,114,44.6634,1,9,6.9,0.713,0.131025,0.74439,5,23,8,4,37,650000
"2000-05-23 08:01:14.25",79287,100199,19.05,13.37,87,7.861,114,44.6716,1,9,7.3,1.23,0.1310167,0.7445267,5,23,8,4,40,390000
"2000-05-23 08:01:15",79288,100200,14.81,13.37,87,7.8606,114,44.675,1,9,7.2,0.96,0.13101,0.7445833,5,23,8,4,43,100000
"2000-05-23 08:01:15.75",79289,100201,18.93,13.37,87,7.8602,114,44.6887,1,9,6.9,1.222,0.1310033,0.7448117,5,23,8,4,45,950000
"2000-05-23 08:01:16.75",79290,100202,16.76,13.37,87,7.8602,114,44.6957,1,9,7.2,1.084,0.1310033,0.7449284,5,23,8,4,48,450000
"2000-05-23 08:01:17.75",79291,100203,13.2,13.37,87,7.8594,114,44.6966,1,9,7.6,0.859,0.13099,0.7449434,5,23,8,4,50,880000
"2000-05-23 08:01:18.5",79292,100204,11.37,13.37,87,7.8587,114,44.7034,1,9,7.3,0.742,0.1309783,0.7450567,5,23,8,4,53,450000
"2000-05-23 08:01:19.5",79293,100205,11.14,13.37,87,7.858,114,44.7033,1,9,7.1,0.728,0.1309667,0.745055,5,23,8,4,55,950000
"2000-05-23 08:01:20.5",79294,100206,12.63,13.36,87,7.8573,114,44.7058,1,9,7.1,0.822,0.130955,0.7450966,5,23,8,4,58,400000
"2000-05-23 08:01:21.25",79295,100207,15.44,13.37,87,7.8565,114,44.7091,1,9,7.2,1,0.1309417,0.7451516,5,23,8,5,1,0
"2000-05-23 08:01:22",79296,100208,18.02,13.37,87,7.8558,114,44.7197,1,9,7.1,1.164,0.13093,0.7453283,5,23,8,5,3,750000
"2000-05-23 08:01:22.75",79297,100209,17.33,13.37,87,7.8553,114,44.7253,1,9,7.3,1.12,0.1309217,0.7454216,5,23,8,5,6,690000
"2000-05-23 08:01:23.5",79298,100210,18.82,13.37,87,7.8548,114,44.7321,1,9,6.9,1.215,0.1309133,0.745535,5,23,8,5,9,640000
"2000-05-23 08:01:24.5",79299,100211,19.85,13.37,87,7.8544,114,44.7297,1,9,7.1,1.281,0.1309067,0.745495,5,23,8,5,12,400000
"2000-05-23 08:01:25.25",79300,100212,21.86,13.37,87,7.8537,114,44.7311,1,9,7.1,1.408,0.130895,0.7455183,5,23,8,5,15,160000
"2000-05-23 08:01:26",79301,100213,21.34,13.36,87,7.8533,114,44.7342,1,9,7.5,1.375,0.1308883,0.74557,5,23,8,5,17,700000
"2000-05-23 08:01:26.75",79302,100214,14.98,13.36,87,7.8532,114,44.7415,1,9,7.9,0.971,0.1308867,0.7456917,5,23,8,5,20,490000
"2000-05-23 08:01:27.5",79303,100215,15.55,13.37,87,7.8527,114,44.7456,1,9,7.4,1.008,0.1308783,0.74576,5,23,8,5,23,90000
"2000-05-23 08:01:28.25",79304,100216,15.32,13.36,87,7.8521,114,44.7449,1,9,7.9,0.993,0.1308683,0.7457483,5,23,8,5,26,120000
"2000-05-23 08:01:29",79305,100217,17.21,13.36,87,7.8512,114,44.7444,1,9,7.5,1.113,0.1308533,0.74574,5,23,8,5,29,10000
"2000-05-23 08:01:29.75",79306,100218,26.39,13.36,87,7.8504,114,44.7456,1,9,7.3,1.695,0.13084,0.74576,5,23,8,5,31,870000
"2000-05-23 08:01:30.75",79307,100219,25.13,13.36,87,7.8494,114,44.7568,1,9,7.3,1.615,0.1308233,0.7459467,5,23,8,5,34,930000
"2000-05-23 08:01:32",79308,100220,20.42,13.36,87,7.8492,114,44.7711,1,9,7.3,1.317,0.13082,0.746185,5,23,8,5,37,880000
"2000-05-23 08:01:33",79309,100221,37.8,13.36,87,7.8485,114,44.775,1,9,7.7,2.419,0.1308083,0.74625,5,23,8,5,41,100000
"2000-05-23 08:01:34",79310,100222,20.08,13.36,87,7.848,114,44.7742,1,9,8.2,1.295,0.1308,0.7462367,5,23,8,5,43,990000
"2000-05-23 08:01:34.75",79311,100223,37.05,13.36,87,7.8475,114,44.7809,1,9,8.4,2.372,0.1307917,0.7463483,5,23,8,5,47,150000
"2000-05-23 08:01:35.5",79312,100224,66.06,13.36,87,7.8467,114,44.7888,1,9,8.7,4.213,0.1307783,0.74648,5,23,8,5,50,600000
"2000-05-23 08:01:36.5",79313,100225,54.6,13.36,87,7.8467,114,44.7915,1,9,9,3.485,0.1307783,0.746525,5,23,8,5,54,110000
"2000-05-23 08:01:37.25",79314,100226,50.24,13.36,87,7.8459,114,44.7942,1,9,9,3.209,0.130765,0.74657,5,23,8,5,58,820000
"2000-05-23 08:01:38",79315,100227,47.14,13.35,87,7.8457,114,44.7911,1,9,8.3,3.012,0.1307617,0.7465183,5,23,8,6,2,450000
"2000-05-23 08:01:38.75",79316,100228,54.37,13.35,87,7.8447,114,44.794,1,9,8.9,3.471,0.130745,0.7465667,5,23,8,6,6,170000
"2000-05-23 08:01:39.5",79317,100229,11.54,13.35,87,7.8441,114,44.7901,1,9,9.6,0.753,0.130735,0.7465017,5,23,8,6,10,760000
"2000-05-23 08:01:40.25",79318,100230,23.29,13.35,87,7.8436,114,44.7904,1,9,10.2,1.499,0.1307267,0.7465067,5,23,8,6,13,580000
"2000-05-23 08:01:41.25",79319,100231,20.2,13.35,87,7.843,114,44.7989,1,9,10.2,1.302,0.1307167,0.7466484,5,23,8,6,16,610000
"2000-05-23 08:01:42",79320,100232,21.34,13.35,87,7.8426,114,44.7881,1,9,11,1.375,0.13071,0.7464684,5,23,8,6,20,930000
"2000-05-23 08:01:43",79321,100233,19.16,13.35,87,7.842,114,44.7934,1,9,10.7,1.237,0.1307,0.7465566,5,23,8,6,24,20000
"2000-05-23 08:01:44.25",79322,100234,14.81,13.35,87,7.8415,114,44.7985,1,9,10.8,0.96,0.1306917,0.7466417,5,23,8,6,27,280000
"2000-05-23 08:01:45",79323,100235,14,13.35,87,7.8407,114,44.8001,1,9,10.4,0.909,0.1306783,0.7466683,5,23,8,6,30,790000
"2000-05-23 08:01:45.75",79324,100236,36.99,13.35,87,7.8402,114,44.8031,1,9,10.2,2.368,0.13067,0.7467183,5,23,8,6,33,420000
"2000-05-23 08:01:46.5",79325,100237,55.97,13.35,87,7.8389,114,44.812,1,9,11.1,3.572,0.1306483,0.7468666,5,23,8,6,37,940000
"2000-05-23 08:01:47.5",79326,100238,42.79,13.35,87,7.838,114,44.8117,1,9,10.5,2.736,0.1306333,0.7468616,5,23,8,6,42,320000
"2000-05-23 08:01:48.5",79327,100239,44.39,13.35,87,7.8376,114,44.8159,1,9,10.5,2.838,0.1306267,0.7469317,5,23,8,6,45,480000
"2000-05-23 08:01:49.25",79328,100240,31.66,13.35,87,7.837,114,44.8258,1,9,10.4,2.03,0.1306167,0.7470967,5,23,8,6,48,360000
"2000-05-23 08:01:50",79329,100241,35.56,13.34,87,7.8363,114,44.8274,1,9,10.3,2.277,0.130605,0.7471234,5,23,8,6,51,700000
"2000-05-23 08:01:51.25",79330,100242,20.88,13.35,87,7.8351,114,44.825,1,9,10.1,1.346,0.130585,0.7470834,5,23,8,6,55,600000
"2000-05-23 08:01:52.5",79331,100243,14,13.34,87,7.8343,114,44.8411,1,9,10.2,0.909,0.1305717,0.7473516,5,23,8,7,6,250000
"2000-05-23 08:01:53.25",79332,100244,11.14,13.34,87,7.8343,114,44.8638,1,9,10,0.728,0.1305717,0.74773,5,23,8,7,9,700000
"2000-05-23 08:01:54",79333,100245,11.83,13.34,87,7.8349,114,44.8756,1,9,10,0.771,0.1305817,0.7479267,5,23,8,7,14,40000
"2000-05-23 08:01:55.5",79334,100246,19.16,13.34,87,7.8349,114,44.8886,1,9,9.7,1.237,0.1305817,0.7481433,5,23,8,7,17,140000
"2000-05-23 08:01:56.5",79335,100247,19.57,13.34,87,7.835,114,44.9018,1,9,9.7,1.262,0.1305833,0.7483633,5,23,8,7,20,480000
"2000-05-23 08:01:58",79336,100248,15.27,13.34,87,7.8356,114,44.9166,1,9,9.6,0.99,0.1305933,0.74861,5,23,8,7,23,800000
"2000-05-23 08:01:58.75",79337,100249,10.79,13.34,87,7.8358,114,44.9373,1,9,9.5,0.706,0.1305967,0.748955,5,23,8,7,27,50000
"2000-05-23 08:01:59.5",79338,100250,27.19,13.34,87,7.8361,114,44.9552,1,9,9.9,1.746,0.1306017,0.7492533,5,23,8,7,30,90000
"2000-05-23 08:02:00.25",79339,100251,36.82,13.34,87,7.8359,114,44.9732,1,9,9.5,2.357,0.1305983,0.7495534,5,23,8,7,33,240000
"2000-05-23 08:02:01.5",79340,100252,13.55,13.34,87,7.836,114,44.9829,1,9,8.9,0.88,0.1306,0.749715,5,23,8,7,36,520000
"2000-05-23 08:02:03",79341,100253,19.45,13.34,87,7.8362,114,44.9971,1,9,8.5,1.255,0.1306033,0.7499517,5,23,8,7,39,440000
"2000-05-23 08:02:03.75",79342,100254,12.46,13.34,87,7.8366,114,45.0153,1,9,7.3,0.811,0.13061,0.750255,5,23,8,7,45,420000
"2000-05-23 08:02:04.75",79343,100255,32.12,13.34,87,7.8365,114,45.0335,1,9,7.9,2.059,0.1306083,0.7505583,5,23,8,7,48,360000
"2000-05-23 08:02:06.25",79344,100256,35.33,13.34,87,7.8365,114,45.0525,1,9,7.6,2.263,0.1306083,0.7508751,5,23,8,7,52,520000
"2000-05-23 08:02:07.5",79345,100257,17.56,13.33,87,7.8369,114,45.0634,1,9,7.1,1.135,0.130615,0.7510567,5,23,8,7,55,650000
"2000-05-23 08:02:08.25",79346,100258,17.67,13.33,87,7.837,114,45.0856,1,9,6.9,1.142,0.1306167,0.7514267,5,23,8,7,59,590000
"2000-05-23 08:02:09.25",79347,100259,19.51,13.33,87,7.8368,114,45.0958,1,9,6,1.259,0.1306133,0.7515966,5,23,8,8,5,780000
"2000-05-23 08:02:10",79348,100260,15.55,13.33,87,7.8367,114,45.1041,1,9,5.8,1.008,0.1306117,0.751735,5,23,8,8,9,260000
"2000-05-23 08:02:10.75",79349,100261,16.99,13.33,87,7.8371,114,45.1233,1,9,6,1.099,0.1306183,0.752055,5,23,8,8,12,630000
"2000-05-23 08:02:11.5",79350,100262,18.71,13.33,87,7.8377,114,45.1323,1,9,5.3,1.208,0.1306283,0.752205,5,23,8,8,15,530000
"2000-05-23 08:02:12.25",79351,100263,14.35,13.33,87,7.8378,114,45.1506,1,9,5.2,0.931,0.13063,0.75251,5,23,8,8,19,680000
"2000-05-23 08:02:13",79352,100264,13.55,13.33,87,7.8383,114,45.1566,1,9,5.3,0.88,0.1306383,0.75261,5,23,8,8,24,320000
"2000-05-23 08:02:13.75",79353,100265,6.207,13.33,87,7.8388,114,45.1631,1,9,5,0.415,0.1306467,0.7527183,5,23,8,8,27,460000
"2000-05-23 08:02:14.5",79354,100266,9.47,13.32,87,7.8388,114,45.1952,1,9,4.7,0.622,0.1306467,0.7532533,5,23,8,8,32,800000
"2000-05-23 08:02:15.25",79355,100267,23.29,13.33,87,7.839,114,45.1973,1,9,5.1,1.499,0.13065,0.7532883,5,23,8,8,36,600000
"2000-05-23 08:02:16",79356,100268,33.84,13.32,87,7.8391,114,45.2067,1,9,5,2.168,0.1306517,0.753445,5,23,8,8,39,890000
"2000-05-23 08:02:17.5",79357,100269,34.42,13.33,87,7.8396,114,45.2313,1,9,4.8,2.205,0.13066,0.753855,5,23,8,8,48,180000
"2000-05-23 08:02:18.75",79358,100270,32.47,13.33,87,7.8402,114,45.2258,1,9,5.2,2.081,0.13067,0.7537633,5,23,8,8,51,440000
"2000-05-23 08:02:19.75",79359,100271,20.89,13.32,87,7.8416,114,45.239,1,9,5.1,1.346,0.1306933,0.7539833,5,23,8,8,57,680000
"2000-05-23 08:02:20.75",79360,100272,23.64,13.32,87,7.8423,114,45.2466,1,9,4.9,1.521,0.130705,0.75411,5,23,8,9,0,850000
"2000-05-23 08:02:21.75",79361,100273,48.58,13.32,87,7.8432,114,45.2529,1,9,6,3.104,0.13072,0.754215,5,23,8,9,5,890000
"2000-05-23 08:02:22.5",79362,100274,46.92,13.32,87,7.843,114,45.269,1,9,6.3,2.998,0.1307167,0.7544833,5,23,8,9,9,700000
"2000-05-23 08:02:23.5",79363,100275,58.16,13.32,87,7.844,114,45.2775,1,9,6.5,3.711,0.1307333,0.754625,5,23,8,9,13,310000
"2000-05-23 08:02:24.5",79364,100276,56.09,13.32,87,7.8449,114,45.2805,1,9,6.7,3.58,0.1307483,0.754675,5,23,8,9,17,120000
"2000-05-23 08:02:25.5",79365,100277,64.35,13.31,87,7.8459,114,45.2914,1,9,6.7,4.104,0.130765,0.7548567,5,23,8,9,21,130000
"2000-05-23 08:02:26.25",79366,100278,26.96,13.32,87,7.8466,114,45.3037,1,9,7.3,1.732,0.1307767,0.7550617,5,23,8,9,25,220000
"2000-05-23 08:02:27",79367,100279,27.54,13.32,87,7.8465,114,45.2929,1,9,8.5,1.768,0.130775,0.7548817,5,23,8,9,29,430000
"2000-05-23 08:02:28",79368,100280,18.82,13.32,87,7.8474,114,45.2978,1,9,8.5,1.215,0.13079,0.7549633,5,23,8,9,32,950000
"2000-05-23 08:02:28.75",79369,100281,21.35,13.32,87,7.8482,114,45.3007,1,9,9.2,1.375,0.1308033,0.7550117,5,23,8,9,36,820000
"2000-05-23 08:02:29.5",79370,100282,39.81,13.32,87,7.8487,114,45.3095,1,9,8.9,2.547,0.1308117,0.7551584,5,23,8,9,42,490000
"2000-05-23 08:02:30.5",79371,100283,20.31,13.31,87,7.849,114,45.3093,1,9,8.1,1.31,0.1308167,0.755155,5,23,8,9,46,340000
"2000-05-23 08:02:31.25",79372,100284,47.03,13.31,87,7.851,114,45.3182,1,9,7.7,3.005,0.13085,0.7553033,5,23,8,9,51,80000
"2000-05-23 08:02:32.25",79373,100285,52.94,13.31,87,7.8521,114,45.3406,1,9,7.1,3.38,0.1308683,0.7556766,5,23,8,9,56,230000
"2000-05-23 08:02:33.5",79374,100286,46.75,13.31,87,7.8527,114,45.3501,1,9,6.6,2.987,0.1308783,0.755835,5,23,8,10,0,470000
"2000-05-23 08:02:34.5",79375,100287,40.61,13.31,87,7.8544,114,45.3632,1,9,6.2,2.598,0.1309067,0.7560533,5,23,8,10,11,700000
"2000-05-23 08:02:35.25",79376,100288,44.17,13.31,87,7.8552,114,45.3744,1,9,6.5,2.823,0.13092,0.75624,5,23,8,10,16,110000
"2000-05-23 08:02:36.5",79377,100289,40.38,13.31,87,7.8559,114,45.3924,1,9,6.2,2.583,0.1309317,0.75654,5,23,8,10,20,230000
"2000-05-23 08:02:37.25",79378,100290,30.52,13.31,87,7.8565,114,45.4027,1,9,5.6,1.957,0.1309417,0.7567117,5,23,8,10,23,860000
"2000-05-23 08:02:38",79379,100291,9.99,13.3,87,7.8579,114,45.397,1,9,4.4,0.655,0.130965,0.7566167,5,23,8,10,39,140000
"2000-05-23 08:02:39.25",79380,100292,52.2,13.3,87,7.8583,114,45.3779,1,9,5.7,3.333,0.1309717,0.7562983,5,23,8,10,45,490000
"2000-05-23 08:02:40.5",79381,100293,14.58,13.3,87,7.8587,114,45.3805,1,9,4.8,0.946,0.1309783,0.7563417,5,23,8,10,49,170000
"2000-05-23 08:02:42",79382,100294,18.71,13.3,87,7.8596,114,45.3633,1,9,4.7,1.208,0.1309933,0.756055,5,23,8,10,52,940000
"2000-05-23 08:02:43",79383,100295,17.22,13.3,87,7.8601,114,45.3536,1,9,4.9,1.113,0.1310017,0.7558933,5,23,8,10,56,460000
"2000-05-23 08:02:44",79384,100296,21.23,13.3,87,7.8607,114,45.341,1,9,5,1.368,0.1310117,0.7556833,5,23,8,10,59,910000
"2000-05-23 08:02:44.75",79385,100297,16.18,13.3,87,7.8615,114,45.3231,1,9,4.9,1.048,0.131025,0.755385,5,23,8,11,3,380000
"2000-05-23 08:02:45.5",79386,100298,20.89,13.3,87,7.8625,114,45.3043,1,9,4.4,1.346,0.1310417,0.7550716,5,23,8,11,6,550000
"2000-05-23 08:02:46.25",79387,100299,20.08,13.29,87,7.8625,114,45.3042,1,9,4.2,1.295,0.1310417,0.75507,5,23,8,11,9,570000
"2000-05-23 08:02:47",79388,100300,13.32,13.3,87,7.8626,114,45.3003,1,9,4.3,0.866,0.1310433,0.755005,5,23,8,11,13,120000
"2000-05-23 08:02:47.75",79389,100301,19.22,13.3,87,7.8636,114,45.2919,1,9,4.1,1.241,0.13106,0.754865,5,23,8,11,16,840000
"2000-05-23 08:02:48.5",79390,100302,14.24,13.29,87,7.865,114,45.272,1,9,4.3,0.924,0.1310833,0.7545334,5,23,8,11,20,280000
"2000-05-23 08:02:49.25",79391,100303,16.13,13.3,87,7.8657,114,45.2591,1,9,4.4,1.044,0.131095,0.7543184,5,23,8,11,23,470000
"2000-05-23 08:02:50",79392,100304,15.55,13.29,87,7.8669,114,45.237,1,9,3.4,1.008,0.131115,0.75395,5,23,8,11,26,760000
"2000-05-23 08:02:51",79393,100305,12.74,13.29,87,7.8675,114,45.2284,1,9,3,0.83,0.131125,0.7538067,5,23,8,11,29,860000
"2000-05-23 08:02:52",79394,100306,3.111,13.29,87,7.8674,114,45.2186,1,9,3.5,0.218,0.1311233,0.7536433,5,23,8,11,35,640000
"2000-05-23 08:02:52.75",79395,100307,9.99,13.29,87,7.8684,114,45.2026,1,9,4,0.655,0.13114,0.7533767,5,23,8,11,40,460000
"2000-05-23 08:02:53.5",79396,100308,11.25,13.29,87,7.8687,114,45.1991,1,9,3.6,0.735,0.131145,0.7533184,5,23,8,11,44,290000
"2000-05-23 08:02:54.25",79397,100309,13.55,13.28,87,7.8698,114,45.1808,1,9,3.8,0.881,0.1311633,0.7530134,5,23,8,11,47,620000
"2000-05-23 08:02:55",79398,100310,13.09,13.29,87,7.8704,114,45.1667,1,9,3.4,0.851,0.1311733,0.7527783,5,23,8,11,50,980000
"2000-05-23 08:02:55.75",79399,100311,10.45,13.28,87,7.8716,114,45.1472,1,9,3.9,0.684,0.1311933,0.7524534,5,23,8,11,53,890000
"2000-05-23 08:02:56.5",79400,100312,9.19,13.28,87,7.8719,114,45.1432,1,9,4.1,0.604,0.1311983,0.7523867,5,23,8,11,56,430000
"2000-05-23 08:02:57.5",79401,100313,12.06,13.28,87,7.8725,114,45.1371,1,9,4,0.786,0.1312083,0.752285,5,23,8,11,59,110000
