"TOA5","35279","CR800","35279","CR800.Std.27.04","CPU:AWI_V2.1_Anja.CR8","15615","OperatorView"
"TIMESTAMP","RECORD","Counter","DepthCm","BattVolts","latitude_a","latitude_b","Longitude_a","Longitude_b","fix_quality","nmbr_satellites","HDOP","altitudeB","DepthVolts","LatitudeDDDDD","LongitudeDDDDD","month","dayofmonth","hourofday","minutes","seconds","microseconds"
"TS","RN","","","","degrees","minutes","degrees","minutes","unitless","","","","","","","","","","","",""
"","","Smp","Smp","Smp","Smp","Smp","Smp","Smp","Smp","Smp","Smp","Smp","Smp","Smp","Smp","Smp","Smp","Smp","Smp","Smp","Smp"
"2020-02-12 06:49:32.78",25621,100001,-0.44,12.94,87,51.9826,87,55.8918,1,10,0.7,-12.3,0.01,0.8663767,0.93153,2,12,6,55,34,170000
"2020-02-12 06:55:40.22",25622,100002,119.9,12.93,87,51.9825,87,55.9188,1,11,0.7,-13.7,7.879,0.866375,0.93198,2,12,6,55,39,540000
"2020-02-12 06:55:42.84",25623,100003,-0.49,12.93,87,51.9826,87,55.9161,1,11,0.7,-13.8,0.00,0.8663767,0.931935,2,12,6,55,42,160000
"2020-02-12 06:55:46.45",25624,100004,119.9,12.93,87,51.9827,87,55.91,1,11,0.7,-13.9,7.879,0.8663784,0.9318334,2,12,6,55,45,770000
"2020-02-12 06:56:17.53",25625,100005,119.9,12.91,87,51.9843,87,55.8426,1,11,0.7,-14.3,7.879,0.866405,0.93071,2,12,6,56,16,850000
"2020-02-12 06:56:18.84",25626,100006,119.9,12.91,87,51.9843,87,55.8415,1,11,0.7,-14.4,7.879,0.866405,0.9306917,2,12,6,56,18,160000
"2020-02-12 06:56:20.24",25627,100007,119.9,12.91,87,51.9844,87,55.839,1,11,0.7,-14.3,7.879,0.8664066,0.93065,2,12,6,56,19,560000
"2020-02-12 06:56:30.58",25628,100008,12.35,12.9,87,51.9852,87,55.8078,1,11,0.7,-15.4,0.84,0.86642,0.93013,2,12,6,56,29,900000
"2020-02-12 06:56:50.93",25629,100009,11.51,12.89,87,51.9859,87,55.7588,1,11,0.7,-15.6,0.79,0.8664317,0.9293134,2,12,6,56,50,250000
"2020-02-12 06:56:55.07",25630,100010,10.78,12.89,87,51.986,87,55.7401,1,11,0.7,-14.9,0.74,0.8664334,0.9290017,2,12,6,56,54,390000
"2020-02-12 06:57:00.55",25631,100011,9.88,12.89,87,51.9861,87,55.7187,1,11,0.7,-14.3,0.68,0.866435,0.928645,2,12,6,56,59,870000
"2020-02-12 06:57:05.75",25632,100012,12.24,12.89,87,51.986,87,55.699,1,11,0.7,-14.1,0.84,0.8664334,0.9283167,2,12,6,57,5,70000
"2020-02-12 06:57:10.12",25633,100013,7.975,12.89,87,51.9862,87,55.6809,1,11,0.7,-13.6,0.56,0.8664366,0.928015,2,12,6,57,9,440000
"2020-02-12 06:57:14.84",25634,100014,9.10,12.89,87,51.9861,87,55.6599,1,11,0.7,-12.9,0.63,0.866435,0.927665,2,12,6,57,14,160000
"2020-02-12 06:57:19.57",25635,100015,10.22,12.88,87,51.9859,87,55.6399,1,11,0.7,-12.3,0.70,0.8664317,0.9273317,2,12,6,57,18,890000
"2020-02-12 06:57:24.43",25636,100016,9.99,12.87,87,51.9858,87,55.6144,1,11,0.7,-12,0.69,0.8664301,0.9269066,2,12,6,57,23,750000
"2020-02-12 06:57:29.48",25637,100017,10.95,12.88,87,51.9859,87,55.5956,1,11,0.7,-11.8,0.75,0.8664317,0.9265934,2,12,6,57,28,800000
"2020-02-12 06:57:34.47",25638,100018,10.16,12.87,87,51.9859,87,55.5745,1,11,0.7,-11.7,0.70,0.8664317,0.9262417,2,12,6,57,33,790000
"2020-02-12 06:57:38.82",25639,100019,7.246,12.87,87,51.9856,87,55.5557,1,11,0.7,-11.8,0.51,0.8664266,0.9259283,2,12,6,57,38,140000
"2020-02-12 06:57:45.24",25640,100020,9.77,12.87,87,51.9857,87,55.5322,1,11,0.7,-11.7,0.68,0.8664283,0.9255367,2,12,6,57,44,550000
"2020-02-12 06:57:49.45",25641,100021,14.93,12.87,87,51.9858,87,55.5122,1,11,0.7,-11.7,1.012,0.8664301,0.9252034,2,12,6,57,48,770000
"2020-02-12 06:57:54.38",25642,100022,11,12.86,87,51.9859,87,55.4922,1,11,0.7,-11.6,0.76,0.8664317,0.9248699,2,12,6,57,53,690000
"2020-02-12 06:57:58.91",25643,100023,12.63,12.86,87,51.9859,87,55.4797,1,11,0.7,-11.6,0.86,0.8664317,0.9246616,2,12,6,57,58,230000
"2020-02-12 06:58:03.94",25644,100024,14.82,12.86,87,51.9857,87,55.4558,1,11,0.7,-11.2,1.005,0.8664283,0.9242633,2,12,6,58,3,260000
"2020-02-12 06:58:08.47",25645,100025,11.9,12.85,87,51.9857,87,55.4403,1,11,0.7,-11,0.81,0.8664283,0.924005,2,12,6,58,7.000,790000
"2020-02-12 06:58:13.61",25646,100026,19.31,12.85,87,51.9857,87,55.4215,1,11,0.7,-10.7,1.299,0.8664283,0.9236917,2,12,6,58,12,930000
"2020-02-12 06:58:17.95",25647,100027,16.05,12.85,87,51.9857,87,55.4136,1,11,0.7,-10.7,1.086,0.8664283,0.92356,2,12,6,58,17,270000
"2020-02-12 06:58:23.18",25648,100028,19.75,12.85,87,51.9855,87,55.3812,1,11,0.7,-10.5,1.328,0.866425,0.92302,2,12,6,58,22,500000
"2020-02-12 06:58:28.15",25649,100029,26.6,12.85,87,51.9853,87,55.3579,1,11,0.7,-10.6,1.775,0.8664216,0.9226316,2,12,6,58,27,460000
"2020-02-12 06:58:37.32",25650,100030,29.29,12.84,87,51.9852,87,55.3262,1,11,0.7,-10.7,1.952,0.86642,0.9221033,2,12,6,58,36,640000
"2020-02-12 06:58:44.49",25651,100031,28.28,12.85,87,51.9853,87,55.2922,1,11,0.7,-10.6,1.886,0.8664216,0.9215366,2,12,6,58,43,810000
"2020-02-12 06:58:50.45",25652,100032,26.93,12.84,87,51.9852,87,55.2758,1,11,0.7,-10.8,1.797,0.86642,0.9212634,2,12,6,58,49,760000
"2020-02-12 06:58:54.65",25653,100033,22.67,12.84,87,51.9853,87,55.2605,1,11,0.7,-10.7,1.519,0.8664216,0.9210083,2,12,6,58,53,970000
"2020-02-12 06:59:01.07",25654,100034,23.68,12.83,87,51.9853,87,55.2359,1,11,0.7,-10.5,1.585,0.8664216,0.9205983,2,12,6,59,0,390000
"2020-02-12 06:59:05.29",25655,100035,33.22,12.84,87,51.9854,87,55.2208,1,11,0.7,-10.4,2.208,0.8664234,0.9203466,2,12,6,59,4,610000
"2020-02-12 06:59:10.54",25656,100036,34.79,12.84,87,51.9854,87,55.2027,1,11,0.7,-10.3,2.311,0.8664234,0.920045,2,12,6,59,9,860000
"2020-02-12 06:59:15.61",25657,100037,34.39,12.83,87,51.9853,87,55.1814,1,11,0.7,-10,2.285,0.8664216,0.91969,2,12,6,59,14,930000
"2020-02-12 06:59:20.34",25658,100038,33.1,12.83,87,51.9853,87,55.1602,1,11,0.7,-9.9,2.201,0.8664216,0.9193366,2,12,6,59,19,660000
"2020-02-12 06:59:27.4",25659,100039,23.23,12.83,87,51.9858,87,55.1327,1,11,0.7,-10,1.555,0.8664301,0.9188784,2,12,6,59,26,720000
"2020-02-12 06:59:35.13",25660,100040,18.75,12.83,87,51.9861,87,55.1093,1,11,0.7,-10.3,1.262,0.866435,0.9184883,2,12,6,59,34,450000
"2020-02-12 06:59:40.6",25661,100041,16.73,12.82,87,51.986,87,55.0907,1,11,0.7,-9.9,1.13,0.8664334,0.9181783,2,12,6,59,39,920000
"2020-02-12 06:59:49.89",25662,100042,22.56,12.82,87,51.9858,87,55.0693,1,11,0.7,-9.6,1.511,0.8664301,0.9178217,2,12,6,59,49,210000
"2020-02-12 06:59:55.35",25663,100043,21.44,12.82,87,51.9858,87,55.0417,1,11,0.7,-9.5,1.438,0.8664301,0.9173616,2,12,6,59,54,670000
"2020-02-12 07:00:04.39",25664,100044,24.07,12.82,87,51.9859,87,55.0147,1,11,0.7,-9.4,1.61,0.8664317,0.9169118,2,12,7.000,0,3,710000
"2020-02-12 07:00:10.7",25665,100045,26.6,12.82,87,51.9858,87,54.9831,1,11,0.7,-9.4,1.776,0.8664301,0.916385,2,12,7.000,0,10,20000
"2020-02-12 07:00:26.93",25666,100046,61.54,12.81,87,51.9858,87,54.9444,1,11,0.7,-9.8,4.061,0.8664301,0.91574,2,12,7.000,0,26,250000
"2020-02-12 07:00:39.11",25667,100047,39.05,12.8,87,51.9862,87,54.9062,1,11,0.7,-9.9,2.59,0.8664366,0.9151033,2,12,7.000,0,38,430000
"2020-02-12 07:00:48.73",25668,100048,38.44,12.8,87,51.9866,87,54.8877,1,11,0.7,-9.8,2.55,0.8664434,0.914795,2,12,7.000,0,48,50000
"2020-02-12 07:00:58.29",25669,100049,37.93,12.8,87,51.9868,87,54.8662,1,11,0.7,-9.8,2.517,0.8664466,0.9144366,2,12,7.000,0,57,610000
"2020-02-12 07:01:04.54",25670,100050,45.22,12.8,87,51.9868,87,54.8444,1,11,0.7,-9.6,2.994,0.8664466,0.9140733,2,12,7.000,1,3,860000
"2020-02-12 07:01:13.46",25671,100051,35.69,12.8,87,51.9869,87,54.8176,1,11,0.7,-9.7,2.37,0.8664483,0.9136266,2,12,7.000,1,12,780000
"2020-02-12 07:01:18.74",25672,100052,26.6,12.79,87,51.9869,87,54.7966,1,11,0.7,-9.8,1.776,0.8664483,0.9132766,2,12,7.000,1,18,60000
"2020-02-12 07:01:28.8",25673,100053,11.12,12.79,87,51.9872,87,54.7758,1,11,0.7,-10.2,0.76,0.8664534,0.9129299,2,12,7.000,1,28,120000
"2020-02-12 07:01:45.2",25674,100054,41.91,12.79,87,51.9877,87,54.7154,1,11,0.7,-10.2,2.777,0.8664617,0.9119234,2,12,7.000,1,44,520000
"2020-02-12 07:01:57.04",25675,100055,74.96,12.78,87,51.9881,87,54.6946,1,11,0.7,-10,4.938,0.8664683,0.9115766,2,12,7.000,1,56,360000
"2020-02-12 07:02:06.7",25676,100056,99.4,12.77,87,51.9883,87,54.6599,1,11,0.7,-10.2,6.538,0.8664717,0.9109983,2,12,7.000,2,6,20000
"2020-02-12 07:02:15.49",25677,100057,108.4,12.77,87,51.9888,87,54.6345,1,11,0.7,-9.7,7.125,0.86648,0.910575,2,12,7.000,2,14,800000
"2020-02-12 07:02:27.2",25678,100058,93.6,12.77,87,51.9887,87,54.6088,1,11,0.7,-9.1,6.156,0.8664783,0.9101466,2,12,7.000,2,26,520000
"2020-02-12 07:02:36.95",25679,100059,87.5,12.77,87,51.9888,87,54.5717,1,11,0.7,-8.8,5.76,0.86648,0.9095284,2,12,7.000,2,36,270000
"2020-02-12 07:02:46.32",25680,100060,71.14,12.77,87,51.9894,87,54.5324,1,11,0.7,-8.6,4.689,0.86649,0.9088733,2,12,7.000,2,45,640000
"2020-02-12 07:02:56.15",25681,100061,60.99,12.77,87,51.9895,87,54.5079,1,11,0.7,-8.3,4.025,0.8664916,0.908465,2,12,7.000,2,55,470000
"2020-02-12 07:03:01.55",25682,100062,60.99,12.76,87,51.9896,87,54.4896,1,11,0.7,-8.4,4.025,0.8664934,0.90816,2,12,7.000,3,0,870000
"2020-02-12 07:03:11.29",25683,100063,50.11,12.76,87,51.99,87,54.4497,1,11,0.7,-8.6,3.313,0.8665,0.907495,2,12,7.000,3,10,610000
"2020-02-12 07:03:16.31",25684,100064,10.67,12.76,87,51.9898,87,54.4397,1,11,0.7,-8.5,0.73,0.8664967,0.9073284,2,12,7.000,3,15,630000
"2020-02-12 07:03:28.9",25685,100065,35.13,12.76,87,51.9901,87,54.4017,1,11,0.7,-8.6,2.333,0.8665017,0.906695,2,12,7.000,3,28,220000
"2020-02-12 07:03:36.37",25686,100066,34.85,12.76,87,51.9906,87,54.3727,1,11,0.7,-8.7,2.315,0.86651,0.9062117,2,12,7.000,3,35,690000
"2020-02-12 07:03:42.57",25687,100067,43.94,12.75,87,51.9906,87,54.354,1,11,0.7,-8.4,2.909,0.86651,0.9059,2,12,7.000,3,41,890000
"2020-02-12 07:03:56.92",25688,100068,41.3,12.74,87,51.9909,87,54.322,1,11,0.7,-9,2.737,0.866515,0.9053666,2,12,7.000,3,56,240000
"2020-02-12 07:04:00.45",25689,100069,31.2,12.74,87,51.991,87,54.3149,1,11,0.7,-9,2.077,0.8665167,0.9052483,2,12,7.000,3,59,770000
"2020-02-12 07:04:03.99",25690,100070,23.24,12.74,87,51.9909,87,54.3024,1,11,0.7,-9,1.556,0.866515,0.90504,2,12,7.000,4,3,310000
"2020-02-12 07:04:07.54",25691,100071,20.09,12.74,87,51.9908,87,54.2821,1,11,0.7,-8.9,1.35,0.8665133,0.9047017,2,12,7.000,4,6,860000
"2020-02-12 07:04:11.71",25692,100072,47.47,12.74,87,51.9909,87,54.2517,1,11,0.7,-9.2,3.141,0.866515,0.904195,2,12,7.000,4,11,20000
"2020-02-12 07:04:17.05",25693,100073,41.86,12.74,87,51.9909,87,54.2399,1,11,0.7,-9.3,2.774,0.866515,0.9039983,2,12,7.000,4,16,360000
"2020-02-12 07:04:21.9",25694,100074,10.67,12.73,87,51.9907,87,54.2176,1,11,0.7,-9,0.73,0.8665117,0.9036267,2,12,7.000,4,21,210000
"2020-02-12 07:04:25.99",25695,100075,12.46,12.74,87,51.9909,87,54.1925,1,11,0.7,-8.8,0.85,0.866515,0.9032084,2,12,7.000,4,25,310000
"2020-02-12 07:04:32.61",25696,100076,16.5,12.74,87,51.9909,87,54.164,1,11,0.7,-8.5,1.115,0.866515,0.9027334,2,12,7.000,4,31,930000
"2020-02-12 07:04:38.21",25697,100077,19.98,12.73,87,51.9908,87,54.1421,1,11,0.7,-8.4,1.343,0.8665133,0.9023684,2,12,7.000,4,37,530000
"2020-02-12 07:04:44.95",25698,100078,25.37,12.73,87,51.9907,87,54.1233,1,11,0.7,-8,1.695,0.8665117,0.902055,2,12,7.000,4,44,270000
"2020-02-12 07:06:51.66",25699,100079,12.02,12.7,87,52.0162,87,54.7777,1,11,0.7,-8.5,0.82,0.8669367,0.9129617,2,12,7.000,6,50,980000
"2020-02-12 07:06:58.23",25700,100080,120,12.69,87,52.0165,87,54.7724,1,11,0.7,-8.8,7.881,0.8669416,0.9128734,2,12,7.000,6,57,550000
"2020-02-12 07:06:59.39",25701,100081,120,12.69,87,52.0166,87,54.7711,1,11,0.7,-8.8,7.881,0.8669434,0.9128516,2,12,7.000,6,58,710000
"2020-02-12 07:07:00.87",25702,100082,120,12.69,87,52.0166,87,54.7691,1,11,0.7,-8.8,7.881,0.8669434,0.9128183,2,12,7.000,7.000,0,190000
"2020-02-12 07:29:26.76",25703,100083,119.9,12.6,87,52.0815,87,52.6151,1,10,0.8,-8.3,7.881,0.868025,0.8769184,2,12,7.000,29,26,80000
"2020-02-12 07:29:27.67",25704,100084,119.9,12.6,87,52.0815,87,52.6148,1,10,0.8,-8.4,7.881,0.868025,0.8769133,2,12,7.000,29,26,990000
"2020-02-12 07:29:28.54",25705,100085,119.9,12.6,87,52.0815,87,52.6132,1,10,0.8,-8.4,7.881,0.868025,0.8768866,2,12,7.000,29,27,860000
"2020-02-12 10:34:54.43",25706,100086,120,12.51,87,52.6416,87,24.1623,1,10,0.8,-8.5,7.881,0.8773601,0.402705,2,12,10,34,53,750000
"2020-02-12 10:34:57.13",25707,100087,120,12.52,87,52.642,87,24.1514,1,10,0.8,-9.6,7.881,0.8773666,0.4025233,2,12,10,34,56,450000
"2020-02-12 10:34:59.28",25708,100088,120,12.5,87,52.6422,87,24.1485,1,10,0.8,-9.5,7.881,0.87737,0.402475,2,12,10,34,58,600000
"2020-02-12 10:35:19.12",25709,100089,19.66,12.51,87,52.6425,87,24.186,1,10,0.8,-10.8,1.322,0.877375,0.4031,2,12,10,35,18,440000
"2020-02-12 10:37:32.67",25710,100090,19.33,12.47,87,52.6521,87,23.9415,1,11,0.7,-9.1,1.3,0.877535,0.399025,2,12,10,37,31,990000
"2020-02-12 10:37:45.57",25711,100091,27.58,12.46,87,52.6533,87,23.8987,1,11,0.7,-9.8,1.84,0.877555,0.3983117,2,12,10,37,44,890000
"2020-02-12 10:37:52.85",25712,100092,32.02,12.46,87,52.6539,87,23.8715,1,11,0.7,-9.9,2.13,0.877565,0.3978583,2,12,10,37,52,170000
"2020-02-12 10:38:01.4",25713,100093,36.74,12.44,87,52.6544,87,23.8337,1,11,0.7,-10.3,2.439,0.8775733,0.3972283,2,12,10,38,0,720000
"2020-02-12 10:38:09.27",25714,100094,28.99,12.45,87,52.6549,87,23.8121,1,11,0.7,-10.8,1.932,0.8775817,0.3968683,2,12,10,38,8,590000
"2020-02-12 10:38:17.37",25715,100095,14.95,12.44,87,52.6558,87,23.7805,1,11,0.7,-10.9,1.014,0.8775966,0.3963417,2,12,10,38,16,690000
"2020-02-12 10:38:26.24",25716,100096,19.44,12.44,87,52.6561,87,23.7536,1,11,0.7,-11.3,1.307,0.8776017,0.3958933,2,12,10,38,25,560000
"2020-02-12 10:38:37.06",25717,100097,21.13,12.43,87,52.6569,87,23.7115,1,11,0.7,-11.3,1.418,0.877615,0.3951917,2,12,10,38,36,380000
"2020-02-12 10:38:42.78",25718,100098,22.7,12.44,87,52.6576,87,23.6843,1,11,0.7,-10.4,1.52,0.8776266,0.3947383,2,12,10,38,42,100000
"2020-02-12 10:38:49.13",25719,100099,18.21,12.43,87,52.6587,87,23.6424,1,11,0.7,-8.2,1.227,0.877645,0.39404,2,12,10,38,48,450000
"2020-02-12 10:38:54.08",25720,100100,15.96,12.42,87,52.6589,87,23.6216,1,11,0.7,-8,1.08,0.8776483,0.3936933,2,12,10,38,53,400000
"2020-02-12 10:39:00.52",25721,100101,32.47,12.42,87,52.6594,87,23.5923,1,11,0.7,-7.8,2.16,0.8776567,0.393205,2,12,10,38,59,840000
"2020-02-12 10:39:06.26",25722,100102,29.77,12.41,87,52.6598,87,23.5654,1,11,0.7,-7.7,1.983,0.8776634,0.3927566,2,12,10,39,5,580000
"2020-02-12 10:39:11.81",25723,100103,22.81,12.41,87,52.6599,87,23.5422,1,11,0.7,-6.9,1.528,0.877665,0.39237,2,12,10,39,11,130000
"2020-02-12 10:39:20.92",25724,100104,14.16,12.41,87,52.6606,87,23.5252,1,11,0.7,-6,0.96,0.8776766,0.3920866,2,12,10,39,20,240000
"2020-02-12 10:39:28.94",25725,100105,21.46,12.41,87,52.661,87,23.4978,1,11,0.7,-5.6,1.44,0.8776834,0.39163,2,12,10,39,28,260000
"2020-02-12 10:39:33.77",25726,100106,27.13,12.41,87,52.6613,87,23.4745,1,11,0.7,-5.3,1.811,0.8776883,0.3912417,2,12,10,39,33,90000
"2020-02-12 10:39:49.17",25727,100107,20.79,12.41,87,52.6625,87,23.436,1,11,0.7,-6,1.396,0.8777083,0.3906,2,12,10,39,48,490000
"2020-02-12 10:39:54.06",25728,100108,25.84,12.41,87,52.6627,87,23.416,1,11,0.7,-6.2,1.726,0.8777117,0.3902667,2,12,10,39,53,380000
"2020-02-12 10:40:00.27",25729,100109,41.79,12.41,87,52.6633,87,23.3813,1,11,0.7,-6.6,2.769,0.8777217,0.3896884,2,12,10,39,59,590000
"2020-02-12 10:40:07.65",25730,100110,53.24,12.4,87,52.6638,87,23.3485,1,11,0.7,-6.9,3.518,0.87773,0.3891416,2,12,10,40,6,970000
"2020-02-12 10:40:14.39",25731,100111,49.99,12.4,87,52.6644,87,23.3203,1,11,0.7,-7.3,3.305,0.87774,0.3886717,2,12,10,40,13,710000
"2020-02-12 10:40:20.92",25732,100112,53.25,12.4,87,52.665,87,23.2879,1,11,0.7,-7.5,3.518,0.87775,0.3881317,2,12,10,40,20,240000
"2020-02-12 10:40:29.23",25733,100113,61.22,12.4,87,52.6656,87,23.2508,1,11,0.7,-7.2,4.04,0.87776,0.3875133,2,12,10,40,28,550000
"2020-02-12 10:40:37.62",25734,100114,58.52,12.38,87,52.666,87,23.2253,1,11,0.7,-7,3.864,0.8777666,0.3870883,2,12,10,40,36,940000
"2020-02-12 10:40:45.36",25735,100115,69.87,12.38,87,52.6667,87,23.196,1,11,0.7,-8.2,4.605,0.8777783,0.3866,2,12,10,40,44,680000
"2020-02-12 10:40:55.88",25736,100116,72,12.37,87,52.6673,87,23.1641,1,11,0.7,-9.5,4.745,0.8777884,0.3860684,2,12,10,40,55,200000
"2020-02-12 10:41:11.25",25737,100117,115.5,12.38,87,52.6683,87,23.1215,1,11,0.7,-10,7.587,0.877805,0.3853583,2,12,10,41,10,570000
"2020-02-12 10:41:20.51",25738,100118,94.8,12.38,87,52.6689,87,23.0952,1,11,0.7,-10.4,6.236,0.877815,0.38492,2,12,10,41,19,830000
"2020-02-12 10:41:27.94",25739,100119,21.35,12.38,87,52.6694,87,23.0752,1,11,0.7,-9.7,1.432,0.8778233,0.3845867,2,12,10,41,27,260000
"2020-02-12 10:41:36.51",25740,100120,28.93,12.37,87,52.6702,87,23.0413,1,11,0.7,-9.3,1.928,0.8778366,0.3840217,2,12,10,41,35,830000
"2020-02-12 10:41:43.21",25741,100121,42.35,12.38,87,52.6706,87,23.0069,1,11,0.7,-8.8,2.806,0.8778434,0.3834483,2,12,10,41,42,530000
"2020-02-12 10:41:52.22",25742,100122,6.413,12.37,87,52.6714,87,22.972,1,11,0.7,-8.2,0.46,0.8778566,0.3828667,2,12,10,41,51,540000
"2020-02-12 10:42:00.93",25743,100123,2.202,12.37,87,52.6719,87,22.9368,1,11,0.7,-8.6,0.18,0.877865,0.38228,2,12,10,42,0,250000
"2020-02-12 10:42:08.15",25744,100124,25.28,12.37,87,52.6726,87,22.9089,1,11,0.7,-9.4,1.689,0.8778766,0.381815,2,12,10,42,7.000,470000
"2020-02-12 10:42:15.05",25745,100125,46.28,12.37,87,52.6732,87,22.8756,1,11,0.7,-9.6,3.063,0.8778866,0.38126,2,12,10,42,14,370000
"2020-02-12 10:42:23.18",25746,100126,62.12,12.36,87,52.6738,87,22.849,1,11,0.7,-10.2,4.099,0.8778966,0.3808167,2,12,10,42,22,500000
"2020-02-12 10:42:31.62",25747,100127,42.35,12.36,87,52.6742,87,22.8263,1,11,0.7,-10.5,2.806,0.8779033,0.3804383,2,12,10,42,30,940000
"2020-02-12 10:42:42.79",25748,100128,41.79,12.36,87,52.6748,87,22.7912,1,11,0.7,-10.4,2.769,0.8779134,0.3798533,2,12,10,42,42,110000
"2020-02-12 10:42:48.93",25749,100129,11.13,12.35,87,52.6753,87,22.7701,1,11,0.7,-9.9,0.76,0.8779217,0.3795017,2,12,10,42,48,250000
"2020-02-12 10:42:54.51",25750,100130,4.672,12.36,87,52.6758,87,22.7464,1,11,0.7,-9.5,0.34,0.87793,0.3791067,2,12,10,42,53,830000
"2020-02-12 10:42:59.25",25751,100131,4.729,12.36,87,52.6762,87,22.7231,1,11,0.7,-9.5,0.35,0.8779366,0.3787184,2,12,10,42,58,570000
"2020-02-12 10:43:04.14",25752,100132,6.301,12.36,87,52.6764,87,22.6945,1,11,0.7,-9.5,0.45,0.87794,0.3782416,2,12,10,43,3,460000
"2020-02-12 10:43:09.55",25753,100133,30.67,12.36,87,52.6768,87,22.6682,1,11,0.7,-9.4,2.042,0.8779466,0.3778033,2,12,10,43,8,870000
"2020-02-12 10:43:15.88",25754,100134,28.99,12.35,87,52.6773,87,22.6434,1,11,0.7,-9.8,1.932,0.877955,0.37739,2,12,10,43,15,200000
"2020-02-12 10:43:21.31",25755,100135,25.95,12.34,87,52.6777,87,22.6161,1,11,0.7,-10,1.733,0.8779617,0.376935,2,12,10,43,20,630000
"2020-02-12 10:43:25.06",25756,100136,10.91,12.34,87,52.6779,87,22.604,1,11,0.7,-10.1,0.75,0.877965,0.3767333,2,12,10,43,24,370000
"2020-02-12 10:43:29.57",25757,100137,11.8,12.34,87,52.6785,87,22.5755,1,11,0.7,-10.5,0.81,0.877975,0.3762584,2,12,10,43,28,890000
"2020-02-12 10:43:34.65",25758,100138,21.69,12.34,87,52.679,87,22.5488,1,11,0.7,-11.3,1.454,0.8779834,0.3758133,2,12,10,43,33,970000
"2020-02-12 10:43:38.81",25759,100139,12.59,12.34,87,52.6792,87,22.5254,1,11,0.7,-11.4,0.86,0.8779866,0.3754234,2,12,10,43,38,130000
"2020-02-12 10:43:46.36",25760,100140,17.53,12.34,87,52.6798,87,22.492,1,11,0.7,-11.3,1.183,0.8779966,0.3748667,2,12,10,43,45,680000
"2020-02-12 10:43:51.96",25761,100141,24.61,12.33,87,52.6802,87,22.4722,1,11,0.7,-11,1.645,0.8780033,0.3745367,2,12,10,43,51,280000
"2020-02-12 10:44:01.21",25762,100142,28.2,12.34,87,52.6809,87,22.4297,1,11,0.7,-10.9,1.88,0.878015,0.3738284,2,12,10,44,0,530000
"2020-02-12 10:44:08.21",25763,100143,26.85,12.33,87,52.6813,87,22.402,1,11,0.7,-10.7,1.792,0.8780217,0.3733667,2,12,10,44,7.000,530000
"2020-02-12 10:44:13.57",25764,100144,15.06,12.33,87,52.6816,87,22.3799,1,11,0.7,-10.4,1.021,0.8780266,0.3729983,2,12,10,44,12,890000
"2020-02-12 10:44:17.7",25765,100145,14.5,12.33,87,52.6819,87,22.3637,1,11,0.7,-10.3,0.98,0.8780317,0.3727284,2,12,10,44,17,20000
"2020-02-12 10:44:22.01",25766,100146,18.43,12.33,87,52.6823,87,22.3357,1,11,0.7,-9.9,1.241,0.8780383,0.3722616,2,12,10,44,21,330000
"2020-02-12 10:44:28.09",25767,100147,20.28,12.33,87,52.6826,87,22.3063,1,11,0.7,-9.9,1.362,0.8780433,0.3717717,2,12,10,44,27,410000
"2020-02-12 10:44:34.04",25768,100148,22.81,12.32,87,52.683,87,22.2858,1,11,0.7,-9.3,1.528,0.87805,0.37143,2,12,10,44,33,360000
"2020-02-12 10:44:38.42",25769,100149,15.06,12.32,87,52.6831,87,22.2637,1,11,0.7,-8.7,1.021,0.8780517,0.3710617,2,12,10,44,37,740000
"2020-02-12 10:44:44.38",25770,100150,6.694,12.32,87,52.6837,87,22.24,1,11,0.7,-8.4,0.47,0.8780617,0.3706666,2,12,10,44,43,700000
"2020-02-12 10:44:52.26",25771,100151,7.424,12.32,87,52.6841,87,22.2122,1,11,0.7,-8.4,0.52,0.8780683,0.3702034,2,12,10,44,51,580000
"2020-02-12 10:44:56.34",25772,100152,8.43,12.32,87,52.6843,87,22.1903,1,11,0.7,-8.4,0.59,0.8780717,0.3698383,2,12,10,44,55,660000
"2020-02-12 10:45:00.56",25773,100153,9.89,12.32,87,52.6846,87,22.167,1,11,0.7,-8.1,0.68,0.8780766,0.36945,2,12,10,44,59,880000
"2020-02-12 10:46:46.18",25774,100154,120,12.3,87,52.6994,87,22.95,1,11,0.7,-9.8,7.881,0.8783234,0.3825,2,12,10,46,45,500000
"2020-02-12 10:46:48.39",25775,100155,120,12.29,87,52.6994,87,22.9466,1,11,0.7,-9.8,7.881,0.8783234,0.3824433,2,12,10,46,47,710000
"2020-02-12 10:46:49.97",25776,100156,119.9,12.29,87,52.6995,87,22.9448,1,11,0.7,-9.8,7.881,0.878325,0.3824133,2,12,10,46,49,290000
"2020-02-12 10:47:57.33",25777,100157,38.64,12.28,87,52.7044,87,22.8223,1,11,0.7,-10,2.563,0.8784066,0.3803716,2,12,10,47,56,650000
"2020-02-12 10:48:10.29",25778,100158,30,12.29,87,52.7057,87,22.7845,1,11,0.7,-10.1,1.998,0.8784283,0.3797417,2,12,10,48,9,610000
"2020-02-12 10:48:16.09",25779,100159,19.89,12.29,87,52.7063,87,22.7561,1,11,0.7,-9.8,1.337,0.8784383,0.3792683,2,12,10,48,15,400000
"2020-02-12 10:48:21.77",25780,100160,10.79,12.28,87,52.7068,87,22.7377,1,11,0.7,-9.5,0.74,0.8784466,0.3789616,2,12,10,48,21,90000
"2020-02-12 10:48:27.69",25781,100161,11.02,12.28,87,52.7073,87,22.7128,1,11,0.7,-9.3,0.76,0.878455,0.3785466,2,12,10,48,27,10000
"2020-02-12 10:48:34.05",25782,100162,24.77,12.28,87,52.7077,87,22.6832,1,11,0.7,-9.4,1.656,0.8784617,0.3780533,2,12,10,48,33,370000
"2020-02-12 10:48:40.46",25783,100163,25.39,12.27,87,52.7083,87,22.6542,1,11,0.7,-9.2,1.697,0.8784717,0.37757,2,12,10,48,39,780000
"2020-02-12 10:48:48.7",25784,100164,16.63,12.27,87,52.7087,87,22.6201,1,11,0.7,-8.9,1.124,0.8784783,0.3770017,2,12,10,48,48,20000
"2020-02-12 10:48:55.37",25785,100165,11.47,12.28,87,52.7093,87,22.5872,1,11,0.7,-8.6,0.79,0.8784884,0.3764534,2,12,10,48,54,690000
"2020-02-12 10:49:02.9",25786,100166,11.8,12.26,87,52.7097,87,22.5683,1,11,0.7,-8.6,0.81,0.878495,0.3761383,2,12,10,49,2,220000
"2020-02-12 10:49:08.95",25787,100167,10.79,12.26,87,52.7102,87,22.5483,1,11,0.7,-8.6,0.74,0.8785034,0.375805,2,12,10,49,8,270000
"2020-02-12 10:49:15.99",25788,100168,15.4,12.27,87,52.711,87,22.5109,1,11,0.7,-8.8,1.043,0.8785166,0.3751817,2,12,10,49,15,310000
"2020-02-12 10:49:21.71",25789,100169,16.91,12.26,87,52.7113,87,22.4831,1,11,0.7,-9,1.142,0.8785217,0.3747183,2,12,10,49,21,30000
"2020-02-12 10:49:29.4",25790,100170,15.62,12.26,87,52.712,87,22.4504,1,11,0.7,-8.7,1.058,0.8785334,0.3741733,2,12,10,49,28,720000
"2020-02-12 10:49:35.9",25791,100171,35.05,12.24,87,52.7125,87,22.4237,1,11,0.7,-8.5,2.328,0.8785417,0.3737283,2,12,10,49,35,220000
"2020-02-12 10:49:46.32",25792,100172,37.8,12.25,87,52.7135,87,22.3863,1,11,0.7,-8.7,2.508,0.8785583,0.373105,2,12,10,49,45,640000
"2020-02-12 10:49:55.31",25793,100173,60.88,12.22,87,52.714,87,22.3547,1,11,0.7,-8.4,4.018,0.8785667,0.3725783,2,12,10,49,54,630000
"2020-02-12 10:50:01.98",25794,100174,61.33,12.19,87,52.7146,87,22.3285,1,11,0.7,-8.3,4.047,0.8785766,0.3721417,2,12,10,50,1,300000
"2020-02-12 10:50:12.96",25795,100175,69.75,12.18,87,52.7153,87,22.2864,1,11,0.7,-8.4,4.598,0.8785884,0.37144,2,12,10,50,12,280000
"2020-02-12 10:50:20.78",25796,100176,61.1,12.16,87,52.7157,87,22.2578,1,10,0.8,-8.7,4.032,0.878595,0.3709633,2,12,10,50,20,100000
"2020-02-12 10:50:30.49",25797,100177,86.6,12.16,87,52.7164,87,22.241,1,10,0.8,-9.2,5.699,0.8786066,0.3706833,2,12,10,50,29,810000
"2020-02-12 10:50:38.29",25798,100178,86.6,12.24,87,52.7169,87,22.2056,1,11,0.7,-9.5,5.699,0.878615,0.3700934,2,12,10,50,37,610000
"2020-02-12 10:50:50.37",25799,100179,87.6,12.21,87,52.7174,87,22.1652,1,11,0.7,-9.3,5.766,0.8786233,0.36942,2,12,10,50,49,690000
"2020-02-12 10:51:01.14",25800,100180,90.9,12.21,87,52.718,87,22.1303,1,11,0.7,-9.3,5.978,0.8786334,0.3688384,2,12,10,51,0,460000
"2020-02-12 10:51:09.95",25801,100181,92.7,12.21,87,52.7188,87,22.0991,1,11,0.7,-8.9,6.096,0.8786466,0.3683184,2,12,10,51,9,270000
"2020-02-12 10:51:20.58",25802,100182,94.9,12.23,87,52.7194,87,22.0582,1,11,0.7,-9.3,6.243,0.8786566,0.3676367,2,12,10,51,19,900000
"2020-02-12 10:51:30.44",25803,100183,106.3,12.2,87,52.7207,87,22.0225,1,11,0.7,-10,6.988,0.8786783,0.3670416,2,12,10,51,29,760000
"2020-02-12 10:51:43.58",25804,100184,114,12.24,87,52.722,87,21.9851,1,11,0.7,-9.4,7.491,0.8787,0.3664183,2,12,10,51,42,900000
"2020-02-12 10:51:53.99",25805,100185,102.5,12.23,87,52.723,87,21.9548,1,11,0.7,-7.8,6.739,0.8787166,0.3659133,2,12,10,51,53,310000
"2020-02-12 10:52:04.93",25806,100186,119.9,12.21,87,52.724,87,21.9223,1,11,0.7,-8.3,7.881,0.8787334,0.3653717,2,12,10,52,4,250000
"2020-02-12 10:53:46.55",25807,100187,119.9,12.22,87,52.731,87,21.7177,1,11,0.7,-7.7,7.881,0.87885,0.3619617,2,12,10,53,45,870000
"2020-02-12 10:54:10.95",25808,100188,119.9,12.21,87,52.7325,87,21.6551,1,11,0.7,-7.5,7.881,0.878875,0.3609184,2,12,10,54,10,270000
"2020-02-12 10:55:14.54",25809,100189,44.82,12.2,87,52.7377,87,21.5279,1,11,0.7,-6.2,2.967,0.8789617,0.3587984,2,12,10,55,13,860000
"2020-02-12 10:56:19.75",25810,100190,20.9,12.2,87,52.7431,87,21.3856,1,11,0.7,-5.2,1.403,0.8790516,0.3564266,2,12,10,56,19,70000
"2020-02-12 10:56:37.36",25811,100191,35.27,12.19,87,52.7444,87,21.3352,1,11,0.7,-5.1,2.343,0.8790734,0.3555866,2,12,10,56,36,680000
"2020-02-12 10:56:56.5",25812,100192,119.9,12.16,87,52.7455,87,21.2801,1,11,0.7,-4.8,7.881,0.8790916,0.3546683,2,12,10,56,55,820000
"2020-02-12 10:58:28.1",25813,100193,106.6,12.05,87,52.7518,87,21.091,1,11,0.7,-5.3,7.01,0.8791967,0.3515167,2,12,10,58,27,420000
"2020-02-12 10:58:37.39",25814,100194,38.81,12.05,87,52.7526,87,21.0522,1,11,0.7,-4.8,2.574,0.8792101,0.35087,2,12,10,58,36,710000
"2020-02-12 10:58:44.68",25815,100195,64.81,12.05,87,52.7532,87,21.0293,1,11,0.7,-4.9,4.274,0.87922,0.3504883,2,12,10,58,44,0
"2020-02-12 10:58:52.1",25816,100196,47.4,12.04,87,52.754,87,21.0018,1,11,0.7,-4.9,3.136,0.8792334,0.35003,2,12,10,58,51,420000
"2020-02-12 10:58:58.92",25817,100197,23.82,12.04,87,52.7546,87,20.9798,1,11,0.7,-4.8,1.594,0.8792433,0.3496633,2,12,10,58,58,240000
"2020-02-12 10:59:09",25818,100198,22.36,12.06,87,52.7553,87,20.9489,1,11,0.7,-5,1.498,0.879255,0.3491483,2,12,10,59,8,320000
"2020-02-12 10:59:19.24",25819,100199,21.57,12.13,87,52.7559,87,20.9118,1,11,0.7,-4.7,1.447,0.879265,0.34853,2,12,10,59,18,560000
"2020-02-12 10:59:25.93",25820,100200,18.43,12.12,87,52.7565,87,20.8889,1,11,0.7,-4.9,1.241,0.879275,0.3481484,2,12,10,59,25,250000
"2020-02-12 10:59:34.83",25821,100201,20.22,12.12,87,52.7576,87,20.8427,1,11,0.7,-4.9,1.359,0.8792934,0.3473783,2,12,10,59,34,150000
"2020-02-12 10:59:39.91",25822,100202,20.11,12.13,87,52.7581,87,20.8266,1,11,0.7,-5.1,1.351,0.8793017,0.34711,2,12,10,59,39,230000
"2020-02-12 10:59:48.47",25823,100203,22.81,12.15,87,52.7588,87,20.7913,1,11,0.7,-5.7,1.528,0.8793134,0.3465217,2,12,10,59,47,790000
"2020-02-12 10:59:55.81",25824,100204,17.19,12.16,87,52.7592,87,20.7601,1,11,0.7,-6,1.16,0.87932,0.3460016,2,12,10,59,55,130000
"2020-02-12 11:00:04.93",25825,100205,4.616,12.15,87,52.7599,87,20.7367,1,11,0.7,-6.4,0.34,0.8793317,0.3456117,2,12,11,0,4,250000
"2020-02-12 11:00:08.5",25826,100206,3.998,12.15,87,52.7602,87,20.7154,1,11,0.7,-6.3,0.30,0.8793366,0.3452567,2,12,11,0,7.000,820000
"2020-02-12 11:00:11.67",25827,100207,3.268,12.16,87,52.7606,87,20.7032,1,11,0.7,-6.4,0.25,0.8793434,0.3450533,2,12,11,0,10,990000
"2020-02-12 11:00:23.93",25828,100208,4.503,12.1,87,52.7617,87,20.6666,1,11,0.7,-6.9,0.33,0.8793617,0.3444433,2,12,11,0,23,250000
"2020-02-12 11:01:02.27",25829,100209,3.717,12.05,87,52.765,87,20.573,1,11,0.7,-7,0.28,0.8794166,0.3428833,2,12,11,1,1,590000
"2020-02-12 11:01:06.94",25830,100210,9.89,12.04,87,52.7652,87,20.56,1,11,0.7,-7,0.68,0.8794201,0.3426666,2,12,11,1,6,260000
"2020-02-12 11:01:10.01",25831,100211,8.32,12.05,87,52.7654,87,20.5484,1,11,0.7,-7.1,0.58,0.8794234,0.3424734,2,12,11,1,9,330000
"2020-02-12 11:01:13.05",25832,100212,4.503,12.07,87,52.7658,87,20.5183,1,11,0.7,-7.2,0.33,0.87943,0.3419717,2,12,11,1,12,370000
"2020-02-12 11:01:16.17",25833,100213,4.728,12.05,87,52.7662,87,20.498,1,11,0.7,-7.4,0.35,0.8794366,0.3416333,2,12,11,1,15,490000
"2020-02-12 11:01:21.28",25834,100214,4.728,12.06,87,52.7667,87,20.4703,1,11,0.7,-7.4,0.35,0.879445,0.3411717,2,12,11,1,20,600000
"2020-02-12 11:01:26.59",25835,100215,6.805,12.08,87,52.7671,87,20.449,1,11,0.7,-7.3,0.48,0.8794517,0.3408166,2,12,11,1,25,910000
"2020-02-12 11:01:32.47",25836,100216,7.311,12.13,87,52.7675,87,20.4152,1,11,0.7,-6.9,0.51,0.8794584,0.3402533,2,12,11,1,31,790000
"2020-02-12 11:01:36.67",25837,100217,6.862,12.13,87,52.7679,87,20.4014,1,11,0.7,-6.8,0.49,0.879465,0.3400233,2,12,11,1,35,990000
"2020-02-12 11:01:40.61",25838,100218,14.72,12.13,87,52.7683,87,20.3814,1,11,0.7,-6.7,1.00,0.8794717,0.33969,2,12,11,1,39,930000
"2020-02-12 11:01:44.3",25839,100219,18.32,12.14,87,52.7686,87,20.3588,1,11,0.7,-6.4,1.234,0.8794766,0.3393134,2,12,11,1,43,620000
"2020-02-12 11:01:48.09",25840,100220,13.88,12.12,87,52.769,87,20.3356,1,11,0.7,-6.3,0.94,0.8794834,0.3389267,2,12,11,1,47,410000
"2020-02-12 11:01:52.69",25841,100221,18.76,12.12,87,52.7693,87,20.3106,1,11,0.7,-6.3,1.263,0.8794883,0.33851,2,12,11,1,52,10000
"2020-02-12 11:01:56.71",25842,100222,16.41,12.12,87,52.7696,87,20.2866,1,11,0.7,-6.2,1.109,0.8794934,0.33811,2,12,11,1,56,30000
"2020-02-12 11:02:00.98",25843,100223,15.17,12.11,87,52.7699,87,20.2645,1,11,0.7,-6.2,1.028,0.8794984,0.3377417,2,12,11,2,0,300000
"2020-02-12 11:02:05.17",25844,100224,10.68,12.12,87,52.7701,87,20.2384,1,11,0.7,-6.2,0.73,0.8795017,0.3373066,2,12,11,2,4,490000
"2020-02-12 11:44:48.57",25845,100225,-0.55,12.23,87,52.9346,87,16.1699,1,11,0.7,51.9,0,0.8822434,0.2694983,2,12,11,44,47,890000
