"TOA5","CR800 Series","CR800","12103","CR800.Std.08","CPU:GPSProbeNew_BCE.CR8","60029","OperatorView"
"TIMESTAMP","RECORD","Counter","DepthCm","BattVolts","latitude_a","latitude_b","Longitude_a","Longitude_b","fix_quality","nmbr_satellites","altitudeB","DepthVolts","LatitudeDDDDD","LongitudeDDDDD","month","dayofmonth","hourofday","minutes","seconds","microseconds"
"TS","RN","","","","degrees","minutes","degrees","minutes","unitless","","","","","","","","","","",""
"","","Smp","Smp","Smp","Smp","Smp","Smp","Smp","Smp","Smp","Smp","Smp","Smp","Smp","Smp","Smp","Smp","Smp","Smp","Smp"
"2000-05-22 11:08:11.25",78823,100001,-0.158,13.1,87,6.7574,114,59.8989,1,7,6.7,0.011,0.1126233,0.998315,5,22,11,8,11,860000
"2000-05-22 11:08:11.5",78824,100002,123.6,13.1,87,6.7569,114,59.8952,1,7,8,7.863,0.112615,0.9982533,5,22,11,8,20,160000
"2000-05-22 11:09:38.25",78825,100003,25.6,13.09,87,6.7577,114,59.8438,1,9,5.5,1.645,0.1126283,0.9973966,5,22,11,9,38,860000
"2000-05-22 11:09:38.5",78826,100004,3.571,13.07,87,6.7558,114,59.8263,1,9,3,0.248,0.1125967,0.997105,5,22,11,10,48,520000
"2000-05-22 11:09:39.25",78827,100005,10.69,13,87,6.7465,114,59.7249,1,9,2.1,0.699,0.1124417,0.995415,5,22,11,14,29,110000
"2000-05-22 11:09:40.25",78828,100006,11.6,12.99,87,6.7468,114,59.7187,1,9,1.8,0.757,0.1124467,0.9953117,5,22,11,14,32,650000
"2000-05-22 11:09:41",78829,100007,15.33,12.99,87,6.7474,114,59.7148,1,9,1.9,0.994,0.1124567,0.9952467,5,22,11,14,35,250000
"2000-05-22 11:09:41.75",78830,100008,22.56,12.99,87,6.7491,114,59.7098,1,9,1.3,1.453,0.112485,0.9951633,5,22,11,14,38,540000
"2000-05-22 11:09:43.5",78831,100009,15.73,12.99,87,6.7497,114,59.6957,1,9,1.2,1.019,0.112495,0.9949284,5,22,11,14,41,770000
"2000-05-22 11:09:44.5",78832,100010,15.28,12.99,87,6.7506,114,59.6974,1,10,1,0.99,0.11251,0.9949567,5,22,11,14,44,900000
"2000-05-22 11:09:45.5",78833,100011,2.94,12.98,87,6.7516,114,59.6901,1,9,0.7,0.208,0.1125267,0.994835,5,22,11,14,48,350000
"2000-05-22 11:09:46.25",78834,100012,3.916,12.98,87,6.7532,114,59.6728,1,9,0.5,0.269,0.1125533,0.9945467,5,22,11,14,52,80000
"2000-05-22 11:09:47",78835,100013,3.342,12.98,87,6.7549,114,59.6623,1,9,0.8,0.233,0.1125817,0.9943717,5,22,11,14,55,950000
"2000-05-22 11:09:47.75",78836,100014,3.457,12.98,87,6.7563,114,59.6432,1,10,0.9,0.24,0.112605,0.9940533,5,22,11,14,59,490000
"2000-05-22 11:09:48.5",78837,100015,3.342,12.98,87,6.7573,114,59.6246,1,10,0.8,0.233,0.1126217,0.9937433,5,22,11,15,2,910000
"2000-05-22 11:09:49.25",78838,100016,3.112,12.98,87,6.7583,114,59.6073,1,10,0.5,0.218,0.1126383,0.993455,5,22,11,15,6,410000
"2000-05-22 11:09:50",78839,100017,4.834,12.98,87,6.7591,114,59.5802,1,10,-0.2,0.328,0.1126517,0.9930033,5,22,11,15,9,630000
"2000-05-22 11:09:50.75",78840,100018,6.555,12.98,87,6.7598,114,59.5774,1,9,0.2,0.437,0.1126633,0.9929567,5,22,11,15,12,430000
"2000-05-22 11:09:51.5",78841,100019,5.866,12.97,87,6.761,114,59.5595,1,9,0.8,0.393,0.1126833,0.9926584,5,22,11,15,15,610000
"2000-05-22 11:09:52.25",78842,100020,2.768,12.97,87,6.7622,114,59.5456,1,9,0.1,0.197,0.1127033,0.9924267,5,22,11,15,19,970000
"2000-05-22 11:09:53",78843,100021,2.653,12.97,87,6.763,114,59.5355,1,10,0.3,0.189,0.1127167,0.9922583,5,22,11,15,23,80000
"2000-05-22 11:09:53.75",78844,100022,13.78,12.97,87,6.765,114,59.5312,1,10,-0.2,0.896,0.11275,0.9921867,5,22,11,15,26,790000
"2000-05-22 11:09:54.5",78845,100023,12.81,12.97,87,6.7662,114,59.5195,1,10,0.3,0.834,0.11277,0.9919917,5,22,11,15,30,300000
"2000-05-22 11:09:55.25",78846,100024,12.35,12.97,87,6.7683,114,59.5324,1,9,-0.4,0.805,0.112805,0.9922066,5,22,11,15,36,500000
"2000-05-22 11:09:56",78847,100025,12.98,12.95,87,6.7709,114,59.5104,1,9,-1.6,0.845,0.1128483,0.99184,5,22,11,16,32,340000
"2000-05-22 11:09:57",78848,100026,10.46,12.96,87,6.7722,114,59.5099,1,10,-1.8,0.684,0.11287,0.9918317,5,22,11,16,34,800000
"2000-05-22 11:09:57.75",78849,100027,15.28,12.95,87,6.7731,114,59.5059,1,9,-1.2,0.99,0.112885,0.991765,5,22,11,16,37,170000
"2000-05-22 11:09:58.5",78850,100028,15.85,12.96,87,6.7745,114,59.5085,1,10,-1.6,1.027,0.1129083,0.9918083,5,22,11,16,39,510000
"2000-05-22 11:09:59.5",78851,100029,14.82,12.95,87,6.7755,114,59.5117,1,10,-1.9,0.961,0.112925,0.9918616,5,22,11,16,42,40000
"2000-05-22 11:10:00.25",78852,100030,15.85,12.95,87,6.7767,114,59.5077,1,9,-1.9,1.027,0.112945,0.991795,5,22,11,16,44,520000
"2000-05-22 11:10:01.5",78853,100031,18.26,12.95,87,6.7774,114,59.5083,1,9,-2,1.18,0.1129567,0.991805,5,22,11,16,47,50000
"2000-05-22 11:10:02.5",78854,100032,16.77,12.95,87,6.7788,114,59.5123,1,9,-1.8,1.085,0.11298,0.9918717,5,22,11,16,50,20000
"2000-05-22 11:10:03.25",78855,100033,13.55,12.95,87,6.7807,114,59.5092,1,9,-1.8,0.881,0.1130117,0.99182,5,22,11,16,54,830000
"2000-05-22 11:10:04.25",78856,100034,12.41,12.96,87,6.7814,114,59.5093,1,10,-1.9,0.808,0.1130233,0.9918216,5,22,11,16,57,730000
"2000-05-22 11:10:05",78857,100035,10.86,12.95,87,6.783,114,59.512,1,10,-3,0.71,0.11305,0.9918667,5,22,11,17,1,0
"2000-05-22 11:10:06",78858,100036,13.67,12.94,87,6.784,114,59.5133,1,10,-2.6,0.888,0.1130667,0.9918883,5,22,11,17,3,880000
"2000-05-22 11:10:06.75",78859,100037,13.67,12.94,87,6.7848,114,59.5114,1,11,-2.6,0.888,0.11308,0.9918566,5,22,11,17,6,500000
"2000-05-22 11:10:07.5",78860,100038,15.73,12.94,87,6.7857,114,59.5159,1,10,-2.6,1.019,0.113095,0.9919317,5,22,11,17,9,480000
"2000-05-22 11:10:08.25",78861,100039,17.11,12.95,87,6.7866,114,59.5212,1,10,-3.2,1.107,0.11311,0.99202,5,22,11,17,12,470000
"2000-05-22 11:10:09",78862,100040,17.8,12.95,87,6.7877,114,59.5161,1,10,-3.4,1.15,0.1131283,0.991935,5,22,11,17,15,500000
"2000-05-22 11:10:10",78863,100041,15.28,12.94,87,6.7897,114,59.5177,1,10,-4,0.99,0.1131617,0.9919617,5,22,11,17,18,570000
"2000-05-22 11:10:10.75",78864,100042,12.52,12.94,87,6.7905,114,59.5258,1,10,-3.5,0.815,0.113175,0.9920967,5,22,11,17,21,380000
"2000-05-22 11:10:11.5",78865,100043,9.88,12.94,87,6.792,114,59.5177,1,10,-3.7,0.648,0.1132,0.9919617,5,22,11,17,24,300000
"2000-05-22 11:10:12.5",78866,100044,9.37,12.94,87,6.7932,114,59.5186,1,10,-3.9,0.615,0.11322,0.9919767,5,22,11,17,27,100000
"2000-05-22 11:10:13.25",78867,100045,9.65,12.94,87,6.7945,114,59.5147,1,10,-3.8,0.633,0.1132417,0.9919117,5,22,11,17,29,740000
"2000-05-22 11:10:14.25",78868,100046,12.87,12.94,87,6.7954,114,59.5185,1,10,-4.2,0.837,0.1132567,0.991975,5,22,11,17,32,250000
"2000-05-22 11:10:15",78869,100047,12.29,12.94,87,6.7967,114,59.5223,1,10,-4.1,0.801,0.1132783,0.9920384,5,22,11,17,35,90000
"2000-05-22 11:10:16.25",78870,100048,10,12.93,87,6.7981,114,59.5105,1,10,-4.5,0.655,0.1133017,0.9918417,5,22,11,17,38,20000
"2000-05-22 11:10:17.25",78871,100049,11.14,12.94,87,6.7992,114,59.5026,1,10,-4.4,0.728,0.11332,0.99171,5,22,11,17,40,870000
"2000-05-22 11:10:18",78872,100050,8.96,12.94,87,6.8001,114,59.5031,1,10,-4.3,0.59,0.113335,0.9917184,5,22,11,17,43,480000
"2000-05-22 11:10:18.75",78873,100051,10.46,12.93,87,6.8012,114,59.5131,1,10,-3.3,0.684,0.1133533,0.991885,5,22,11,17,45,980000
"2000-05-22 11:10:19.75",78874,100052,10.23,12.94,87,6.8025,114,59.5139,1,10,-3.6,0.67,0.113375,0.9918984,5,22,11,17,48,620000
"2000-05-22 11:10:20.5",78875,100053,9.77,12.93,87,6.8034,114,59.5176,1,10,-3.6,0.641,0.11339,0.99196,5,22,11,17,51,190000
"2000-05-22 11:10:21.25",78876,100054,10,12.94,87,6.8045,114,59.5142,1,10,-3.5,0.655,0.1134083,0.9919033,5,22,11,17,53,920000
"2000-05-22 11:10:22",78877,100055,9.19,12.93,87,6.8056,114,59.5101,1,10,-3.9,0.604,0.1134267,0.991835,5,22,11,17,56,860000
"2000-05-22 11:10:23",78878,100056,14.36,12.93,87,6.8068,114,59.5036,1,10,-4.1,0.932,0.1134467,0.9917267,5,22,11,18,0,580000
"2000-05-22 11:10:23.75",78879,100057,32.83,12.93,87,6.808,114,59.5014,1,10,-3.7,2.104,0.1134667,0.99169,5,22,11,18,4,830000
"2000-05-22 11:10:24.5",78880,100058,11.26,12.93,87,6.8072,114,59.4607,1,10,-4.8,0.735,0.1134533,0.9910117,5,22,11,18,12,110000
"2000-05-22 11:10:25.25",78881,100059,10.34,12.93,87,6.8068,114,59.4484,1,10,-4.7,0.677,0.1134467,0.9908066,5,22,11,18,15,280000
"2000-05-22 11:10:26",78882,100060,13.32,12.93,87,6.8067,114,59.4357,1,10,-4.7,0.866,0.113445,0.990595,5,22,11,18,17,570000
"2000-05-22 11:10:26.75",78883,100061,12.87,12.93,87,6.8066,114,59.4129,1,10,-4.5,0.837,0.1134433,0.990215,5,22,11,18,20,220000
"2000-05-22 11:10:27.75",78884,100062,9.31,12.93,87,6.8062,114,59.389,1,10,-4.9,0.612,0.1134367,0.9898167,5,22,11,18,23,290000
"2000-05-22 11:10:28.5",78885,100063,12.29,12.93,87,6.8057,114,59.3565,1,10,-4.8,0.801,0.1134283,0.989275,5,22,11,18,26,710000
"2000-05-22 11:10:29.25",78886,100064,15.39,12.92,87,6.8052,114,59.3504,1,10,-4.4,0.998,0.11342,0.9891733,5,22,11,18,29,460000
"2000-05-22 11:10:30.5",78887,100065,14.7,12.93,87,6.8044,114,59.3142,1,10,-4.8,0.954,0.1134067,0.98857,5,22,11,18,32,530000
"2000-05-22 11:10:31.25",78888,100066,17.23,12.92,87,6.804,114,59.2961,1,10,-4.6,1.114,0.1134,0.9882683,5,22,11,18,35,650000
"2000-05-22 11:10:32",78889,100067,13.55,12.92,87,6.8033,114,59.2738,1,10,-4.6,0.881,0.1133883,0.9878967,5,22,11,18,38,590000
"2000-05-22 11:10:32.75",78890,100068,12.64,12.92,87,6.8026,114,59.2522,1,11,-4.4,0.823,0.1133767,0.9875367,5,22,11,18,42,50000
"2000-05-22 11:10:33.75",78891,100069,14.36,12.92,87,6.8019,114,59.2374,1,11,-4,0.932,0.113365,0.98729,5,22,11,18,44,780000
"2000-05-22 11:10:34.5",78892,100070,10.92,12.92,87,6.8009,114,59.2079,1,11,-4.2,0.714,0.1133483,0.9867983,5,22,11,18,47,550000
"2000-05-22 11:10:35.25",78893,100071,12.87,12.92,87,6.8003,114,59.1858,1,11,-5.1,0.837,0.1133383,0.98643,5,22,11,18,50,600000
"2000-05-22 11:10:36",78894,100072,12.35,12.92,87,6.8001,114,59.1762,1,11,-4.9,0.805,0.113335,0.98627,5,22,11,18,53,320000
"2000-05-22 11:10:37",78895,100073,9.42,12.92,87,6.7994,114,59.1561,1,11,-5.1,0.619,0.1133233,0.985935,5,22,11,18,55,960000
"2000-05-22 11:10:37.75",78896,100074,10.17,12.92,87,6.7988,114,59.1341,1,11,-5.3,0.666,0.1133133,0.9855683,5,22,11,18,58,760000
"2000-05-22 11:10:38.5",78897,100075,10.57,12.92,87,6.7978,114,59.1112,1,11,-5.2,0.692,0.1132967,0.9851866,5,22,11,19,1,570000
"2000-05-22 11:10:39.5",78898,100076,9.42,12.92,87,6.7976,114,59.1007,1,11,-5.1,0.619,0.1132933,0.9850117,5,22,11,19,4,370000
"2000-05-22 11:10:40.25",78899,100077,8.74,12.92,87,6.7975,114,59.0742,1,11,-4.4,0.575,0.1132917,0.98457,5,22,11,19,6,980000
"2000-05-22 11:10:41.25",78900,100078,11.49,12.91,87,6.797,114,59.0572,1,11,-4.6,0.75,0.1132833,0.9842867,5,22,11,19,9,850000
"2000-05-22 11:10:42",78901,100079,9.88,12.91,87,6.7962,114,59.0373,1,11,-4.2,0.648,0.11327,0.983955,5,22,11,19,12,670000
"2000-05-22 11:10:43",78902,100080,14.01,12.91,87,6.796,114,59.0206,1,11,-4.2,0.91,0.1132667,0.9836767,5,22,11,19,15,820000
"2000-05-22 11:10:43.75",78903,100081,19.64,12.91,87,6.7955,114,58.9928,1,11,-3.9,1.267,0.1132583,0.9832134,5,22,11,19,18,550000
"2000-05-22 11:10:44.75",78904,100082,17.97,12.91,87,6.7954,114,58.9819,1,11,-4.1,1.161,0.1132567,0.9830316,5,22,11,19,21,440000
"2000-05-22 11:10:45.5",78905,100083,31.23,12.91,87,6.7944,114,58.9514,1,10,-3.5,2.002,0.11324,0.9825233,5,22,11,19,25,420000
"2000-05-22 11:10:46.25",78906,100084,24.05,12.92,87,6.7935,114,58.9231,1,11,-3.7,1.547,0.113225,0.9820517,5,22,11,19,29,900000
"2000-05-22 11:10:47",78907,100085,18.95,12.91,87,6.7927,114,58.9078,1,11,-3.9,1.223,0.1132117,0.9817966,5,22,11,19,33,350000
"2000-05-22 11:10:48",78908,100086,20.84,12.91,87,6.7923,114,58.8837,1,11,-3.9,1.343,0.113205,0.981395,5,22,11,19,36,490000
"2000-05-22 11:10:48.75",78909,100087,23.77,12.92,87,6.7917,114,58.8544,1,11,-4.1,1.529,0.113195,0.9809067,5,22,11,19,39,600000
"2000-05-22 11:10:49.5",78910,100088,33.98,12.91,87,6.7911,114,58.8466,1,11,-4.2,2.177,0.113185,0.9807767,5,22,11,19,43,350000
"2000-05-22 11:10:50.75",78911,100089,47.87,12.91,87,6.7903,114,58.8453,1,11,-3.6,3.058,0.1131717,0.980755,5,22,11,19,47,190000
"2000-05-22 11:10:51.75",78912,100090,40.98,12.91,87,6.79,114,58.8238,1,11,-3.6,2.621,0.1131667,0.9803966,5,22,11,19,50,890000
"2000-05-22 11:10:52.5",78913,100091,27.67,12.91,87,6.7899,114,58.8001,1,11,-4.1,1.777,0.113165,0.9800016,5,22,11,19,55,20000
"2000-05-22 11:10:53.5",78914,100092,27.21,12.91,87,6.7891,114,58.8351,1,11,-3.5,1.747,0.1131517,0.980585,5,22,11,20,9,110000
"2000-05-22 11:10:54.25",78915,100093,10.57,12.9,87,6.7888,114,58.8371,1,11,-3.1,0.692,0.1131467,0.9806184,5,22,11,20,14,210000
"2000-05-22 11:10:55.5",78916,100094,8.05,12.91,87,6.788,114,58.836,1,11,-3.8,0.532,0.1131333,0.9806,5,22,11,20,16,610000
"2000-05-22 11:10:56.25",78917,100095,8.85,12.91,87,6.7874,114,58.8409,1,11,-3.8,0.582,0.1131233,0.9806817,5,22,11,20,18,900000
"2000-05-22 11:10:57",78918,100096,10.34,12.91,87,6.7865,114,58.8481,1,11,-3.6,0.677,0.1131083,0.9808016,5,22,11,20,21,340000
"2000-05-22 11:10:58",78919,100097,13.33,12.9,87,6.785,114,58.8573,1,11,-4.4,0.866,0.1130833,0.980955,5,22,11,20,24,170000
"2000-05-22 11:10:58.75",78920,100098,13.78,12.9,87,6.7838,114,58.8614,1,11,-3.6,0.896,0.1130633,0.9810234,5,22,11,20,27,280000
"2000-05-22 11:10:59.5",78921,100099,14.07,12.9,87,6.7829,114,58.8723,1,11,-3.6,0.914,0.1130483,0.981205,5,22,11,20,30,360000
"2000-05-22 11:11:00.25",78922,100100,16.83,12.9,87,6.7815,114,58.8863,1,11,-3.5,1.089,0.113025,0.9814383,5,22,11,20,33,770000
"2000-05-22 11:11:01.25",78923,100101,13.38,12.9,87,6.7805,114,58.8952,1,11,-3.6,0.87,0.1130083,0.9815866,5,22,11,20,36,690000
"2000-05-22 11:11:02.25",78924,100102,15.51,12.9,87,6.7792,114,58.9082,1,11,-3.6,1.005,0.1129867,0.9818033,5,22,11,20,39,570000
"2000-05-22 11:11:03.5",78925,100103,15.85,12.9,87,6.7781,114,58.9106,1,11,-3.7,1.027,0.1129683,0.9818433,5,22,11,20,42,540000
"2000-05-22 11:11:04.25",78926,100104,11.95,12.9,87,6.7778,114,58.9202,1,11,-3.2,0.779,0.1129633,0.9820033,5,22,11,20,45,230000
"2000-05-22 11:11:05",78927,100105,10.11,12.9,87,6.7764,114,58.9251,1,11,-3.4,0.663,0.11294,0.982085,5,22,11,20,47,950000
"2000-05-22 11:11:06",78928,100106,12.41,12.9,87,6.7753,114,58.9325,1,11,-3.7,0.808,0.1129217,0.9822083,5,22,11,20,50,720000
"2000-05-22 11:11:06.5",78929,100107,12.52,12.9,87,6.7747,114,58.9373,1,11,-3.7,0.816,0.1129117,0.9822884,5,22,11,20,53,360000
"2000-05-22 11:11:07.25",78930,100108,11.72,12.9,87,6.7736,114,58.9363,1,11,-3.9,0.765,0.1128933,0.9822716,5,22,11,20,56,310000
"2000-05-22 11:11:08.25",78931,100109,8.39,12.89,87,6.773,114,58.939,1,11,-4.6,0.553,0.1128833,0.9823167,5,22,11,20,59,160000
"2000-05-22 11:11:09.25",78932,100110,9.42,12.9,87,6.7719,114,58.9494,1,11,-4.5,0.619,0.112865,0.98249,5,22,11,21,2,90000
"2000-05-22 11:11:10.25",78933,100111,8.74,12.9,87,6.771,114,58.948,1,11,-3.8,0.575,0.11285,0.9824667,5,22,11,21,4,890000
"2000-05-22 11:11:11.25",78934,100112,9.48,12.89,87,6.7703,114,58.9521,1,11,-3.9,0.623,0.1128383,0.982535,5,22,11,21,7,550000
"2000-05-22 11:11:12",78935,100113,10.11,12.9,87,6.7698,114,58.9569,1,11,-4,0.663,0.11283,0.9826151,5,22,11,21,9,990000
"2000-05-22 11:11:12.75",78936,100114,9.19,12.89,87,6.7688,114,58.9583,1,11,-4.3,0.604,0.1128133,0.9826384,5,22,11,21,12,810000
"2000-05-22 11:11:13.5",78937,100115,8.28,12.9,87,6.7675,114,58.9688,1,11,-4.3,0.546,0.1127917,0.9828133,5,22,11,21,15,810000
"2000-05-22 11:11:14.25",78938,100116,5.064,12.9,87,6.7669,114,58.9782,1,11,-4.2,0.342,0.1127817,0.98297,5,22,11,21,18,630000
"2000-05-22 11:11:15.25",78939,100117,4.203,12.88,87,6.7663,114,58.9801,1,11,-5.2,0.288,0.1127717,0.9830016,5,22,11,21,22,460000
"2000-05-22 11:11:16.25",78940,100118,3.859,12.87,87,6.7655,114,58.9886,1,11,-5.1,0.266,0.1127583,0.9831434,5,22,11,21,25,650000
"2000-05-22 11:11:17.25",78941,100119,3.227,12.87,87,6.7647,114,58.9908,1,11,-5,0.226,0.112745,0.98318,5,22,11,21,28,460000
"2000-05-22 11:11:18.25",78942,100120,2.998,12.87,87,6.7636,114,59.0016,1,11,-5.3,0.211,0.1127267,0.98336,5,22,11,21,31,470000
"2000-05-22 11:11:19",78943,100121,2.768,12.88,87,6.7624,114,59.015,1,11,-5.2,0.197,0.1127067,0.9835833,5,22,11,21,34,600000
"2000-05-22 11:11:20.5",78944,100122,7.129,12.88,87,6.7612,114,59.0221,1,11,-4.9,0.473,0.1126867,0.9837016,5,22,11,21,37,710000
"2000-05-22 11:11:21.75",78945,100123,2.883,12.88,87,6.7605,114,59.0286,1,11,-4.6,0.204,0.112675,0.98381,5,22,11,21,40,670000
"2000-05-22 11:11:22.5",78946,100124,3.285,12.87,87,6.7594,114,59.0367,1,11,-4.4,0.229,0.1126567,0.983945,5,22,11,21,43,870000
"2000-05-22 11:11:23.5",78947,100125,6.441,12.88,87,6.7586,114,59.0439,1,11,-5.2,0.43,0.1126433,0.984065,5,22,11,21,47,110000
"2000-05-22 11:11:24.25",78948,100126,11.2,12.88,87,6.7575,114,59.0546,1,11,-4.2,0.732,0.112625,0.9842433,5,22,11,21,50,890000
"2000-05-22 11:11:25",78949,100127,15.79,12.88,87,6.7564,114,59.065,1,11,-4.1,1.023,0.1126067,0.9844167,5,22,11,21,55,210000
"2000-05-22 11:11:25.75",78950,100128,17.63,12.87,87,6.7556,114,59.0709,1,11,-4.4,1.14,0.1125933,0.984515,5,22,11,22,0,930000
"2000-05-22 11:11:27",78951,100129,17.8,12.88,87,6.7551,114,59.0663,1,11,-4.4,1.151,0.112585,0.9844383,5,22,11,22,5,740000
"2000-05-22 11:11:28",78952,100130,18.49,12.88,87,6.7544,114,59.0624,1,11,-4.1,1.194,0.1125733,0.9843733,5,22,11,22,10,580000
"2000-05-22 11:11:29",78953,100131,18.26,12.87,87,6.7535,114,59.071,1,11,-4,1.18,0.1125583,0.9845167,5,22,11,22,14,30000
"2000-05-22 11:11:29.75",78954,100132,12.92,12.87,87,6.7525,114,59.08,1,11,-3.7,0.841,0.1125417,0.9846667,5,22,11,22,17,50000
"2000-05-22 11:11:30.5",78955,100133,24.69,12.87,87,6.7515,114,59.0849,1,11,-3.4,1.587,0.112525,0.9847483,5,22,11,22,19,910000
"2000-05-22 11:11:31.75",78956,100134,12.41,12.87,87,6.7505,114,59.0985,1,11,-3.6,0.808,0.1125083,0.984975,5,22,11,22,22,990000
"2000-05-22 11:11:32.5",78957,100135,15.28,12.86,87,6.7497,114,59.1001,1,11,-4.7,0.99,0.112495,0.9850017,5,22,11,22,26,140000
"2000-05-22 11:11:33.25",78958,100136,14.53,12.87,87,6.749,114,59.1148,1,11,-4.8,0.943,0.1124833,0.9852467,5,22,11,22,29,500000
"2000-05-22 11:11:34",78959,100137,21.13,12.87,87,6.7476,114,59.1199,1,11,-5.1,1.362,0.11246,0.9853317,5,22,11,22,32,890000
"2000-05-22 11:11:34.75",78960,100138,20.21,12.87,87,6.7468,114,59.1187,1,11,-4.4,1.303,0.1124467,0.9853116,5,22,11,22,35,860000
"2000-05-22 11:11:35.75",78961,100139,16.14,12.87,87,6.746,114,59.1203,1,11,-4.3,1.045,0.1124333,0.9853383,5,22,11,22,39,90000
"2000-05-22 11:11:36.75",78962,100140,26.98,12.87,87,6.7453,114,59.1265,1,11,-4.7,1.733,0.1124217,0.9854416,5,22,11,22,43,110000
"2000-05-22 11:11:37.5",78963,100141,20.67,12.87,87,6.7447,114,59.1274,1,11,-4.4,1.333,0.1124117,0.9854566,5,22,11,22,46,480000
"2000-05-22 11:11:38.75",78964,100142,23.43,12.86,87,6.7432,114,59.1281,1,11,-4.2,1.507,0.1123867,0.9854683,5,22,11,22,51,360000
"2000-05-22 11:11:39.5",78965,100143,18.43,12.87,87,6.7422,114,59.133,1,11,-4.8,1.191,0.11237,0.98555,5,22,11,22,55,20000
"2000-05-22 11:11:40.25",78966,100144,22.56,12.87,87,6.741,114,59.1535,1,11,-5.7,1.453,0.11235,0.9858916,5,22,11,22,58,640000
"2000-05-22 11:11:41.25",78967,100145,12.01,12.86,87,6.74,114,59.1517,1,11,-5.9,0.783,0.1123333,0.9858617,5,22,11,23,2,80000
"2000-05-22 11:11:42",78968,100146,10.23,12.86,87,6.739,114,59.1652,1,11,-5.6,0.67,0.1123167,0.9860867,5,22,11,23,5,650000
"2000-05-22 11:11:42.75",78969,100147,16.08,12.86,87,6.7381,114,59.1701,1,11,-6,1.041,0.1123017,0.9861683,5,22,11,23,9,80000
"2000-05-22 11:11:44",78970,100148,24.8,12.86,87,6.7371,114,59.1795,1,11,-5.2,1.595,0.112285,0.986325,5,22,11,23,13,250000
"2000-05-22 11:11:44.75",78971,100149,20.44,12.86,87,6.7368,114,59.1862,1,11,-4.8,1.318,0.11228,0.9864367,5,22,11,23,17,80000
"2000-05-22 11:11:45.5",78972,100150,21.53,12.86,87,6.7358,114,59.1892,1,11,-5.1,1.387,0.1122633,0.9864867,5,22,11,23,20,690000
"2000-05-22 11:11:46.75",78973,100151,17.8,12.85,87,6.7349,114,59.1949,1,11,-5,1.151,0.1122483,0.9865817,5,22,11,23,24,290000
"2000-05-22 11:11:47.5",78974,100152,19.41,12.86,87,6.7336,114,59.2035,1,11,-4.8,1.252,0.1122267,0.986725,5,22,11,23,28,390000
"2000-05-22 11:11:48.25",78975,100153,28.07,12.86,87,6.7331,114,59.2012,1,11,-5.4,1.802,0.1122183,0.9866866,5,22,11,23,33,520000
"2000-05-22 11:11:49",78976,100154,24.23,12.86,87,6.7319,114,59.2071,1,11,-4.9,1.558,0.1121983,0.986785,5,22,11,23,37,990000
"2000-05-22 11:11:49.75",78977,100155,41.62,12.85,87,6.7311,114,59.2153,1,11,-4.5,2.661,0.112185,0.9869217,5,22,11,23,53,790000
"2000-05-22 11:11:50.5",78978,100156,29.28,12.86,87,6.7305,114,59.2096,1,11,-4.4,1.879,0.112175,0.9868267,5,22,11,23,57,890000
"2000-05-22 11:11:51.25",78979,100157,15.85,12.85,87,6.7296,114,59.2265,1,11,-3.9,1.027,0.11216,0.9871083,5,22,11,24,9,370000
"2000-05-22 11:11:52",78980,100158,55.9,12.85,87,6.7287,114,59.2058,1,11,-3.3,3.568,0.112145,0.9867633,5,22,11,24,15,190000
"2000-05-22 11:11:52.75",78981,100159,56.82,12.85,87,6.7278,114,59.21,1,11,-3.4,3.626,0.11213,0.9868333,5,22,11,24,20,560000
"2000-05-22 11:11:53.5",78982,100160,14.47,12.84,87,6.7271,114,59.2165,1,11,-2.8,0.939,0.1121183,0.9869416,5,22,11,24,25,140000
"2000-05-22 11:11:54.25",78983,100161,10.92,12.85,87,6.727,114,59.2144,1,11,-2.8,0.714,0.1121167,0.9869067,5,22,11,24,29,260000
"2000-05-22 11:11:55",78984,100162,10.69,12.84,87,6.7272,114,59.211,1,11,-2.7,0.699,0.11212,0.98685,5,22,11,24,30,100000
"2000-05-22 11:11:57",78985,100163,19.47,12.83,87,6.7265,114,59.2306,1,10,-3.6,1.256,0.1121083,0.9871767,5,22,11,25,7,790000
"2000-05-22 11:11:58",78986,100164,16.54,12.83,87,6.7261,114,59.2289,1,10,-3.8,1.07,0.1121017,0.9871483,5,22,11,25,11,310000
"2000-05-22 11:11:59",78987,100165,17,12.82,87,6.7248,114,59.2273,1,10,-3.6,1.1,0.11208,0.9871216,5,22,11,25,14,960000
"2000-05-22 11:12:00",78988,100166,28.59,12.83,87,6.7241,114,59.2205,1,10,-3.2,1.835,0.1120683,0.9870083,5,22,11,25,19,520000
"2000-05-22 11:12:01",78989,100167,48.56,12.83,87,6.723,114,59.2428,1,10,-3.2,3.102,0.11205,0.98738,5,22,11,25,25,30000
"2000-05-22 11:12:01.75",78990,100168,50.51,12.83,87,6.7225,114,59.2401,1,10,-3.1,3.226,0.1120417,0.987335,5,22,11,25,29,490000
"2000-05-22 11:12:03.25",78991,100169,47.7,12.83,87,6.7223,114,59.2302,1,10,-3.7,3.048,0.1120383,0.98717,5,22,11,25,32,130000
"2000-05-22 11:12:12",78992,100170,4.72,12.83,87,6.7221,114,59.2294,1,10,-3.8,0.32,0.112035,0.9871567,5,22,11,25,33,310000
"2000-05-22 11:12:13",78993,100171,123.6,12.81,87,6.7224,114,59.1995,1,10,-2.8,7.865,0.11204,0.9866583,5,22,11,27,15,120000
"2000-05-22 11:12:14",78994,100172,123.6,12.81,87,6.7224,114,59.1993,1,10,-2.9,7.865,0.11204,0.986655,5,22,11,27,16,750000
"2000-05-22 11:12:15",78995,100173,31.8,12.81,87,6.7225,114,59.1963,1,10,-2.7,2.039,0.1120417,0.986605,5,22,11,27,23,690000
"2000-05-22 11:12:15.75",78996,100174,34.44,12.81,87,6.7225,114,59.1896,1,10,-2.8,2.206,0.1120417,0.9864933,5,22,11,27,41,360000
"2000-05-22 11:12:16.75",78997,100175,17.69,12.81,87,6.7211,114,59.1962,1,10,-3,1.143,0.1120183,0.9866034,5,22,11,27,45,530000
"2000-05-22 11:12:17.5",78998,100176,11.84,12.81,87,6.7213,114,59.219,1,10,-3,0.772,0.1120217,0.9869834,5,22,11,27,51,560000
"2000-05-22 11:12:18.75",78999,100177,13.9,12.8,87,6.7215,114,59.2418,1,10,-3.1,0.903,0.112025,0.9873633,5,22,11,27,54,730000
"2000-05-22 11:12:20",79000,100178,28.71,12.8,87,6.7208,114,59.2606,1,10,-3,1.842,0.1120133,0.9876767,5,22,11,27,58,440000
"2000-05-22 11:12:21",79001,100179,15.85,12.8,87,6.721,114,59.2856,1,10,-3.4,1.027,0.1120167,0.9880933,5,22,11,28,2,150000
"2000-05-22 11:12:22",79002,100180,14.82,12.8,87,6.7217,114,59.3071,1,10,-3.3,0.961,0.1120283,0.9884517,5,22,11,28,5,990000
"2000-05-22 11:12:22.75",79003,100181,35.08,12.8,87,6.7221,114,59.3276,1,10,-4.1,2.247,0.112035,0.9887933,5,22,11,28,9,700000
"2000-05-22 11:12:23.75",79004,100182,22.39,12.79,87,6.7224,114,59.3494,1,10,-3.6,1.442,0.11204,0.9891567,5,22,11,28,13,180000
"2000-05-22 11:12:24.5",79005,100183,13.67,12.8,87,6.7225,114,59.3678,1,10,-3.9,0.888,0.1120417,0.9894634,5,22,11,28,16,610000
"2000-05-22 11:12:25.5",79006,100184,21.7,12.8,87,6.7227,114,59.3967,1,10,-3.6,1.398,0.112045,0.9899451,5,22,11,28,21,850000
"2000-05-22 11:12:26.5",79007,100185,25.72,12.8,87,6.7227,114,59.3971,1,10,-3.6,1.653,0.112045,0.9899517,5,22,11,28,27,360000
"2000-05-22 11:12:27.5",79008,100186,12.52,12.8,87,6.7229,114,59.4149,1,10,-3.6,0.816,0.1120483,0.9902484,5,22,11,28,31,320000
"2000-05-22 11:12:28.25",79009,100187,28.59,12.79,87,6.723,114,59.4402,1,10,-3.6,1.835,0.11205,0.99067,5,22,11,28,36,360000
"2000-05-22 11:12:29",79010,100188,19.12,12.79,87,6.7235,114,59.4601,1,10,-4.1,1.234,0.1120583,0.9910017,5,22,11,28,43,600000
"2000-05-22 11:12:30",79011,100189,22.05,12.79,87,6.7239,114,59.4766,1,10,-4.1,1.42,0.112065,0.9912767,5,22,11,28,48,300000
"2000-05-22 11:12:31.5",79012,100190,15.39,12.79,87,6.7247,114,59.4876,1,10,-3.9,0.998,0.1120783,0.99146,5,22,11,28,53,810000
"2000-05-22 11:12:32.5",79013,100191,11.15,12.79,87,6.725,114,59.495,1,10,-3,0.728,0.1120833,0.9915833,5,22,11,28,58,470000
"2000-05-22 11:12:33.25",79014,100192,5.351,12.79,87,6.7263,114,59.5252,1,10,-4.5,0.36,0.112105,0.9920866,5,22,11,29,18,40000
"2000-05-22 11:12:34",79015,100193,19.52,12.79,87,6.7268,114,59.5356,1,10,-5,1.26,0.1121133,0.99226,5,22,11,29,25,880000
"2000-05-22 11:12:34.75",79016,100194,25.95,12.78,87,6.7274,114,59.5426,1,10,-3.5,1.668,0.1121233,0.9923766,5,22,11,29,36,570000
"2000-05-22 11:12:35.5",79017,100195,26.07,12.79,87,6.7288,114,59.5567,1,10,-3.7,1.675,0.1121467,0.9926117,5,22,11,29,41,510000
"2000-05-22 11:12:36.5",79018,100196,18.15,12.79,87,6.7295,114,59.5612,1,10,-3.9,1.172,0.1121583,0.9926866,5,22,11,29,53,680000
"2000-05-22 11:12:37.25",79019,100197,19.41,12.78,87,6.7307,114,59.5696,1,10,-5.9,1.253,0.1121783,0.9928266,5,22,11,29,58,680000
"2000-05-22 11:12:38.25",79020,100198,57.86,12.77,87,6.7316,114,59.5817,1,10,-5.5,3.692,0.1121933,0.9930283,5,22,11,30,3,910000
"2000-05-22 11:12:39.5",79021,100199,53.84,12.78,87,6.7321,114,59.5852,1,10,-5.3,3.437,0.1122017,0.9930867,5,22,11,30,7,810000
"2000-05-22 11:12:40.5",79022,100200,55.73,12.77,87,6.7331,114,59.5919,1,10,-4.9,3.557,0.1122183,0.9931983,5,22,11,30,11,900000
"2000-05-22 11:12:41.25",79023,100201,42.13,12.77,87,6.7345,114,59.5868,1,9,-4.7,2.694,0.1122417,0.9931133,5,22,11,30,24,290000
"2000-05-22 11:12:42",79024,100202,31.12,12.77,87,6.7358,114,59.5885,1,9,-5.4,1.995,0.1122633,0.9931417,5,22,11,30,28,540000
"2000-05-22 11:12:42.75",79025,100203,23.71,12.77,87,6.737,114,59.5974,1,8,-5.2,1.526,0.1122833,0.99329,5,22,11,30,33,60000
"2000-05-22 11:12:43.5",79026,100204,38.92,12.77,87,6.7378,114,59.5997,1,9,-5.3,2.49,0.1122967,0.9933283,5,22,11,30,37,310000
"2000-05-22 11:12:44.25",79027,100205,46.32,12.77,87,6.7393,114,59.6098,1,8,-5.3,2.96,0.1123217,0.9934967,5,22,11,30,42,430000
"2000-05-22 11:12:45",79028,100206,52.69,12.77,87,6.7413,114,59.6259,1,10,-5,3.364,0.112355,0.993765,5,22,11,30,47,270000
"2000-05-22 11:12:45.75",79029,100207,48.68,12.77,87,6.7428,114,59.636,1,10,-5.8,3.109,0.11238,0.9939334,5,22,11,30,52,840000
"2000-05-22 11:12:46.5",79030,100208,45.46,12.76,87,6.7434,114,59.6527,1,10,-7.4,2.906,0.11239,0.9942116,5,22,11,30,57,620000
"2000-05-22 11:12:47.25",79031,100209,21.99,12.77,87,6.7447,114,59.6732,1,10,-7.1,1.416,0.1124117,0.9945533,5,22,11,31,1,970000
"2000-05-22 11:12:48.25",79032,100210,25.89,12.76,87,6.7455,114,59.6885,1,9,-6.5,1.664,0.112425,0.9948083,5,22,11,31,8,280000
"2000-05-22 11:12:49",79033,100211,30.2,12.76,87,6.7459,114,59.7121,1,10,-6.5,1.937,0.1124317,0.9952017,5,22,11,31,12,310000
"2000-05-22 11:12:49.75",79034,100212,18.61,12.76,87,6.7474,114,59.7649,1,10,-6.3,1.202,0.1124567,0.9960817,5,22,11,31,16,640000
"2000-05-22 11:12:50.5",79035,100213,24.57,12.76,87,6.7483,114,59.7893,1,10,-6.6,1.58,0.1124717,0.9964883,5,22,11,31,21,0
"2000-05-22 11:12:51.25",79036,100214,42.71,12.76,87,6.7485,114,59.8047,1,10,-6.1,2.731,0.112475,0.996745,5,22,11,31,26,190000
"2000-05-22 11:12:52.25",79037,100215,30.66,12.76,87,6.7481,114,59.8368,1,10,-5.2,1.966,0.1124683,0.99728,5,22,11,31,30,790000
"2000-05-22 11:12:53.25",79038,100216,27.67,12.76,87,6.7489,114,59.8513,1,10,-5.5,1.777,0.1124817,0.9975216,5,22,11,31,39,690000
"2000-05-22 11:12:54",79039,100217,23.08,12.76,87,6.7494,114,59.8675,1,10,-5.6,1.486,0.11249,0.9977916,5,22,11,31,43,690000
"2000-05-22 11:12:55",79040,100218,29.34,12.76,87,6.7494,114,59.8817,1,10,-5,1.882,0.11249,0.9980283,5,22,11,31,49,320000
"2000-05-22 11:12:55.75",79041,100219,40.53,12.76,87,6.7495,114,59.9001,1,10,-5.1,2.592,0.1124917,0.998335,5,22,11,31,53,940000
"2000-05-22 11:12:56.5",79042,100220,13.79,12.76,87,6.7511,114,59.939,1,10,-4.2,0.896,0.1125183,0.9989833,5,22,11,31,59,630000
"2000-05-22 11:12:57.25",79043,100221,29.45,12.76,87,6.7515,114,59.9602,1,9,-4.2,1.89,0.112525,0.9993367,5,22,11,32,5,580000
"2000-05-22 11:12:58",79044,100222,21.13,12.75,87,6.7527,114,59.9558,1,9,-3.6,1.362,0.112545,0.9992633,5,22,11,32,16,90000
"2000-05-22 11:12:59",79045,100223,25.61,12.75,87,6.7539,114,59.9808,1,10,-2.5,1.646,0.112565,0.99968,5,22,11,32,21,190000
"2000-05-22 11:13:00",79046,100224,18.72,12.76,87,6.7556,114,59.9807,1,10,-1.6,1.209,0.1125933,0.9996784,5,22,11,32,26,620000
"2000-05-22 11:13:01",79047,100225,13.67,12.74,87,6.7558,114,59.9694,1,10,-2.6,0.888,0.1125967,0.99949,5,22,11,32,38,180000
"2000-05-22 11:13:01.75",79048,100226,22.85,12.75,87,6.7574,114,59.9476,1,10,-2.9,1.471,0.1126233,0.9991267,5,22,11,32,42,740000
"2000-05-22 11:13:02.5",79049,100227,25.38,12.75,87,6.7583,114,59.9237,1,10,-3.2,1.631,0.1126383,0.9987283,5,22,11,32,49,500000
"2000-05-22 11:13:03.5",79050,100228,18.84,12.74,87,6.7594,114,59.9156,1,10,-4.3,1.216,0.1126567,0.9985933,5,22,11,32,53,300000
"2000-05-22 11:13:04.5",79051,100229,20.96,12.74,87,6.7596,114,59.9092,1,10,-4.3,1.351,0.11266,0.9984866,5,22,11,32,56,230000
"2000-05-22 11:13:05.5",79052,100230,20.56,12.74,87,6.7602,114,59.893,1,10,-4.7,1.325,0.11267,0.9982167,5,22,11,33,1,10000
"2000-05-22 11:13:06.5",79053,100231,21.48,12.74,87,6.7617,114,59.8681,1,10,-5,1.384,0.112695,0.9978017,5,22,11,33,5,550000
"2000-05-22 11:13:07.25",79054,100232,15.97,12.74,87,6.7648,114,59.8089,1,10,-6.6,1.034,0.1127467,0.996815,5,22,11,34,1,270000
"2000-05-22 11:13:08.25",79055,100233,19.52,12.73,87,6.7653,114,59.7828,1,10,-7.4,1.26,0.112755,0.99638,5,22,11,34,4,800000
"2000-05-22 11:13:09.25",79056,100234,11.66,12.73,87,6.7656,114,59.7715,1,10,-7.8,0.761,0.11276,0.9961917,5,22,11,34,8,440000
"2000-05-22 11:13:10.25",79057,100235,16.02,12.73,87,6.7664,114,59.7456,1,10,-8.4,1.038,0.1127733,0.99576,5,22,11,34,12,60000
"2000-05-22 11:13:11",79058,100236,17.46,12.72,87,6.7663,114,59.7302,1,10,-9,1.129,0.1127717,0.9955034,5,22,11,34,17,680000
"2000-05-22 11:13:11.75",79059,100237,11.49,12.73,87,6.7665,114,59.7134,1,10,-9.2,0.75,0.112775,0.9952233,5,22,11,34,21,120000
"2000-05-22 11:13:12.75",79060,100238,9.71,12.73,87,6.7671,114,59.685,1,10,-9.5,0.637,0.112785,0.99475,5,22,11,34,25,270000
"2000-05-22 11:13:13.75",79061,100239,10.92,12.73,87,6.768,114,59.6626,1,9,-10.7,0.714,0.1128,0.9943767,5,22,11,34,28,740000
"2000-05-22 11:13:14.5",79062,100240,10.11,12.72,87,6.7683,114,59.6393,1,9,-11.7,0.663,0.112805,0.9939883,5,22,11,34,31,970000
"2000-05-22 11:13:15.25",79063,100241,9.02,12.73,87,6.7693,114,59.6147,1,9,-11.5,0.593,0.1128217,0.9935783,5,22,11,34,35,930000
"2000-05-22 11:13:16.5",79064,100242,4.72,12.73,87,6.7699,114,59.6269,1,9,-10.9,0.32,0.1128317,0.9937817,5,22,11,34,39,350000
"2000-05-22 11:13:17.25",79065,100243,3.916,12.72,87,6.7714,114,59.6032,1,9,-11.6,0.269,0.1128567,0.9933866,5,22,11,34,43,720000
"2000-05-22 11:13:18",79066,100244,4.318,12.73,87,6.7732,114,59.5606,1,9,-11.5,0.295,0.1128867,0.9926767,5,22,11,34,48,760000
"2000-05-22 11:13:19",79067,100245,2.883,12.72,87,6.7741,114,59.5375,1,9,-10.5,0.204,0.1129017,0.9922916,5,22,11,34,55,60000
"2000-05-22 11:13:20.25",79068,100246,3.457,12.72,87,6.774,114,59.5121,1,10,-9.9,0.24,0.1129,0.9918683,5,22,11,35,6,90000
"2000-05-22 11:13:21.25",79069,100247,5.064,12.72,87,6.7741,114,59.4983,1,10,-10.2,0.342,0.1129017,0.9916383,5,22,11,35,10,430000
"2000-05-22 11:13:22",79070,100248,4.949,12.72,87,6.7745,114,59.4739,1,10,-10.4,0.335,0.1129083,0.9912317,5,22,11,35,15,990000
"2000-05-22 11:13:22.75",79071,100249,4.146,12.72,87,6.7748,114,59.4444,1,10,-10.2,0.284,0.1129133,0.99074,5,22,11,35,22,730000
"2000-05-22 11:13:23.5",79072,100250,4.031,12.72,87,6.7738,114,59.4016,1,10,-10.2,0.277,0.1128967,0.9900267,5,22,11,35,30,760000
"2000-05-22 11:13:24.25",79073,100251,4.548,12.72,87,6.773,114,59.3707,1,10,-9.5,0.309,0.1128833,0.9895117,5,22,11,35,50,710000
"2000-05-22 11:13:25",79074,100252,4.261,12.72,87,6.7718,114,59.3748,1,10,-9.7,0.291,0.1128633,0.98958,5,22,11,35,54,80000
"2000-05-22 11:13:25.75",79075,100253,17.57,12.72,87,6.7705,114,59.3739,1,10,-9.5,1.136,0.1128417,0.989565,5,22,11,35,57,760000
"2000-05-22 11:13:26.5",79076,100254,18.26,12.71,87,6.7697,114,59.3792,1,10,-10,1.18,0.1128283,0.9896533,5,22,11,36,1,220000
"2000-05-22 11:13:27.75",79077,100255,22.22,12.72,87,6.7685,114,59.3842,1,10,-10,1.431,0.1128083,0.9897367,5,22,11,36,5,230000
"2000-05-22 11:13:28.75",79078,100256,10.8,12.72,87,6.7677,114,59.3891,1,10,-10,0.706,0.112795,0.9898183,5,22,11,36,8,690000
"2000-05-22 11:13:29.5",79079,100257,11.15,12.71,87,6.7671,114,59.3858,1,10,-10.1,0.728,0.112785,0.9897633,5,22,11,36,12,90000
"2000-05-22 11:13:30.25",79080,100258,11.15,12.71,87,6.7655,114,59.3692,1,10,-9.8,0.728,0.1127583,0.9894867,5,22,11,36,15,810000
"2000-05-22 11:13:31",79081,100259,10.46,12.71,87,6.7664,114,59.2806,1,10,-6.5,0.685,0.1127733,0.98801,5,22,11,37,3,130000
"2000-05-22 13:27:54.75",79082,100001,1.734,12.62,87,6.5004,115,5.4313,1,3,"NAN",0.131,0.10834,0.09052167,5,22,13,39,23,690000
"2000-05-22 16:56:24",79083,100002,-0.215,12.61,87,6.5022,115,5.4283,1,3,"NAN",0.007,0.10837,0.09047166,5,22,16,56,24,630000
"2000-05-22 16:56:24.25",79084,100003,81.8,12.61,87,6.5291,115,5.1588,1,6,-16.4,5.213,0.1088183,0.08598001,5,22,16,56,32,660000
"2000-05-22 16:56:25.25",79085,100004,-0.101,12.61,87,6.5286,115,5.1763,1,7,-13.2,0.015,0.10881,0.08627167,5,22,16,56,36,610000
"2000-05-22 16:56:26",79086,100005,-0.215,12.61,87,6.5288,115,5.1608,1,5,-10.7,0.007,0.1088133,0.08601333,5,22,16,56,55,840000
"2000-05-22 16:56:27.25",79087,100006,-0.33,12.65,87,6.5279,115,5.3246,1,3,"NAN",0,0.1087983,0.08874334,5,22,16,58,38,140000
"2000-05-22 16:56:28",79088,100007,-0.33,12.66,87,6.5285,115,4.8221,1,1,"NAN",0,0.1088083,0.08036833,5,22,17,0,5,630000
"2000-05-22 17:00:42.75",79089,100001,7.465,13.65,87,7.8938,114,45.1483,1,8,1,0.495,0.1315633,0.7524717,5,23,7,51,12,120000
